0.184263654	0.392368861	1	0.444362459	0.468010871
0.182802494	0.403443965	0.724319167	0.408319896	0.401940417
0.093671437	0.415767511	0.699284203	0.354211746	0.440794585
0.287631339	0.413814343	0.586816262	0.413266191	0.366315197
0.160034535	0.381763923	0.594489877	0.360957592	0.453264178
0.192234567	0.370465582	0.869670273	0.401375901	0.413359288
0.233805725	0.397648095	0.598643552	0.438196297	0.434361672
0.170433357	0.461642519	0.707314921	0.404330928	0.377986973
0.136111496	0.463461257	0.680885856	0.360539356	0.431432983
0.166166949	0.427669743	0.834250877	0.474473931	0.46234709
0.13190501	0.458163149	0.51268651	0.387471119	0.447983979
0.170281775	0.403795805	0.680709309	0.362179731	0.447450933
0.012384118	0.436595343	0.854346652	0.461530547	0.49783588
0.116158215	0.467454021	0.709098626	0.372284463	0.551995945
0.12327716	0.48184892	0.665296413	0.505409444	0.456218992
0.159134308	0.453349172	0.770225507	0.395667793	0.494621565
0.251533982	0.467304973	0.723717812	0.417511293	0.464898197
0.095464069	0.434002966	0.867553905	0.474052784	0.441319965
0.1687224	0.401628025	0.917865482	0.363989583	0.353589832
0.133254545	0.416264435	0.798862022	0.443189185	0.460612654
0.161638904	0.453618996	0.612110331	0.415010206	0.420659095
0.27811044	0.367517139	0.52465711	0.351233562	0.409677592
0.129494186	0.406085158	0.825440145	0.435655488	0.441244755
0.15824962	0.439380422	0.956970957	0.466019077	0.495544621
0.156428745	0.427305322	0.882041532	0.417982621	0.4513519
0.156412626	0.507807738	0.535117055	0.405156812	0.443686352
0.194115856	0.434011946	0.508660841	0.400738631	0.410870357
0.178503754	0.430213492	0.554078975	0.368742499	0.481779675
0.157897211	0.344508306	0.578861973	0.302934667	0.423154617
0.145285944	0.441132784	0.960183934	0.414038132	0.489482066
0.117918083	0.449749184	0.756455004	0.385104394	0.515106231
0.205853314	0.428781789	0.5812282	0.435814655	0.455855756
0.22331336	0.465761334	0.598726549	0.346743529	0.392343867
0.129703448	0.497532662	0.848609612	0.386305333	0.421780865
0.169638097	0.39985641	0.615721828	0.439388951	0.45396193
0.10011763	0.468775518	0.973762305	0.404200287	0.493470279
0.181848457	0.39652224	0.527121391	0.460092586	0.415631667
0.155375825	0.474692333	0.696318126	0.424684434	0.530019625
0.184817743	0.441730654	0.986930785	0.424608726	0.431071066
0.217240497	0.42359171	0.962927352	0.516702497	0.487465882
0.157675137	0.471051587	0.513615517	0.437590066	0.44877425
0.199106477	0.436626074	0.996506375	0.396533193	0.468098033
0.15095555	0.390894379	0.553154236	0.362317378	0.416594432
0.15371988	0.432812139	0.760796021	0.379767862	0.459613501
0.210881041	0.509251638	0.591995095	0.444204579	0.442085081
0.05333826	0.447008271	0.680599027	0.422652789	0.427494653
0.19726542	0.396414004	0.877252808	0.39060981	0.433120859
0.18746577	0.463537318	0.758679263	0.348125645	0.426535837
0.147801153	0.509948675	0.583057975	0.501756061	0.348862252
0.16506919	0.566686493	0.661938646	0.422002924	0.416981243
0.208466071	0.406330811	0.951336012	0.399250493	0.394851338
0.128997163	0.538908577	0.809095813	0.431225052	0.451813509
0.193773949	0.339664309	0.742864615	0.37188552	0.43520237
0.166906068	0.440011176	0.767980612	0.38518198	0.438418642
0.345458695	0.433678013	0.846262511	0.415385233	0.467316054
0.146048097	0.401587151	0.606683648	0.427903079	0.464998733
0.182359392	0.442117352	0.927843317	0.473172021	0.36808547
0.173905678	0.392708076	0.61994425	0.392886435	0.435635729
0.181485902	0.487435803	0.731924201	0.409641646	0.399892157
0.101099494	0.420032699	0.927576396	0.349180956	0.514639858
0.000978841	0.386271412	0.849057688	0.380367683	0.434181495
0.172335696	0.497399469	0.739924401	0.414048402	0.449128509
0.224369637	0.393697885	0.511825503	0.460794213	0.426345893
0.05370691	0.44969395	0.907732244	0.463480003	0.461599399
0.227303059	0.434871127	0.620380868	0.338400505	0.518605984
0	0.435633557	0.874285865	0.378740139	0.412791828
0.198334551	0.406133333	0.859186131	0.447567714	0.368908081
0.064793799	0.366753374	0.853219734	0.410728124	0.46033074
0.263920694	0.413249941	0.768113183	0.38036016	0.426009556
0.152157001	0.469132564	0.87644934	0.395401513	0.362064136
0.243425264	0.537775295	0.731352566	0.408948687	0.528703991
0.104572503	0.421468437	0.735041202	0.406815925	0.467360811
0.21181706	0.35580226	0.637247429	0.437414716	0.408823676
0.186222534	0.422238055	0.587896053	0.438263315	0.36846697
0.193554034	0.447772975	0.823697857	0.442813276	0.453523427
0.180234462	0.43616609	0.97015889	0.399162709	0.467776617
0.083772443	0.491463284	0.538253711	0.427296601	0.405848277
0.334882338	0.436590416	0.807349013	0.372335168	0.505347666
0.218655577	0.443287435	0.783725154	0.364890905	0.452637747
0.183079705	0.403934258	0.511089792	0.442796103	0.369353
0.076089565	0.436739851	0.989976768	0.364224589	0.440112298
0.157111217	0.509755955	0.898938471	0.364321936	0.448346374
0.168597141	0.442532833	0.648479424	0.438480152	0.413554123
0.251426057	0.432629835	0.90524236	0.448825525	0.410705167
0.139865364	0.439354687	0.661062464	0.427512847	0.506732409
0.174006261	0.484732582	0.68490854	0.397505294	0.468782582
0.188200683	0.424700583	0.656697738	0.391927576	0.457797574
0.116956804	0.433693123	0.686902947	0.388117738	0.465329899
0.216579086	0.467628208	0.557337041	0.399015446	0.396166281
0.111549171	0.426859896	0.8912048	0.430363562	0.411201563
0.076227573	0.453897783	0.80445617	0.451316354	0.388594839
0.197155781	0.406080681	0.856164355	0.368264809	0.361812947
0.248822589	0.503537076	0.850573779	0.436172154	0.471834277
0.168341874	0.494077323	0.609587989	0.371397597	0.440230768
0.095953026	0.483651483	0.537560166	0.411284252	0.438219255
0.102659857	0.359781911	0.810573598	0.402110962	0.495681633
0.195608252	0.429179776	0.601174436	0.409548632	0.382114019
0.172778717	0.474590335	0.929728093	0.48122816	0.38044848
0.121671403	0.421126837	0.760194727	0.459484098	0.439985535
0.161475612	0.540017825	0.690811016	0.435046453	0.327434622
0.150536349	0.428256658	0.697560421	0.439196992	0.365517929
0.225856198	0.330525078	0.503380942	0.435870489	0.383297883
0.078796074	0.388844302	0.799158369	0.477481896	0.425380532
0.092388378	0.518746272	0.746910864	0.446995797	0.390834891
0.255874499	0.433048482	0.733747953	0.426420268	0.41080153
0.17127205	0.439989883	0.980012613	0.379960922	0.462128118
0.150361564	0.458757988	0.964558101	0.425719704	0.472068202
0.121477127	0.450177262	0.998289077	0.317358202	0.402720316
0.201782196	0.482015366	0.774909579	0.469768769	0.342686154
0.193583346	0.463713936	0.885383333	0.423579256	0.386065069
0.150706028	0.440874687	0.764938525	0.294068307	0.42823949
0.231390737	0.473957821	0.569645425	0.372525178	0.460480309
0.214712859	0.332141788	0.612657581	0.424254466	0.433219292
0.14646265	0.368759372	0.776914461	0.392186464	0.468336525
0.208049802	0.361969223	0.792963679	0.413345093	0.424849151
0.182463908	0.400690784	0.577335755	0.447205342	0.460096888
0.22337604	0.459251146	0.515442484	0.464626817	0.400826123
0.181735746	0.504832767	0.874643819	0.402688284	0.487688575
0.129249765	0.39162247	0.680597101	0.31014247	0.404204148
0.162572326	0.394332194	0.571558613	0.397023154	0.36436607
0.183196227	0.527543471	0.727979713	0.488737317	0.481698818
0.199816686	0.38526515	0.699034593	0.424321667	0.451901051
0.083049302	0.381220093	0.696768309	0.444695483	0.366588746
0.193265962	0.402425772	0.692117057	0.467486019	0.436449977
0.194754889	0.431809556	0.82318912	0.414208256	0.415425827
0.206343127	0.467174508	0.855075865	0.402914316	0.48556115
0.122027109	0.4373525	0.640138015	0.373119988	0.378108096
0.129086381	0.382016647	0.993505524	0.438064563	0.458893905
0.192661154	0.468377866	0.650838997	0.433839257	0.401519355
0.146869974	0.397760129	0.731394256	0.449243319	0.513187751
0.094940815	0.410623092	0.946344459	0.441728275	0.379891731
0.211747393	0.38638255	0.944996941	0.352267885	0.446474988
0.089967965	0.420453859	0.635308316	0.347517083	0.468274682
0.303204409	0.358051341	0.670929356	0.34873408	0.510218304
0.126051895	0.447429243	0.5398716	0.407611195	0.426703223
0.164734505	0.396988937	0.761468122	0.415909776	0.411271746
0.169837016	0.41906931	0.977278917	0.414500393	0.416484131
0.18282214	0.417173945	0.756386608	0.405654478	0.417879292
0.207290962	0.368288222	0.832296121	0.341791956	0.396909241
0.232305806	0.459206322	0.883041683	0.488616262	0.511147232
0.230444902	0.412353402	0.620576399	0.446844848	0.420345202
0.250004377	0.44991162	0.868251109	0.378033412	0.49844439
0.107242667	0.430542258	0.512331737	0.40650632	0.437061697
0.187210921	0.467424445	0.728882728	0.318902329	0.508915711
0.179634189	0.419506372	0.867021839	0.406659622	0.365755969
0.192125559	0.333088589	0.796617588	0.315410523	0.472262386
0.175133586	0.389617102	0.694017557	0.424539643	0.466714768
0.302484155	0.474399367	0.548751243	0.395804279	0.414300581
0.025647682	0.437580051	0.766348718	0.404111863	0.447889172
0.184039026	0.435933665	0.855460015	0.470461515	0.467533149
0.071398899	0.445431931	0.770823148	0.411954254	0.421584016
0.178209349	0.487266922	0.67954172	0.394031267	0.422888429
0.137665882	0.470030982	0.606571547	0.433204102	0.447975192
0.355766952	0.449735182	0.554109576	0.534702699	0.43922139
0.160686943	0.451469289	0.719716507	0.36486271	0.484680086
0.170556653	0.446597812	0.819058332	0.44552988	0.411512032
0.178851797	0.404544618	0.949081385	0.435971781	0.425446841
0.096252885	0.404731058	0.563635613	0.50391804	0.473975318
0.105426496	0.414297906	0.840754097	0.329607916	0.402728895
0.180059456	0.487519825	0.987075659	0.468756176	0.385259735
0.136186638	0.506251325	0.65953348	0.409338264	0.458892262
0.146382801	0.407437897	0.727571404	0.505980187	0.446198408
0.185005983	0.492806946	0.542870632	0.474535548	0.511482479
0.20304978	0.420612075	0.864198069	0.395558561	0.487273022
0.190396971	0.382853219	0.856031035	0.497488715	0.417040419
0.263968927	0.503908318	0.766263863	0.457266403	0.514859883
0.281821227	0.363010761	0.859817	0.365043216	0.428219426
0.210590927	0.340604019	0.765336808	0.459902782	0.393778645
0.164267957	0.34301603	0.545500874	0.342102288	0.385124843
0.200522658	0.414336099	0.828354639	0.432924831	0.433427148
0.160263197	0.403564902	0.854290953	0.450938033	0.425528212
0.245503842	0.406675579	0.711229342	0.457583748	0.413327208
0.109003739	0.345800723	0.614144537	0.376532585	0.409034962
0.081613128	0.440776778	0.515225605	0.355125995	0.415776729
0.228512404	0.414427194	0.824869147	0.484930117	0.41643032
0.059489555	0.419677138	0.895777276	0.447930878	0.42750756
0.267647605	0.507069647	0.778999728	0.46927947	0.386658342
0.081203329	0.450428115	0.633896879	0.453895118	0.410152939
0.191236074	0.489749476	0.696877073	0.468212156	0.411409863
0.224073315	0.391171444	0.811272201	0.38270418	0.421876321
0.191685537	0.43420454	0.519705371	0.332166144	0.467756318
0.14340616	0.366170502	0.878859852	0.402192773	0.487836091
0.224725154	0.370950069	0.667888656	0.406695102	0.460818307
0.134013215	0.416279499	0.77913342	0.483770385	0.443748892
0.200558607	0.357280514	0.698277047	0.435713418	0.405295085
0.111440954	0.427593118	0.693499003	0.481757241	0.490061549
0.172591195	0.430368296	0.981516529	0.462587353	0.391771286
0.131808933	0.399938103	0.980936296	0.364334681	0.474577159
0.149033916	0.455689497	0.709014638	0.430700501	0.466993255
0.299809197	0.458553027	0.97052577	0.435763135	0.354023588
0.22722191	0.460946295	0.701031375	0.414974386	0.524419981
0.174107827	0.438878009	0.985395636	0.406938432	0.440788005
0.051480279	0.482519687	0.541907391	0.396809624	0.385049795
0.172203424	0.455900111	0.627933596	0.395264094	0.406047298
0.110534319	0.412641557	0.566425511	0.462418701	0.38529005
0.255141555	0.436670512	0.710144361	0.430704866	0.414196376
0.196832334	0.334496818	0.924179448	0.421193992	0.405626196
0.155851656	0.482010254	0.64403402	0.443447549	0.450162459
0.185499324	0.364972618	0.567488415	0.364224605	0.457899371
0.151893168	0.41204339	0.705526664	0.311432452	0.416818936
0.111238649	0.44784471	0.698689231	0.415476342	0.383200773
0.19662124	0.411252686	0.679407097	0.483160791	0.448561972
0.137416446	0.439404276	0.956555334	0.317760716	0.40468803
0.167395087	0.421282379	0.828614621	0.485203267	0.449415603
0.186949825	0.307972902	0.718234092	0.429805851	0.514585333
0.102387866	0.398805455	0.939167338	0.362559232	0.358884282
0.208138421	0.44648659	0.890565815	0.360257906	0.413822058
0.183509217	0.351611353	0.979022257	0.425277361	0.476830201
0.176359396	0.410468315	0.579513484	0.417505231	0.484643595
0.192127883	0.401905031	0.921097182	0.405927178	0.501928293
0.166814071	0.48825443	0.595463618	0.395619917	0.412741464
0.108786129	0.478249213	0.969698321	0.413269007	0.360875778
0.268918124	0.475301741	0.583119018	0.42902029	0.42334871
0.237397845	0.385034228	0.893147245	0.407076291	0.425382725
0.159826221	0.410161665	0.615491342	0.404406229	0.39130881
0.17702477	0.429960828	0.995721913	0.445207223	0.470208634
0.049421888	0.407154912	0.676858454	0.492837607	0.389554093
0.18384978	0.340420642	0.562732444	0.431061374	0.421894072
0.178984552	0.42398498	0.7490849	0.391175833	0.454713126
0.093762901	0.383641204	0.803975255	0.463669307	0.383375809
0.112372589	0.445759569	0.882693158	0.438727567	0.411259893
0.252464912	0.425770127	0.585584983	0.314083742	0.45861572
0.329606159	0.521934034	0.843973011	0.402274536	0.409312928
0.218033068	0.379811656	0.841882664	0.445673828	0.458328736
0.074965124	0.42455902	0.871203822	0.373440028	0.418781214
0.192393362	0.357774721	0.615713244	0.462360111	0.429984172
0.2237363	0.403425602	0.808923156	0.524244215	0.427727402
0.147165457	0.407977677	0.658170014	0.46170996	0.42598534
0.195188747	0.48246571	0.526326135	0.464961921	0.453447917
0.233881799	0.36630363	0.934274327	0.437675331	0.418213346
0.233394983	0.398182795	0.652517692	0.452157577	0.442579019
0.100686653	0.523985304	0.776104305	0.457245004	0.472800082
0.147062842	0.450776569	0.999289564	0.382072909	0.470558312
0.174432138	0.432727707	0.89289117	0.394332323	0.4461249
0.28147026	0.456494222	0.696524858	0.463538343	0.337079621
0.154550068	0.501719021	0.737980707	0.468653445	0.473008988
0.247224163	0.510010723	0.534658358	0.466280568	0.478181864
0.217690407	0.400015642	0.540882521	0.494815766	0.440244625
0.150488016	0.423740727	0.565836321	0.468949563	0.375777022
0.190709891	0.458295837	0.525327689	0.393460069	0.362484529
0.196176747	0.467257452	0.593816874	0.412656926	0.458202515
0.250501122	0.372775995	0.625509767	0.42486647	0.401984674
0.165357039	0.415025779	0.846675751	0.442299245	0.429865838
0.201781082	0.406277184	0.828972019	0.472744392	0.476076815
0.149506916	0.34156988	0.986571268	0.377826359	0.424174312
0.06548515	0.401396394	0.994388254	0.419135587	0.410052352
0.180660157	0.441584458	0.948392563	0.481880282	0.474135542
0.12212246	0.431507511	0.896191954	0.387567945	0.436980048
0.150441081	0.354198696	0.97302078	0.383972041	0.382204749
0.096695589	0.393833873	0.823400843	0.359252968	0.466591768
0.425220274	0.670868258	0.765185328	0.573678567	0.633269967
0.484964745	0.645351643	0.725790988	0.648020613	0.586629117
0.411692258	0.638637557	0.768542562	0.680201829	0.444078112
0.471811538	0.688701486	0.85156303	0.671930064	0.523047853
0.409026684	0.58575773	0.751177122	0.654774914	0.611792236
0.460507527	0.675335685	0.75593322	0.627468578	0.604276871
0.444391598	0.614272718	0.765570969	0.647517398	0.461315372
0.402290913	0.725265204	0.764954156	0.63276321	0.53670897
0.546445893	0.653847618	0.734664825	0.670089626	0.583812818
0.435136853	0.640960655	0.78270551	0.710553934	0.524075833
0.525745267	0.637691719	0.811321329	0.691427624	0.510403947
0.495210018	0.616118867	0.758179468	0.631898486	0.618731695
0.446185902	0.671479515	0.787746068	0.641292577	0.5580433
0.41619634	0.592529233	0.813332321	0.589277769	0.444330396
0.401708844	0.678216421	0.774747764	0.602953168	0.639650334
0.553364071	0.657460211	0.674979536	0.617487853	0.471879613
0.435695021	0.661933893	0.726843816	0.635667227	0.468958387
0.482911518	0.616025899	0.78410248	0.59447206	0.615528418
0.45938762	0.644121959	0.718796876	0.71537245	0.501288812
0.456841207	0.616248681	0.684193988	0.641599743	0.470810753
0.560173266	0.578686069	0.773197219	0.692593385	0.54149763
0.461528121	0.713425244	0.780225425	0.684851049	0.468466783
0.453149016	0.66411709	0.717821794	0.613930784	0.575357878
0.396408815	0.622346049	0.814351924	0.636546309	0.556165933
0.493080186	0.684016813	0.655768937	0.63675387	0.555318414
0.502427552	0.625914406	0.772318438	0.670933967	0.548604701
0.441843935	0.596327504	0.763708746	0.566090955	0.628567563
0.491565067	0.552942504	0.746894085	0.647377922	0.605354923
0.460760255	0.688599147	0.713672085	0.586286821	0.586561221
0.387790019	0.654153703	0.775979906	0.617877906	0.509727093
0.542827652	0.621624929	0.893281916	0.741198705	0.486790064
0.541437144	0.60533451	0.769922237	0.645194654	0.462193637
0.461494204	0.627525969	0.759827821	0.659206519	0.57521913
0.50589106	0.716139903	0.731746978	0.581064267	0.582494397
0.493685294	0.653165518	0.691715004	0.579235633	0.491719967
0.344991739	0.678215879	0.701563829	0.594839707	0.45032628
0.489160356	0.62825097	0.788058997	0.710725217	0.538132201
0.503807176	0.608238468	0.724485768	0.625635438	0.588858797
0.483578405	0.655088733	0.691566358	0.590916248	0.487858415
0.410413592	0.658676928	0.751024862	0.567425802	0.572973073
0.49741162	0.657969872	0.727755262	0.578517845	0.63249305
0.521999086	0.653223566	0.756830098	0.594127418	0.627687477
0.376682026	0.629246858	0.720298933	0.538446354	0.56400425
0.488910905	0.626990736	0.785469299	0.6705684	0.572661275
0.411304282	0.597398279	0.777740427	0.634584146	0.460675845
0.481641849	0.665768578	0.869787164	0.656712925	0.479589878
0.501646594	0.710356552	0.792757883	0.628061955	0.514863188
0.493148057	0.616715361	0.728488567	0.644727544	0.58377053
0.346750631	0.686085367	0.804620691	0.609112889	0.550613368
0.418780347	0.691031387	0.713757711	0.562991551	0.636734664
0.463322595	0.654912226	0.722697537	0.64968188	0.506682344
0.502350528	0.68566326	0.717681538	0.612741791	0.527783394
0.438091975	0.6173299	0.75243272	0.615111964	0.635564838
0.396342973	0.708553679	0.762510189	0.653604632	0.4332421
0.375931461	0.622089022	0.84124046	0.626947319	0.540464061
0.475452864	0.670074292	0.789429013	0.618561637	0.601965656
0.437356476	0.641219452	0.729671059	0.671709911	0.520997063
0.516875301	0.714350493	0.823819858	0.592458235	0.569759849
0.466484908	0.607618815	0.692768828	0.664858285	0.531542788
0.487097119	0.675695073	0.710468369	0.670339629	0.438248531
0.404129448	0.585078776	0.710818863	0.68863915	0.601777602
0.41128449	0.616867802	0.827731798	0.582919392	0.508604908
0.458015941	0.594878418	0.747587485	0.59167918	0.54590789
0.452150627	0.668129878	0.827398671	0.703131421	0.565859897
0.472485534	0.59526736	0.801454758	0.620879669	0.432497018
0.507737311	0.648136959	0.792737971	0.587436029	0.4734911
0.413924936	0.604685828	0.747350094	0.680110047	0.531459403
0.487719941	0.633917329	0.785966069	0.569403193	0.546528968
0.362576192	0.535048136	0.801239944	0.586226533	0.635675022
0.463084629	0.627086575	0.866089467	0.542464561	0.572687367
0.462434092	0.606417855	0.798401113	0.642105606	0.566305635
0.410740055	0.675279985	0.730995456	0.690468419	0.632772934
0.483482341	0.610039879	0.760990036	0.620790925	0.450931661
0.466166346	0.737625187	0.746725399	0.664080628	0.61621431
0.372451751	0.559848957	0.736878297	0.550206768	0.569811766
0.489442554	0.644722722	0.745422934	0.564293373	0.61897705
0.407539213	0.702620813	0.774435587	0.666339895	0.564752342
0.490977914	0.624615964	0.773814695	0.627807646	0.443073441
0.471766665	0.685485727	0.670471119	0.609106391	0.560331735
0.397365959	0.744128514	0.773374397	0.584649901	0.624807956
0.463933989	0.639627322	0.849080315	0.552752404	0.607278703
0.33229818	0.633906111	0.65258403	0.629555927	0.588374186
0.441398163	0.627335342	0.740498898	0.691019338	0.484637106
0.505299203	0.67258834	0.702768521	0.654653011	0.565674448
0.423713152	0.682994316	0.721872113	0.588793622	0.624664317
0.492026317	0.632745251	0.747181548	0.626783002	0.481895292
0.296634075	0.663837434	0.737745378	0.607037921	0.486069699
0.480479207	0.711665273	0.75519977	0.60860329	0.458575932
0.358865385	0.65291727	0.752568676	0.585896691	0.454900917
0.399287793	0.567911595	0.668310656	0.72501406	0.571679848
0.336362465	0.701354132	0.807782861	0.565000691	0.462236424
0.590567942	0.637937068	0.721324545	0.714050158	0.616209692
0.415967	0.66886107	0.722080736	0.660060226	0.487827608
0.372111985	0.66288087	0.649798991	0.678591361	0.568028668
0.489257886	0.594953363	0.737055379	0.651323802	0.596049889
0.433219839	0.616415474	0.71493106	0.591792986	0.571764639
0.382171644	0.588268252	0.732972373	0.633455754	0.63372275
0.438673655	0.662129687	0.76192901	0.617016467	0.432053598
0.524372623	0.674688992	0.752291352	0.637200707	0.622225938
0.500449778	0.642150651	0.702621577	0.556884929	0.430471203
0.429511284	0.616375596	0.718007141	0.602855092	0.623107231
0.461165066	0.615041881	0.728569957	0.624591826	0.551175067
0.461383389	0.673590044	0.832060689	0.614281968	0.487742034
0.315318961	0.686417697	0.788489878	0.671502864	0.625725769
0.476153657	0.682964403	0.764338794	0.651367457	0.489094496
0.370405777	0.634997615	0.796738033	0.642037641	0.587236317
0.405796469	0.707284286	0.72928788	0.60906176	0.595301229
0.412437306	0.633781929	0.770564803	0.708819266	0.625733235
0.344481455	0.617866596	0.775473083	0.633816057	0.467902719
0.434188335	0.638552992	0.727610417	0.674325402	0.597293969
0.483970137	0.624961728	0.836408585	0.671199699	0.590810368
0.4588139	0.689800418	0.718086961	0.604145785	0.637703347
0.448640706	0.667859214	0.69284477	0.589028766	0.57408808
0.368139853	0.697717795	0.809932442	0.626409586	0.450485134
0.510262918	0.625321391	0.73342371	0.607492279	0.617493804
0.534422481	0.672219678	0.755251355	0.606406989	0.490419264
0.357090406	0.618114636	0.647941308	0.651484303	0.504390129
0.547292888	0.639660596	0.721390664	0.65971435	0.533099612
0.440500295	0.646136103	0.795273191	0.53595691	0.441478062
0.505998263	0.675272828	0.76893563	0.648570559	0.637469788
0.452891947	0.699039646	0.714447511	0.635474777	0.631411636
0.377145008	0.619095544	0.719650752	0.721875544	0.599052165
0.475596255	0.659059004	0.786217304	0.652110372	0.624878542
0.38474399	0.615257977	0.775889908	0.576230146	0.479446419
0.544312339	0.633387181	0.742094985	0.677342799	0.524396462
0.523218724	0.602674418	0.725306716	0.642207226	0.463654029
0.339079688	0.734065716	0.740588438	0.568663684	0.453162708
0.434978057	0.5932914	0.783400712	0.637975707	0.501278312
0.474786822	0.677435039	0.714703982	0.630758421	0.521924701
0.429108878	0.662119435	0.805356989	0.640254264	0.531189782
0.594909721	0.713345041	0.802144786	0.622118126	0.479054396
0.531291528	0.657110856	0.715843504	0.696629454	0.634717091
0.526958484	0.665676159	0.662578023	0.631378967	0.47573364
0.453789457	0.617874371	0.777179976	0.585150603	0.513845823
0.456590772	0.596045723	0.690991503	0.640538889	0.530776989
0.477268842	0.642596977	0.733310108	0.620147844	0.592833821
0.552703073	0.592766749	0.814958876	0.649744769	0.503277222
0.499487078	0.612505743	0.6959372	0.602173627	0.593765013
0.504772666	0.66622138	0.709550773	0.617447333	0.599746428
0.425105214	0.701239979	0.740834429	0.622935701	0.618978658
0.427815303	0.572245281	0.786412144	0.593106894	0.488578854
0.449680774	0.64984691	0.834573033	0.619184691	0.455509024
0.388960477	0.637620623	0.760085207	0.6382656	0.480518932
0.487992542	0.664125708	0.744192829	0.518012798	0.572425685
0.473575102	0.672308546	0.806329285	0.724148433	0.494241584
0.462827504	0.607941138	0.750175266	0.688219838	0.632896988
0.502812996	0.695750496	0.799987318	0.658837395	0.604822411
0.546138452	0.602226935	0.766124885	0.657914035	0.514895654
0.401391441	0.672898289	0.721888095	0.606629182	0.482865692
0.449294236	0.676117354	0.76954043	0.595853394	0.524584703
0.464857303	0.640461014	0.637533615	0.570708975	0.440853878
0.435881015	0.590742807	0.805310589	0.630668102	0.489232219
0.354179166	0.729356363	0.717851409	0.596124349	0.478647555
0.488661103	0.623751628	0.692405248	0.670169948	0.587962892
0.506071186	0.517083814	0.745049496	0.593414893	0.479742361
0.496992778	0.588887275	0.794573062	0.574389246	0.598799086
0.51030494	0.665271215	0.75924505	0.585757687	0.467910512
0.363019644	0.616813401	0.720567249	0.642010159	0.484478788
0.521193447	0.626269797	0.725095961	0.645909368	0.540538524
0.45575917	0.662640064	0.732272822	0.665109332	0.522067613
0.424266665	0.622978331	0.784852175	0.612202919	0.58895238
0.532293861	0.614008224	0.677446052	0.641346189	0.461257625
0.457396631	0.598184149	0.731062535	0.549242165	0.616823982
0.448195692	0.603517684	0.794975263	0.65752149	0.531984882
0.503302847	0.65584686	0.778779047	0.66891207	0.612835959
0.498797723	0.748003823	0.691376214	0.666948774	0.450586115
0.425066945	0.690628906	0.774524457	0.621332127	0.44208189
0.485725449	0.634166037	0.705162233	0.656489783	0.442554704
0.473864936	0.564352144	0.710192779	0.651043025	0.560597107
0.519510191	0.619538537	0.753618509	0.529902228	0.493346819
0.471093913	0.649243658	0.733299401	0.561612682	0.494418046
0.463698952	0.601857709	0.818560666	0.643664085	0.435816286
0.478237197	0.673922024	0.695692636	0.606703313	0.481892604
0.583595837	0.656122501	0.775714606	0.688778097	0.618492444
0.449078652	0.595308545	0.698664888	0.664219345	0.563690335
0.474793923	0.705398286	0.702433502	0.684152781	0.553558404
0.513776364	0.596041622	0.839875978	0.669327015	0.503867463
0.478955827	0.59491974	0.766179741	0.572495992	0.57753878
0.430383997	0.682967641	0.754557944	0.661837564	0.499694386
0.441442933	0.680529847	0.73402885	0.615239802	0.451897172
0.446982689	0.66550539	0.808663318	0.648326923	0.431790549
0.506895378	0.610911323	0.732214301	0.644058082	0.626132424
0.43608286	0.623073973	0.797875048	0.681157646	0.470099027
0.549127237	0.605281334	0.701434641	0.533211931	0.482715487
0.48223058	0.681201007	0.760477182	0.623770681	0.591543091
0.502942123	0.661121388	0.677892083	0.609732525	0.575798609
0.485262216	0.735160447	0.735790359	0.647951034	0.577837408
0.418977104	0.676626456	0.73963997	0.648894028	0.437387009
0.461498986	0.668791873	0.736177973	0.543255506	0.55170751
0.424623263	0.58154549	0.764688814	0.597446685	0.46236454
0.332297714	0.650582675	0.853796501	0.616938566	0.491609938
0.478688023	0.710182196	0.79532239	0.60538651	0.591405449
0.433807602	0.637774844	0.783755052	0.689215738	0.476201232
0.550828222	0.605127449	0.759067903	0.649134213	0.533644791
0.516754315	0.587552585	0.729841062	0.67328247	0.469193991
0.595916629	0.687979955	0.807498453	0.575556114	0.489105233
0.510993648	0.643022984	0.731549392	0.649298109	0.434935909
0.321586417	0.605052446	0.788515074	0.61756609	0.473166974
0.423718593	0.639053295	0.690697829	0.546162646	0.513707124
0.444460057	0.685746163	0.721292274	0.666202423	0.454424139
0.395193978	0.733731424	0.722379861	0.550449962	0.627640077
0.476934485	0.651014611	0.721403802	0.714456182	0.48973434
0.389938153	0.721588366	0.736287563	0.644639457	0.564913919
0.523617391	0.715980499	0.852433241	0.589500197	0.594728893
0.406915644	0.655496518	0.717314086	0.633246305	0.470255327
0.423443747	0.67899957	0.71248978	0.576822308	0.480608888
0.487006991	0.615314213	0.728862541	0.65716763	0.502646094
0.514230342	0.672811321	0.789844029	0.599958362	0.493508591
0.418842002	0.605280369	0.806027954	0.683052971	0.471290088
0.407668958	0.68854999	0.764622496	0.652171015	0.628563464
0.555542564	0.693547876	0.777853513	0.59583746	0.616233104
0.492163886	0.669107368	0.778453511	0.583160836	0.502147411
0.383187311	0.716129461	0.756577631	0.71252874	0.589521954
0.44301611	0.639884691	0.788439925	0.641295125	0.597267569
0.391090214	0.673970802	0.704135205	0.635666131	0.544472446
0.447958204	0.635383697	0.74847957	0.602351806	0.434080573
0.363483634	0.702682046	0.798807369	0.563542378	0.532615254
0.359674608	0.6178836	0.725704806	0.663707965	0.517885251
0.378774397	0.573997756	0.741994346	0.639622336	0.602364454
0.419881752	0.602634773	0.756842665	0.607482503	0.489559668
0.458190495	0.614091754	0.748208231	0.593907639	0.549721301
0.414075687	0.606262907	0.779207217	0.653152898	0.616875131
0.519428912	0.692898117	0.734882262	0.632477638	0.616267909
0.424406656	0.568115097	0.800027931	0.617803439	0.491083586
0.459729816	0.650693731	0.776964778	0.638685352	0.513506102
0.335693078	0.65654278	0.722289766	0.63599744	0.476137
0.441329869	0.681048557	0.745229306	0.606029485	0.596521372
0.471389504	0.655116552	0.732815034	0.668576792	0.435661382
0.373916521	0.621856821	0.720868183	0.630718851	0.590680216
0.471189342	0.64082369	0.750297589	0.579069636	0.529741617
0.539258054	0.523179066	0.775023581	0.602173895	0.575227812
0.44559052	0.725950316	0.757052075	0.58691113	0.488390751
0.512078357	0.603823361	0.774141231	0.665439456	0.626386443
0.417511084	0.677085364	0.758791752	0.606828268	0.451257523
0.459231333	0.60761114	0.777068118	0.658783676	0.481874662
0.4626299	0.625763171	0.741861551	0.624533967	0.528859942
0.386720982	0.541151686	0.667726469	0.62692374	0.470459198
0.387250253	0.644771782	0.744140343	0.630135596	0.536776412
0.367584973	0.580684693	0.747317486	0.613133033	0.619215002
0.527671542	0.593180453	0.832592561	0.656979253	0.533687887
0.459229024	0.613468653	0.745931378	0.605754684	0.49827892
0.461408447	0.622719819	0.735009885	0.608749612	0.496992285
0.510156342	0.604398196	0.774872104	0.646563676	0.44826546
0.491603308	0.660617817	0.790473269	0.615508512	0.52970626
0.466175996	0.627383854	0.776416345	0.651550214	0.547378132
0.50781413	0.603237312	0.724891002	0.659973992	0.597283312
0.30669794	0.654828949	0.731970923	0.568118473	0.519920049
0.428158347	0.647275306	0.786345162	0.597317713	0.530290148
0.493922804	0.626456345	0.722245334	0.644013993	0.510460604
0.440900798	0.66124608	0.753744584	0.634745707	0.580575303
0.396246047	0.186191676	0.028788904	0.167466787	0.069845539
0.212407537	0.063560332	0.107253972	0.053871773	0.096164046
0.174130802	0.174673627	0.173590275	0.081142468	0.101689964
0.31629197	0.107007204	0.221529573	0.018445865	0.068080649
0.275031844	0.145708871	0.178851368	0.0332472	0.016084483
0.194843527	0.16226845	0.063598285	0.116243778	0.035773718
0.400879935	0.122608988	0.088097264	0.042857438	0.124649917
0.430894213	0.208793101	0.080016946	0.162882094	0.106868507
0.309476771	0.112342745	0.221972814	0.116714094	0.147462405
0.194057735	0.106316979	0.152777952	0.170508777	0.197794438
0.209395512	0.100545654	0.14984597	0.12347857	0.178241395
0.439031713	0.082599865	0.193165375	0.076834519	0.049143596
0.449625843	0.146212796	0.21204416	0.081295119	0.072688031
0.174643383	0.13260894	0.177029502	0.131462992	0.109225707
0.460926584	0.142583085	0.133873565	0.03092532	0.125658191
0.318353388	0.145232459	0.158879145	0.102882951	0.108132965
0.325889818	0.103354917	0.067863093	0.145168129	0.192997495
0.238752644	0.191823951	0.055101059	0.059992226	0.101690176
0.404280656	0.1362252	0.17114031	0.127946385	0.181424711
0.336415158	0.101223155	0.199032143	0.18086564	0.046739781
0.450326758	0.087143336	0.127601659	0.062227707	0.069780633
0.263855269	0.121670617	0.200123183	0.024148467	0.214940487
0.171819116	0.159626366	0.152420575	0.093422618	0.13242821
0.342682623	0.172184366	0.08932166	0.083397838	0.133279776
0.211330682	0.121921267	0.064566799	0.152528274	0.144220786
0.18036995	0.032655964	0.15646296	0.096026144	0.15802027
0.316930911	0.11794565	0.050929043	0.133799225	0.064130169
0.354577254	0.040073068	0.079953175	0.236393046	0.144945162
0.424370312	0.065544931	0.189235296	0.160145197	0.099484772
0.202440668	0.084795214	0.029597165	0.133890177	0.156896883
0.31058833	0.09227982	0.121210036	0.058282399	0.142488853
0.187935701	0.141320645	0.157862338	0.139888728	0.207273381
0.214911199	0.116318315	0.157354916	0.06714551	0.169867676
0.289343583	0.115035817	0.117593836	0.189784573	0.082047919
0.451367495	0.080760355	0.096133389	0.122978662	0.127736766
0.324756537	0.059310026	0.136060765	0.115727296	0.207145969
0.366049709	0.145132744	0.135848083	0.156956483	0.179927539
0.268673792	0.125686581	0.230995213	0.162261369	0.080403109
0.250733779	0.129175596	0.170688876	0.076991479	0.066539233
0.405107475	0.123558933	0.211545756	0.107259294	0.164570593
0.459599627	0.206412524	0.080414932	0.095425617	0.139453099
0.355568856	0.192446373	0.161738199	0.139899084	0.088210763
0.223949408	0.158049759	0.117053853	0.135839579	0.164892454
0.222769371	0.126397906	0.109834128	0.083310939	0.105507182
0.318054322	0.123067209	0.134652078	0.168924866	0.162985419
0.173754409	0.112802299	0.179450964	0.105683038	0.166350321
0.242536001	0.175010765	0.127287147	0.048209646	0.075785931
0.399906712	0.170690856	0.034532544	0.137344379	0.134760047
0.426642731	0.183023	0.155975683	0.081862661	0.055198287
0.444775555	0.073036006	0.146061977	0.178782441	0.106171692
0.289021092	0.182163698	0.051981868	0.146838986	0.093462071
0.286905311	0.116957661	0.175997065	0.074975544	0.085312953
0.205039649	0.07912544	0.159853356	0.217761331	0.127778185
0.259151577	0.162876693	0.167058792	0.059320815	0.21796107
0.363555644	0.0858078	0.184354299	0.04802798	0.137299938
0.376722446	0.16659401	0.228179555	0.171955033	0.203229223
0.457414315	0.125376226	0.080176041	0.01966036	0.135911228
0.173675549	0.112891763	0.204599362	0.112782418	0.173491214
0.217971292	0.167945992	0.0339061	0.136012228	0.148717571
0.273513735	0.119118498	0.181201572	0.0753005	0.082589118
0.441631153	0.19195151	0.050468118	0.111054196	0.120281501
0.205202398	0.11683812	0.134812693	0.120539767	0.180990421
0.330621013	0.142923369	0.186957807	0.107474149	0.175237501
0.194861486	0.114311282	0.174577266	0.138133566	0.088759423
0.229808326	0.17045763	0.144125829	0.136579757	0.129452092
0.224214791	0.109685376	0.172964985	0.076813291	0.107255776
0.183194562	0.148737089	0.211706297	0.226034995	0.060498545
0.354985483	0.153113383	0.14614098	0.120139701	0.157373799
0.209622331	0.188333428	0.206604146	0.016270619	0.152466593
0.195408229	0.141584394	0.10093555	0.070457248	0.152794344
0.397792069	0.113851534	0.183565999	0.136182831	0.131810881
0.359433815	0.094881854	0.141869622	0.13837207	0.131289468
0.260416055	0.149186937	0.180454601	0.150607573	0.162139842
0.229231078	0.212650601	0.243413178	0.121940795	0.087722419
0.434808992	0.122341993	0.214716985	0.16057447	0.165505268
0.302738579	0.121291022	0.141213214	0.131382741	0.104743342
0.249508744	0.130559965	0.099098391	0.100782545	0.24050823
0.332575676	0.145489718	0.129958807	0.094548403	0.10565085
0.448902746	0.219312258	0.299910154	0.201855639	0.171934683
0.434186097	0.076423509	0.18743849	0.086515309	0.165414123
0.367742007	0.165726185	0.11600322	0.123617047	0.087574513
0.226840233	0.110419508	0.177636573	0.049055031	0.122198348
0.412375875	0.110663007	0.178408355	0.128051509	0.127698406
0.428582737	0.196316803	0.234212053	0.051417643	0.235898965
0.348325107	0.189339261	0.049741722	0.09431749	0.105881047
0.261815412	0.109932843	0	0.120715207	0.211030897
0.217167105	0.199571874	0.050500817	0.189045846	0.094318013
0.211645438	0.126325495	0.087940499	0	0.115543979
0.46124652	0.180272787	0.150757225	0.044897841	0.153194708
0.364942087	0.146814308	0.129900035	0.175856878	0.079045565
0.267995689	0.162472753	0.135888321	0.115373218	0.075401105
0.328485602	0.097809705	0.13574231	0.134400456	0.130761884
0.453759064	0.129810264	0.147022357	0.120971862	0.13525483
0.380276278	0.117517395	0.095398214	0.12048966	0.156096043
0.402442572	0.120931716	0.070769405	0.166010068	0.132441251
0.241398561	0.157855439	0.08492445	0.072225041	0.094806
0.360558769	0.10043393	0.156542909	0.091553742	0.143873045
0.398061855	0.080605906	0.136459207	0.151503106	0.140777381
0.330474758	0.154986042	0.149823526	0.131602558	0.20127142
0.36587236	0.142236664	0.188718587	0.176005921	0.098137371
0.381652131	0.109919519	0.175928822	0.079667712	0.143502833
0.257510495	0.066498226	0.190565136	0.024824907	0.177938593
0.176761912	0.060746677	0.1281649	0.209408349	0.06464597
0.222357473	0.17719509	0.227242158	0.103542585	0.122349572
0.275858866	0.139254898	0.182563936	0.141100365	0.102071407
0.41986332	0.146370558	0.193869779	0.123186829	0.167454289
0.345771447	0.102744928	0.083340874	0.164281081	0.079662462
0.380523573	0.197532894	0.215966544	0.118717802	0.177508157
0.196279616	0.174844362	0.149183926	0.002580772	0.179506205
0.442086331	0.126948174	0.146167034	0.070358011	0.108504151
0.257232062	0.163627931	0.143631024	0.161143296	0.115911602
0.398932004	0.275086127	0.082240173	0.142352612	0.136962849
0.207560515	0.142425442	0.123576828	0.132796538	0.117961042
0.244299308	0.134857119	0.116429617	0.089223477	0.164535993
0.176506817	0.077834321	0.13497538	0.187423715	0.125006224
0.309301565	0.180180501	0.087560082	0.141906636	0.151009408
0.258570714	0.12987971	0.156399901	0.075890283	0.107909352
0.349238095	0.121750584	0.155122144	0.074965513	0.148407029
0.449032059	0.13723569	0.121760861	0.082075393	0.145710199
0.329926181	0.2090318	0.212639067	0.045550277	0.088925476
0.362021669	0.10442944	0.121888084	0.081928501	0.177768301
0.259332742	0.192934646	0.118377774	0.039854747	0.207560155
0.388351325	0.142618626	0.178263054	0.117505839	0.174985657
0.360936926	0.094788208	0.18743652	0.139543014	0.185104933
0.311810974	0.10418151	0.140243175	0.108808513	0.069062109
0.443864445	0.127282025	0.191943996	0.127867927	0.094633031
0.42842663	0.185974971	0.21595584	0.06030428	0.104041174
0.395950255	0.126759288	0.164098573	0.121473484	0.102171401
0.193923444	0.177503475	0.199489757	0.060685096	0.103836632
0.251612645	0.105672289	0.167544402	0.120777356	0.091799498
0.318036821	0.167044905	0.175178672	0.089363212	0.119922819
0.44839174	0.222468134	0.1334428	0.176863129	0.124006633
0.301583048	0.1035891	0.1308426	0.149622061	0.10539067
0.278467123	0.091817364	0.15328538	0.082675569	0.144194565
0.245719843	0.119154061	0.128942457	0.122136536	0.226322739
0.407608958	0.179370675	0.188899822	0.140565709	0.111085269
0.404599641	0.174705154	0.119741031	0.170192999	0.054598554
0.404269595	0.206902671	0.071553672	0.096964394	0.231976427
0.172747637	0.118520817	0.21155818	0.07138058	0.133971182
0.452833147	0.196004408	0.175801423	0.056330194	0.111359232
0.190793984	0.105998736	0.167929709	0.149174723	0.123566855
0.184061742	0.202441643	0.200727231	0.147128403	0.129557236
0.189488096	0.092345142	0.099872682	0.109192236	0.124864167
0.379244216	0.153164758	0.049798768	0.098867513	0.186843695
0.248702681	0.095051408	0.11289132	0.055955185	0.142590657
0.198556778	0.20846349	0.242545724	0.088014589	0.1827725
0.461272391	0.085548617	0.200943037	0.055710387	0.177017885
0.24237228	0.10686433	0.178327126	0.117474244	0.12540767
0.346501197	0.045676425	0.20211294	0.154495788	0.116029381
0.362545782	0.128635372	0.189902337	0.084135247	0.188762895
0.37912217	0.05159427	0.172193267	0.218523731	0.119417657
0.22422769	0.149206145	0.136089058	0.127884244	0.112521359
0.278925943	0.088727174	0.151814383	0.180049639	0.099959427
0.398215742	0.111946837	0.124769641	0.107223505	0.146180925
0.291944547	0.115558032	0.036113354	0.201673136	0.083680926
0.437752469	0.188818957	0.203897919	0.114033467	0.111778697
0.437531251	0.127171175	0.258947418	0.025163558	0.137808068
0.387302586	0.143849806	0.094396337	0.031223708	0.104335939
0.2886239	0.124070427	0.119683797	0.134212507	0.046383207
0.39899158	0.081545468	0.266925092	0.044034048	0.066496877
0.276622252	0.141621336	0.134927241	0.030969155	0.149303895
0.406184561	0.122656388	0.15447788	0.062245481	0.18023428
0.196022517	0.067204299	0.15157288	0.102769836	0.117069203
0.280366044	0.050689214	0.149196855	0.124622376	0.163573585
0.316170503	0.150944137	0.145157943	0.128905028	0.08054733
0.261513122	0.104765082	0.12692418	0.151324634	0.077469939
0.38969202	0.152147562	0.100259175	0.073070858	0.136591579
0.456260369	0.14735415	0.164281291	0.15247293	0.140008272
0.318225074	0.138016364	0.138832013	0.079584121	0.1122279
0.435732516	0.098075616	0.088530878	0.17214295	0.125454537
0.218496989	0.077213418	0.218342748	0.104461234	0.153798359
0.393228417	0.039160667	0.009152494	0.15349367	0.162668764
0.443031278	0.204021735	0.086081056	0.118154301	0.144028704
0.274639576	0.193394842	0.11636535	0.185672612	0.162575996
0.441199527	0.091478682	0.143762705	0.15716044	0.181088027
0.362100675	0.202934096	0.114859172	0.154058148	0.092164421
0.398966025	0.091450191	0.131069107	0.112475204	0.164607124
0.310334921	0.142400627	0.1896031	0.057987759	0.225544798
0.42217315	0.254853139	0.129240376	0.018480003	0.142429973
0.429752189	0.157814204	0.161393637	0.148584051	0.161875869
0.18076284	0.104869134	0.115990469	0.127589971	0.183433984
0.252028178	0.139812523	0.155414178	0.056889564	0.077245708
0.438813241	0.15534961	0.180846496	0.083332815	0.186955845
0.399150641	0.087875942	0.183291466	0.106599727	0.163241368
0.206625746	0.077809682	0.159285652	0.111217615	0.10326343
0.362539908	0.132445584	0.231973816	0.151130358	0.1671976
0.412563593	0.154571675	0.254997434	0.075083111	0.127434405
0.194697204	0.183523725	0.261685671	0.098601216	0.072231851
0.332958774	0.16680929	0.169912587	0.217568299	0.149167392
0.26199394	0.1751464	0.14631285	0.069080857	0.207438706
0.222156466	0.152023771	0.110688501	0.222985754	0.19118992
0.266950638	0.118949018	0.134981106	0.132337001	0.144694233
0.227937286	0.234304903	0.200670732	0.159693693	0.067497422
0.356592299	0.118861334	0.10038756	0.114781069	0.084516434
0.251993879	0.162386875	0.194261752	0.094671633	0.1280316
0.257778201	0.083691406	0.210233029	0.143226564	0.024695067
0.398390143	0.097393533	0.217981786	0.050468158	0.056954985
0.284577709	0.091704425	0.071235606	0.079209599	0.088678535
0.418002223	0.089033622	0.248058556	0.12149236	0.137134998
0.420123136	0.106984303	0.131022164	0.039575121	0.076405248
0.419020633	0.078320778	0.128678979	0.085621636	0.127235237
0.295145245	0.105029594	0.160564805	0.111437103	0.093636753
0.195735503	0.055633599	0.208569339	0.16177496	0.122710401
0.241456593	0.135660509	0.169353011	0.116715128	0.163909371
0.37174163	0.121440435	0.082449554	0.075588472	0.134473751
0.215450568	0.071657973	0.140731238	0.114478408	0.116537525
0.305250736	0.124653619	0.057245899	0.101864895	0.187184947
0.203185618	0.155384108	0.150763316	0.068232373	0.102772636
0.40220442	0.12815662	0.202172562	0.155558657	0.180657975
0.243873699	0.101764333	0.157011977	0.099932704	0.057027387
0.297418655	0.100334796	0.112526512	0.172672883	0.115693457
0.290496648	0.208835847	0.198350655	0.03878647	0.127072984
0.422676095	0.153004136	0.225279531	0.155344171	0.193147448
0.168085742	0	0.150203493	0.174581583	0.136974833
0.313426771	0.091499648	0.17608245	0.101661371	0.100430909
0.293220685	0.141003377	0.083956441	0.147722699	0.164915931
0.321266493	0.104792251	0.09947772	0.127953118	0.090307982
0.369730045	0.048852106	0.244648004	0.063856754	0.180375014
0.38617962	0.114444594	0.180739134	0.1138532	0.130377843
0.201016587	0.140793569	0.15116109	0.172633944	0.046449854
0.322906935	0.067433488	0.130066705	0.125631883	0.064788784
0.349451882	0.159115312	0.189305854	0.087285656	0.125600083
0.404049656	0.102305634	0.179221318	0.106672808	0.138836314
0.394477077	0.184798947	0.209826712	0.140952439	0.080286828
0.424160591	0.11208468	0.22850986	0.115855626	0.15572509
0.352047816	0.123658122	0.249870211	0.103470885	0.135571209
0.30895979	0.17804724	0.184810473	0.105403636	0.14010532
0.35630915	0.215087245	0.236129033	0.114596779	0.126399116
0.371024157	0.125818976	0.219935926	0.104481685	0.108082527
0.406561232	0.184306914	0.146181049	0.093322783	0.154846553
0.176245005	0.130992322	0.219695861	0.155031352	0.133593476
0.456138474	0.177079441	0.169585536	0.099019157	0.102838618
0.300126857	0.072127906	0.156322927	0.127005886	0.192422963
0.431286458	0.098278	0.125496672	0.105551887	0.134306374
0.395961624	0.118348114	0.250837423	0.082582595	0.107226059
0.192237663	0.120030216	0.196986837	0.141498171	0.06896086
0.388042162	0.15355816	0.122369046	0.039115925	0.11438644
0.447440693	0.123257465	0.040158774	0.057108792	0.121738001
0.411564528	0.202200034	0.20349608	0.087546445	0.129416706
0.22788307	0.091121265	0.236398381	0.010820683	0.148522564
0.299276711	0.129210798	0.129697568	0.125603645	0.14004135
0.184229526	0.136055321	0.11796952	0.088596502	0.115079894
0.427819653	0.089399568	0.102713848	0.042106973	0.127179321
0.455690879	0.171094846	0.022599226	0.076133323	0.183757039
0.234829023	0.140204869	0.135078059	0.138585861	0.157799613
0.331511392	0.063550518	0.150322033	0.102960614	0.040010971
0.186132266	0.105311544	0.223266373	0.083320713	5.55112E-17
0.40619683	0.107486094	0.189126975	0.116702786	0.095779431
0.254876783	0.047474857	0.195011835	0.074508316	0.13112862
0.30272136	0.128095012	0.16221635	0.113673473	0.181158448
0.906769693	0.844359458	0.514384862	0.890752335	0.957989071
0.784514833	0.857947332	0.575777572	0.885513136	0.862988592
0.822640881	0.945853712	0.979264714	0.892106604	0.813001206
0.917324728	0.864629624	0.801555603	0.909047441	0.943027965
0.877270177	0.876725723	0.511719009	0.896014315	0.917937097
0.666548416	0.90357179	0.583073685	0.931690395	0.922682037
0.847920832	0.920854789	0.765183796	0.957220581	0.873738497
0.799804094	0.949634072	0.817744413	0.899163879	0.944964933
0.815648287	0.824933933	0.771899165	0.91873021	0.913883526
0.868972761	0.858472227	0.933169317	0.846303154	0.901888089
0.781515313	0.898844091	0.793890891	0.776984869	0.905639444
0.861350857	0.912122298	0.779254725	0.881072142	0.876238796
0.835474272	0.994977698	0.965071393	0.840876097	0.956725064
0.892644097	0.819409111	0.944041102	0.855335242	0.829256834
0.876262647	0.877699389	0.923961116	0.907004256	0.899502998
0.743905269	0.858146258	0.943972639	0.977285514	0.909455992
0.801844558	0.901865636	0.813047135	1	0.8243049
0.85832473	0.881642625	0.827011451	0.950616789	0.887142453
0.715447801	0.975557806	0.857883681	0.863810716	0.921994172
0.754543224	1	0.639227239	0.884129226	0.894403506
0.851759539	0.942456163	0.707101829	0.881353048	0.903925371
0.797973578	0.863075354	0.770827784	0.909797024	0.905907478
0.778416066	0.926606744	0.549466027	0.899138756	0.910006526
0.796096254	0.914403331	0.785414297	0.837399914	0.885462021
0.873741057	0.818523129	0.922984552	0.88039295	0.901275948
0.727971594	0.935177478	0.548500609	0.879061236	0.835781529
0.785891231	0.858367406	0.643216205	0.876315016	0.921336929
0.760187703	0.93719655	0.530436946	0.890689157	0.9344649
0.817457741	0.859404779	0.5302474	0.895919416	0.97870396
0.746802389	0.891447933	0.945553199	0.805150203	0.882399754
0.832619662	0.901702996	0.526767937	0.877050473	0.880677518
0.851645054	0.967755617	0.629023526	0.966044102	0.953658941
0.75441373	0.861326819	0.58481355	0.831233997	0.957458848
0.743920407	0.893746144	0.912558036	0.905828911	0.795561848
0.804162385	0.902166068	0.864482129	0.917303678	0.959188047
0.755401399	0.838691877	0.501350859	0.884492681	0.906255795
0.805540436	0.927280249	0.748998578	0.910646497	0.934229746
0.873557796	0.889409726	0.812113947	0.924854601	0.887632824
0.782487386	0.871687389	0.663779253	0.874380902	0.918546681
0.822422092	0.904427827	0.941442657	0.944221115	0.989553284
0.802277783	0.855339458	0.536591144	0.861618068	0.954452975
0.796479889	0.904009932	0.979511067	0.86124408	0.882798957
0.81039382	0.893869099	0.910184372	0.946282782	0.904958425
0.899498975	0.810508721	0.63705476	0.918088218	0.891193241
0.772565688	0.868355249	0.538281829	0.817250105	0.909124627
0.761949309	0.855696531	0.508739365	0.929247379	0.903842802
0.727167696	0.847001106	0.652954204	0.907693774	0.879417504
0.788750023	0.948447771	0.918183002	0.800249639	0.952988566
0.770631959	0.912962874	0.805001011	0.903246031	0.853464493
0.816803447	0.942770527	0.592176459	0.900029111	0.87630196
0.763882235	0.921522116	0.957648363	0.924204208	0.828644334
0.778737629	0.877193421	0.607600646	0.894414601	0.893288067
0.79016678	0.956116	0.922936517	0.841883017	0.858676539
0.802019192	0.917620152	0.544829701	0.833971847	0.932844207
0.846317708	0.917079719	0.550707077	0.885633889	0.893957368
0.721805765	0.924335186	0.569768283	0.902860201	0.93455273
0.844329917	0.916415975	0.666213932	0.872184535	0.859540295
0.783880398	0.811548366	0.634358158	0.888791405	0.869754554
0.830278289	0.91656412	0.940981228	0.94973768	0.937854644
0.824663957	0.884144551	0.50518149	0.872213273	0.885695602
0.833784462	0.938638412	0.958893254	0.913149716	0.912150847
0.767427772	0.863242657	0.675901972	0.831866973	0.899282156
0.838712908	0.853812947	0.735430777	0.904829979	0.885709041
0.775618176	0.875433255	0.708586175	0.873871299	0.889858701
0.848391592	0.916977537	0.895166419	0.83864291	0.901066989
0.745457778	0.881843459	0.978006863	0.849530218	0.884519736
0.755523079	0.84814807	0.907888845	0.874308876	0.919824584
0.893066556	0.86077831	0.557965639	0.86176613	0.888514304
0.710087822	0.878494341	0.574516303	0.873252579	0.931889437
0.797508318	0.873432069	0.976017105	0.927146131	0.908862685
0.85788238	0.892282052	0.649833503	0.860378067	0.917249072
0.766071249	0.841327598	0.9047251	0.989621983	0.816624517
0.808399976	0.934819925	0.587420442	0.821945419	0.871329453
0.840438847	0.881686275	0.524176059	0.862808845	0.926491277
0.825291291	0.90751697	0.821679969	0.920349588	0.920227965
0.831176751	0.916517784	0.920689073	0.881015232	0.828011763
0.764378494	0.897958982	0.705581472	0.893960168	0.899225426
0.718170061	0.890546431	0.90632325	0.953453448	0.839768398
0.758664523	0.899254764	0.784223619	0.902176692	0.945971702
0.817108802	0.869939109	0.89765254	0.83257385	0.892004388
0.856476645	0.892700815	0.567830232	0.853158554	0.854108105
0.845843503	0.970878853	0.8317568	0.932995939	0.925313758
0.783880935	0.824320162	0.687579824	0.933189197	0.962474905
0.727594443	0.912262406	0.868383354	0.899905554	0.904165847
0.802075557	0.91733329	0.588464531	0.941197225	0.920237633
0.687154486	0.907670274	0.905783835	0.871098225	0.961827224
0.992778931	0.918907651	0.770568129	0.911185665	0.947473184
0.882410253	0.860108796	0.993390978	0.846187709	0.835275981
0.837059181	0.884525321	0.528679449	0.899827314	0.830567237
0.826478417	0.945201342	0.691709753	0.90652706	0.936252401
0.824147003	0.957322821	0.852464664	0.949327985	0.897588161
0.86428358	0.945215522	0.990897484	0.945529738	0.804647312
0.764403198	0.878277886	0.636072694	0.798836961	0.892312261
0.822410331	0.86947095	0.998133345	0.896293918	0.944450731
0.789225997	0.839560892	0.684054706	0.868341164	0.863221742
0.929400092	0.832076433	0.789093035	0.923236771	0.912528416
0.84266601	0.875619379	0.637425677	0.880732017	0.862553455
0.806604333	0.895564815	0.659991431	0.86877189	0.879059274
0.784408799	0.863310612	0.867139477	0.947562302	0.861799159
0.718106011	0.871988479	0.534095491	0.887554617	0.958656778
0.912149141	0.939291565	0.727650546	0.851236403	0.830853523
0.779258969	0.862284511	0.790885019	0.873719608	0.848126856
0.702951738	0.888322816	0.575224849	0.933362041	0.842351329
0.86557685	0.883155924	0.768339909	0.949820155	0.878993075
0.743753659	0.920798137	0.922651638	0.820315137	0.888386507
0.852143582	0.87169167	0.740822375	0.940344792	0.918068174
0.766306473	0.769819234	0.508491674	0.828230898	0.977017399
0.867530935	0.871533325	0.992656989	0.860559706	0.936623978
0.761805134	0.899163886	0.740271918	0.952864036	0.824492173
0.809810537	0.895507723	0.58450737	0.906115296	0.87132457
0.867446385	0.902313315	0.849735417	0.811769108	0.852317226
0.646515815	0.86751959	0.640427772	0.853041781	0.991720304
0.800349412	0.854134966	0.671309852	0.880627021	0.869484995
0.714676794	0.876292524	0.542921974	0.942828216	0.891918139
0.789915148	0.941418651	0.955837827	0.88091491	0.813839175
0.851334771	0.879571908	0.582922634	0.863055707	0.750912227
0.757211029	0.941002261	0.765015698	0.83306775	0.858014698
0.822455024	0.844225973	0.547743888	0.846439664	0.850545524
0.806034769	0.926690283	0.831260638	0.97738204	0.966823519
0.873857837	0.940724561	0.871128606	0.867186227	0.902679614
0.825132415	0.94340837	0.528294582	0.921441367	0.922346748
0.854664128	0.970266685	0.955121939	0.914046286	0.917929643
0.816324873	0.891392687	0.983821579	0.901988123	0.933813952
0.727282495	0.89294146	0.601503259	0.87724802	0.842850355
0.823342468	0.922691049	0.999857799	0.918019231	0.865252125
0.798196325	0.908825735	0.852168875	0.922143026	0.841659632
0.768893826	0.860000857	0.947304408	0.909091692	0.87412962
0.844891213	0.922812817	0.51015725	0.895319584	0.920858445
0.787669837	0.902325653	0.594542212	0.913126747	0.858817511
0.749223461	0.839792967	0.981644155	0.845249643	0.932653845
0.77468376	0.89191709	0.645819005	0.940315037	0.900102137
0.866202553	0.853903016	0.995607622	0.852734884	0.965952057
0.797371982	0.849711262	0.533767411	0.892942535	0.863340238
0.734821076	0.900229826	0.801408201	0.864772511	0.878265554
0.741793847	0.925399938	0.591014416	0.902599556	0.907079883
0.756541035	0.89091829	0.942210923	0.896338187	0.875110556
0.806375538	0.883434738	0.979169839	0.854544598	0.918905731
0.807387899	0.931152802	0.695168745	0.941967177	0.851889583
0.836732833	0.851016164	0.526836709	0.919419096	0.895666061
0.848566895	0.890279114	0.587025606	0.878633112	0.887116111
0.7318642	0.916454142	0.591003298	0.926637021	0.852740791
0.747103944	0.953486695	0.744957023	0.881785456	0.944724398
0.803615361	0.880031594	0.816561735	0.936365246	0.859757562
0.804238443	0.97234161	0.563995151	0.887352875	0.842585962
0.706956025	0.908309991	0.670365828	0.951644498	0.895015819
0.855399897	0.889953737	0.897857881	0.902300789	0.919803295
0.838948955	0.92109497	0.569404094	0.87634647	0.881932014
0.798045623	0.912158615	0.537349309	0.913743208	0.963102196
0.811801681	0.886445175	0.710605743	0.95111313	0.937283055
0.695700017	0.849997998	0.828635407	0.864007117	0.92542074
0.812212866	0.934834994	0.636899702	0.843087076	0.862967124
0.707850701	0.852771369	0.839319308	0.877807645	0.838987501
0.727852809	0.888025603	0.704014742	0.909118073	0.943536852
0.960202535	0.908919935	0.978712191	0.823754368	0.894985041
0.745264744	0.872714392	0.903359476	0.879193364	0.838190812
0.831867404	0.948189887	0.545255801	0.901367559	0.89926413
0.900744328	0.929254782	0.746114121	0.920198318	0.85779745
0.781983477	0.930837361	0.897636517	0.864642041	0.916988051
0.690682956	0.94115037	0.511632255	0.947444629	0.871435047
0.870781622	0.940872386	0.991803216	0.892865319	0.878507628
0.8213571	0.95253059	0.794607314	0.941095197	0.899903723
0.904709079	0.970360302	0.767025978	0.951521479	0.982389578
0.865417107	0.908713092	0.883705472	0.963858131	0.871116186
0.834724859	0.814853081	0.737758898	0.890588437	0.898492855
0.866135401	0.931440087	0.855347397	0.953115218	0.879487796
0.716755384	0.896186136	0.556440559	0.955669732	0.958998002
0.799514836	0.885614044	0.719096064	0.904532372	0.890964586
0.860787118	0.861742039	0.781424113	0.933796905	0.93971899
0.717113286	0.877057049	0.974072176	0.915997974	0.916855925
0.786620362	0.933308365	0.759706539	0.910860193	0.926912887
0.849491467	0.895114306	0.782153669	0.901258948	0.864794439
0.818963129	0.920260389	0.895511454	0.87738624	0.920589332
0.903762544	0.929729921	0.735246127	0.874289776	0.866375446
0.82525804	0.873517972	0.680688565	0.982275931	0.892709754
0.752197917	0.9155397	0.722233541	0.853011139	0.873471984
0.815794449	0.847251228	0.779226195	0.953842103	0.876351291
0.711822034	0.894162225	0.955977825	0.915249891	0.917147282
0.721828659	0.846031868	0.649909265	0.926668546	0.883994939
0.86732165	0.894624133	0.514983084	0.900692611	0.905853665
0.803320208	0.869706408	0.654525261	0.875676792	0.882514472
0.827655055	0.882063012	0.817988534	0.906724192	0.926777452
0.836336458	0.879865241	0.946581702	0.853061777	0.778229531
0.817561327	0.924587369	0.752934426	0.884633883	0.877405175
0.717959198	0.934286237	0.611750141	0.81734898	0.95194261
0.77554476	0.916094625	0.632687437	0.867135809	0.924818447
0.859694174	0.844940597	0.834510982	0.885032022	0.93215022
0.805794937	0.845867519	0.598060497	0.92658915	0.901005648
0.819754951	0.883408711	0.603815939	0.927637415	0.917877614
0.906151772	0.935366695	0.804928082	0.827045581	0.880979601
0.838747265	0.905906224	0.716555656	0.927375784	0.895811162
0.822458363	0.917627026	0.582972688	0.866306933	0.916027988
0.802825813	0.895969602	0.577173117	0.78937149	0.848915553
0.759102443	0.924479632	0.539243454	0.890298061	0.897122777
0.888433653	0.985674172	0.583248587	0.948518655	0.902803157
0.788201665	0.799823425	0.806608843	0.89104178	0.917906804
0.8613768	0.90790599	0.892420335	0.855954956	0.947495972
0.817006447	0.819200637	0.555443465	0.923916256	0.906251857
0.812286872	0.957290312	0.692318442	0.881185877	0.857925211
0.822978928	0.852461011	0.787432989	0.940895555	0.87719324
0.809421437	0.859280632	0.70575411	0.87773815	0.924437978
0.853345915	0.99730509	0.508872891	0.858554139	0.828602094
0.763505248	0.901467941	0.813962318	0.833706628	0.891882636
0.836231741	0.87105253	0.853775522	0.872757932	0.981794686
0.874560268	0.894343714	0.629856505	0.960184822	0.93960427
0.866714872	0.891319546	0.888306308	0.906838465	0.960065683
0.802381526	0.877006819	0.905523688	0.872674598	0.847626164
0.703126927	0.861636869	0.706975773	0.880814185	1
0.821625053	0.926574124	0.815746205	0.848003351	0.938217749
0.866040773	0.89323808	0.647205368	0.952321916	0.881725584
0.815873763	0.896150302	0.860373704	0.863563019	0.90274583
0.826295697	0.902720292	0.600658976	0.808775095	0.860976546
0.75006242	0.891531016	0.85812048	0.905439165	0.85436149
0.782487819	0.842912262	0.774313027	0.925190555	0.84803274
0.825517852	0.919128073	0.758349072	0.849429799	0.906873981
0.798705763	0.900641568	0.853339266	0.945944793	0.900116714
0.820223923	0.931379459	0.625138183	0.858023108	0.904026
0.743670521	0.888945577	0.890341021	0.856442508	0.860464824
0.90752946	0.882549331	0.513044858	0.866062214	0.879516405
0.822435751	0.897287872	0.832969805	0.795221009	0.829125831
0.810741204	0.879780641	0.795525083	0.976922218	0.833771354
0.787295761	0.883027334	0.849482095	0.828788808	0.903834371
0.901372031	0.916186849	0.906797184	0.872266156	0.886101865
0.811229117	0.939143973	0.511275594	0.878948025	0.821582427
0.819349205	0.820186599	0.537922549	0.924576121	0.9247905
0.840466532	0.922167021	0.751366005	0.816071013	0.855526634
0.841677975	0.923218165	0.869154062	0.956747865	0.871840599
0.82015209	0.836201502	0.517674278	0.829941019	0.853361816
0.702157233	0.939118344	0.889061108	0.849926689	0.859072022
0.92181785	0.821720999	0.868390242	0.957247776	0.834491158
0.834452588	0.900879114	0.657216541	0.823668112	0.939963134
0.86743017	0.926094917	0.740114789	0.83426808	0.913406965
0.832447835	0.876367625	0.808942297	0.963313869	0.924967281
0.745874529	0.874483756	0.57319262	0.856951893	0.847129706
0.81313503	0.868991636	0.977959395	0.872949825	0.86750402
0.875559027	0.951119503	0.676773514	0.890612229	0.850293853
0.762364595	0.943026565	0.663805373	0.899214402	0.915644876
0.831217429	0.89666	0.702956459	0.839864032	0.889602781
0.793403031	0.83872185	0.952713195	0.896950847	0.932530472
0.768019779	0.879433942	0.850380182	0.946458063	0.94307691
0.754208089	0.965358268	0.909695808	0.897905506	0.97704982
0.808262194	0.905039397	0.583908042	0.811178762	0.909279646
0.771997968	0.920661142	0.61252029	0.906734195	0.874374589
0.842157519	0.886730394	0.786523053	0.899512273	0.874331964
0.840918871	0.950583846	0.679580666	0.862956131	0.86055209
0.751323095	0.940939829	0.506051166	0.885842537	0.931691976
0.894456677	0.905945872	0.96237515	0.923321439	0.930739535
0.75340491	0.951036795	0.710302906	0.878441601	0.931474665
0.849550475	0.870471081	0.988643617	0.911838622	0.868576068
0.884021595	0.898221141	0.794307339	0.862034167	0.878736821
1	0.890705183	0.949868075	0.953797886	0.85047349