16.049	0.039	1.098	0.664	-0.324	15.591	3.039	8.151
5.746	2.683	7.953	-0.147	1.305	13.452	0.178	1.267
12.089	2.310	0.732	-0.521	-0.275	8.968	1.837	7.779
19.397	2.966	1.294	-2.121	-1.354	1.900	2.934	0.570
18.786	0.630	6.113	-1.039	1.533	17.203	3.730	4.976
16.675	1.475	0.112	-0.342	0.556	12.875	4.792	7.441
18.838	3.294	6.288	1.224	-1.105	12.171	1.272	8.444
18.825	4.856	5.554	1.173	1.110	9.193	0.022	3.428
6.759	1.558	8.591	-0.286	0.892	11.970	4.908	3.700
18.603	2.373	9.052	-1.698	-0.547	18.893	2.308	6.696
9.857	1.821	0.162	0.068	-1.058	5.863	3.065	3.530
14.837	3.337	9.333	-1.548	-0.876	7.115	1.656	5.709
11.622	1.951	5.750	-1.134	0.534	14.637	1.386	6.956
2.988	3.861	5.525	1.416	-0.205	6.844	1.315	5.904
15.297	1.029	2.213	-1.907	0.813	4.690	1.533	6.009
2.421	1.994	7.504	-0.153	-0.416	11.888	0.067	7.699
5.766	4.312	6.793	-0.024	2.634	12.458	1.319	4.903
17.885	1.921	5.389	1.793	0.016	16.721	4.002	3.048
18.443	0.466	4.447	1.059	-0.398	17.714	4.776	0.486
7.364	1.034	8.874	0.861	-0.239	11.810	0.208	6.764
15.569	0.797	0.061	1.195	0.766	4.404	0.559	9.585
7.358	4.743	3.621	1.414	0.452	12.295	2.572	1.491
12.456	2.971	4.189	-1.209	0.969	2.276	2.497	2.274
13.325	3.223	7.383	1.146	-0.839	0.043	4.545	8.260
2.320	4.450	2.835	-0.400	0.361	9.299	1.590	5.254
5.910	0.508	7.721	1.193	-1.073	0.856	1.483	9.434
11.273	0.993	5.365	-0.412	0.842	13.232	4.628	1.748
14.610	3.222	6.257	-0.569	0.770	10.542	0.295	8.831
3.184	1.345	9.232	-1.936	-0.484	18.567	0.180	8.047
3.696	4.436	1.299	1.280	2.172	0.958	0.712	3.166
1.409	3.966	3.351	-2.064	-0.537	11.619	2.816	0.356
11.215	4.674	2.956	-0.421	0.850	2.259	0.996	7.390
11.569	4.980	7.631	-0.830	-1.458	18.736	0.233	0.316
0.124	0.653	6.834	-0.314	0.119	19.835	4.053	0.909
8.569	3.086	1.783	1.567	0.822	14.531	1.645	0.388
3.137	2.321	0.758	0.184	-0.437	16.930	2.608	5.455
16.655	4.303	7.022	0.526	-1.438	1.775	4.895	0.015
6.929	1.686	4.899	-0.862	0.428	17.401	0.855	3.691
5.502	1.670	3.491	1.269	-0.467	5.653	3.770	8.816
17.145	4.992	9.559	-0.053	-0.312	5.945	4.259	4.470
2.618	2.533	3.077	-1.071	-0.091	7.922	0.171	2.203
15.135	3.785	8.364	-0.164	1.835	15.577	4.304	0.785
12.582	4.927	4.078	2.238	0.801	3.772	3.901	9.927
2.824	4.386	9.000	0.713	-0.646	18.564	1.441	1.918
17.655	3.283	6.187	-0.831	-0.522	13.657	2.528	2.627
9.443	0.243	4.867	-1.215	-0.505	15.386	0.873	4.515
6.128	1.516	5.731	1.314	-0.899	18.127	0.623	4.564
7.256	4.388	6.091	0.268	-0.891	14.664	2.996	4.787
10.157	0.654	5.425	1.284	2.186	12.811	4.506	5.637
3.462	4.166	8.975	-0.863	1.186	8.798	0.306	9.187
16.806	4.795	2.911	-0.712	-1.209	3.099	4.762	9.003
19.252	1.468	4.661	-1.883	0.257	6.447	4.303	1.906
10.339	2.084	1.110	-1.555	-1.242	17.975	3.780	8.855
3.348	1.727	2.923	0.215	0.017	4.963	1.537	7.952
5.990	0.680	8.448	-0.459	-0.396	8.085	0.726	8.252
8.971	0.056	2.090	-1.620	1.310	4.958	2.975	7.491
11.874	2.317	5.120	-0.890	-0.155	13.366	4.777	9.568
2.755	2.397	8.606	-1.672	0.938	8.410	1.125	1.422
5.242	0.468	5.156	0.145	-0.838	4.278	0.226	4.197
15.020	0.096	0.332	-1.192	0.782	15.393	4.343	0.185
19.208	0.079	2.825	0.689	-0.742	17.597	4.086	0.786
12.749	0.295	3.144	-1.804	0.783	18.432	0.315	5.274
15.967	1.193	5.040	-1.026	0.516	3.231	2.628	2.628
11.591	3.631	6.552	-0.624	-0.230	13.318	4.257	9.980
9.775	3.368	9.638	-0.561	-0.298	19.240	4.697	2.460
12.271	1.317	3.418	0.857	-1.449	8.426	1.145	2.838
6.264	4.960	9.396	0.275	-0.761	12.634	1.922	5.902
12.868	1.635	3.662	0.345	-1.145	2.116	4.623	2.562
5.658	4.989	6.177	-0.240	-0.666	19.547	3.785	8.102
14.205	0.708	1.915	1.464	1.405	1.046	3.202	5.204
1.269	4.758	5.905	-0.609	-0.488	18.450	2.761	9.853
11.736	2.314	6.270	0.287	0.139	5.037	4.484	4.817
16.210	3.962	7.529	-1.987	-1.392	14.957	3.576	4.633
14.162	0.507	5.367	0.654	0.181	2.595	1.663	2.519
10.417	4.222	8.947	0.451	-0.589	0.113	3.538	2.889
5.132	2.225	3.124	1.481	-0.674	9.768	4.478	0.467
2.915	4.715	7.048	-0.198	1.249	1.541	2.440	6.364
8.750	0.040	8.966	-2.775	0.642	11.364	0.408	1.630
9.930	1.828	0.270	-0.096	0.936	8.987	2.089	8.334
7.738	3.761	9.282	0.581	-0.244	14.759	3.011	4.649
12.017	2.331	1.905	-0.511	1.170	15.334	2.659	9.741
4.933	0.870	5.639	1.069	1.418	16.139	4.908	2.435
1.617	4.329	7.426	1.554	0.597	7.624	4.489	8.362
12.777	1.085	4.448	-0.239	-0.239	8.449	1.675	5.649
17.947	4.198	1.733	1.675	0.185	5.949	4.639	0.284
10.593	4.758	2.944	0.966	0.584	6.760	3.131	1.235
14.906	0.395	3.318	-0.848	0.021	17.382	0.290	5.030
0.695	4.679	6.310	0.977	-1.611	3.917	0.648	7.386
18.366	0.222	7.403	0.321	-1.393	12.224	4.174	3.726
7.666	1.764	7.917	0.236	-0.880	7.125	2.459	1.441
12.381	1.127	6.458	-0.271	-0.750	19.431	4.114	6.556
7.140	2.898	3.351	-1.057	-2.026	2.994	1.427	2.915
13.156	4.106	7.656	-1.689	-1.079	18.712	4.947	9.671
11.271	0.849	0.512	1.333	0.558	13.241	2.123	3.644
13.951	0.857	8.565	0.876	1.687	3.230	0.765	5.930
5.994	1.105	5.577	-1.234	0.751	10.470	1.352	5.037
14.283	1.528	4.869	1.633	0.630	3.175	2.396	8.479
10.958	4.298	9.114	-0.269	-0.695	4.903	3.042	2.636
8.227	3.423	3.262	-2.447	0.227	4.521	2.074	2.245
18.436	0.945	0.470	0.235	-0.847	19.804	4.327	9.157
19.821	3.092	8.786	1.222	0.244	7.747	0.783	8.627
13.512	2.002	9.960	-1.412	0.085	19.477	0.713	0.876
13.659	2.389	2.224	0.515	-0.595	6.786	0.650	3.599
14.499	4.770	0.529	1.948	1.072	19.588	2.514	8.263
1.200	4.967	2.494	-1.578	0.290	9.813	4.777	7.008
12.928	4.325	6.597	0.093	-0.722	10.625	1.759	9.362
11.106	1.672	8.797	1.307	2.145	9.802	4.473	5.834
1.653	3.133	2.224	1.242	-1.228	4.171	1.338	3.269
13.443	2.690	8.421	-0.625	-0.268	15.348	2.491	7.558
7.441	4.893	2.519	0.166	-0.173	5.630	2.079	5.140
10.655	1.462	3.033	1.957	0.048	17.464	0.683	2.654
0.489	3.035	2.822	-1.449	0.772	2.476	2.314	7.963
6.079	4.610	4.743	1.484	-0.606	16.370	3.516	4.510
4.775	0.995	5.383	-0.068	-0.310	6.141	4.855	2.548
17.929	3.678	0.662	1.966	-0.449	16.999	2.431	0.474
5.288	3.928	0.986	-0.818	-0.226	11.049	3.643	1.315
18.395	4.634	0.105	-0.571	-0.508	5.262	4.742	4.687
9.099	1.302	4.094	-0.797	0.933	13.213	4.392	6.280
19.976	2.517	5.282	-0.503	1.377	2.294	3.825	9.110
14.006	4.763	9.999	-1.434	-1.793	12.015	1.070	7.385
8.716	0.081	5.105	-0.176	-0.538	3.495	3.305	1.667
0.258	1.290	7.843	-1.448	-0.008	0.374	1.102	0.846
13.377	0.792	6.824	1.419	-0.110	6.641	0.966	3.187
17.708	2.489	1.126	1.714	0.120	2.007	3.473	3.892
1.167	1.321	2.155	1.454	-1.829	6.436	2.685	3.831
19.932	2.070	1.564	0.403	-1.360	5.857	3.872	7.216
7.816	3.776	7.779	-0.721	1.358	14.046	3.030	1.698
11.012	3.570	3.262	-0.523	0.113	10.874	0.083	1.605
19.773	3.133	0.060	0.490	-0.588	13.602	4.641	7.687
14.299	1.238	1.116	0.546	-0.378	10.473	4.114	6.758
12.770	0.942	2.780	-0.771	-0.174	8.781	1.619	0.334
14.688	3.526	5.155	2.066	-0.193	5.829	0.935	6.477
15.145	0.319	9.122	-0.168	-0.414	15.776	4.713	7.607
1.646	4.234	3.386	-1.387	-0.629	16.128	1.907	8.857
8.648	3.355	5.578	0.383	0.136	4.923	3.840	9.882
9.893	2.356	2.369	-1.221	1.022	13.848	4.214	9.453
7.546	0.617	9.641	1.336	-1.436	17.719	0.856	2.838
13.886	2.671	8.669	0.524	0.129	10.227	1.837	3.782
3.796	0.389	5.242	-0.726	-0.294	16.632	1.165	4.926
13.375	1.861	9.507	-0.039	0.791	11.651	4.345	7.931
10.505	0.872	4.945	-0.309	-1.436	18.006	4.548	4.069
13.756	1.990	8.617	-0.004	0.109	1.427	4.708	9.321
19.262	0.623	2.147	-0.417	0.555	0.679	0.137	6.554
7.012	2.941	7.183	-1.004	0.583	2.562	0.405	4.973
10.518	3.794	1.776	0.204	-1.263	17.792	1.181	1.988
4.652	4.474	7.930	1.395	-0.698	17.377	1.731	5.622
13.043	1.970	9.604	1.234	0.446	7.717	0.108	4.381
7.856	0.743	3.191	-1.519	-0.878	7.506	4.884	1.503
15.483	4.543	2.395	0.474	0.257	16.395	3.391	7.251
14.642	0.668	9.897	0.948	2.759	11.653	4.131	2.659
17.034	1.283	0.697	-0.062	1.287	19.883	4.156	7.450
11.600	2.312	2.992	0.468	0.287	0.156	3.877	8.313
4.125	1.918	9.354	-0.528	-2.238	15.469	3.244	3.972
5.034	4.347	9.294	0.205	-0.212	9.038	0.140	9.383
17.363	0.741	4.139	-0.793	-1.339	7.715	0.352	5.929
1.534	2.569	4.711	-0.925	0.092	4.637	2.924	7.758
9.518	3.039	4.111	1.994	-0.967	0.706	4.816	5.536
16.054	0.617	1.451	1.065	-0.367	2.625	3.647	9.003
16.484	3.958	3.996	0.966	-0.962	17.184	3.505	4.996
3.169	0.539	7.708	-0.071	0.945	8.135	4.448	5.826
9.693	0.954	5.965	-0.414	0.144	3.882	0.966	4.907
17.165	3.737	4.115	-1.179	-0.692	15.998	1.847	4.516
4.377	2.267	6.619	-1.508	-0.313	10.842	4.758	3.781
3.915	4.841	2.580	-0.521	-0.448	14.280	0.395	9.058
2.476	2.696	1.106	-0.375	0.973	7.458	3.412	6.450
0.747	2.961	6.416	-0.441	-0.833	9.913	0.557	8.814
10.503	4.999	7.860	0.111	-0.333	18.295	0.889	7.245
4.766	3.955	1.597	0.373	1.121	0.967	4.668	5.605
0.778	2.685	9.990	-0.597	0.672	0.035	4.798	2.942
17.286	1.711	0.051	1.260	2.217	0.221	2.283	8.105
6.101	0.372	0.059	0.854	0.940	19.606	4.724	5.475
16.135	1.942	5.759	-0.931	-0.254	10.878	4.999	6.020
2.220	1.173	2.223	0.443	1.260	11.586	1.075	7.699
10.417	3.016	0.795	0.735	0.261	11.816	0.126	1.437
9.441	2.498	0.834	0.112	1.747	4.351	1.099	3.097
15.732	0.675	7.809	-0.643	-0.759	0.533	1.929	4.011
12.628	4.237	5.466	-0.119	1.391	9.425	0.529	8.125
0.204	4.704	1.004	-1.436	0.338	11.609	3.613	2.909
8.080	4.848	4.659	-2.938	0.756	7.026	0.507	1.057
18.832	2.628	0.595	-1.396	-1.977	5.476	3.838	1.006
3.079	1.715	9.111	-1.273	0.601	11.814	1.767	7.483
17.733	1.350	4.138	0.466	2.376	6.004	0.118	8.438
5.860	2.821	4.581	0.646	1.167	18.976	2.900	0.662
6.455	3.820	2.079	-1.104	-0.859	12.180	4.966	2.582
5.234	4.076	7.894	1.298	-1.409	2.959	0.133	5.360
7.864	4.202	9.068	0.070	-1.498	12.365	2.020	8.323
18.926	2.440	1.018	-0.457	0.384	11.557	3.203	9.348
18.107	1.440	8.551	0.208	0.258	3.187	1.257	7.843
14.471	0.824	9.631	1.582	-0.620	13.122	4.685	0.774
9.143	0.072	2.600	0.107	0.822	8.063	2.038	8.748
3.731	3.779	2.211	2.577	2.380	5.418	0.692	7.749
11.278	1.966	5.644	0.587	1.146	18.881	0.212	7.500
1.429	4.681	7.034	0.633	-0.531	5.198	4.904	3.128
13.125	1.554	4.362	-1.445	-1.094	4.618	2.429	4.266
14.306	2.866	6.511	-0.078	0.090	14.286	1.495	5.564
4.803	2.422	0.790	-0.861	0.757	9.013	0.642	0.707
15.079	4.077	0.787	0.409	0.217	15.794	2.383	6.779
2.800	3.555	1.128	-1.840	1.940	12.374	3.890	2.305
0.028	1.035	5.608	0.619	0.304	11.217	0.030	0.724
11.599	2.602	3.889	0.653	0.147	8.289	0.011	3.412
10.547	1.116	1.182	-0.879	0.238	17.995	2.837	3.087
16.352	0.663	2.301	-0.177	1.247	8.415	2.075	7.797
2.196	1.509	6.162	-1.576	1.796	13.105	3.803	6.303
15.546	3.602	2.650	-0.567	-0.337	18.860	4.853	9.069
9.023	3.771	7.890	0.627	0.277	8.672	1.824	2.673
17.069	2.470	0.031	1.851	0.369	11.793	0.441	3.741
13.667	0.484	2.107	-3.047	-1.416	9.602	0.122	7.614
17.594	4.843	0.571	0.921	1.011	18.708	4.467	5.417
0.681	2.183	2.846	2.310	0.014	6.821	1.997	7.718
14.145	2.723	0.635	-0.516	-1.349	6.433	2.607	6.860
4.323	3.381	9.138	-1.580	-1.236	10.091	4.156	7.429
9.784	4.470	0.507	-1.615	-0.710	2.449	4.128	1.733
0.998	3.733	1.732	1.092	1.628	7.375	3.181	3.576
9.278	0.695	9.349	-0.549	-1.375	5.510	4.714	0.501
17.502	3.518	3.931	-0.108	1.988	17.432	2.226	9.089
6.566	2.236	9.640	0.647	-0.149	12.774	3.476	4.377
13.280	1.668	0.637	0.539	1.280	12.695	3.665	9.122
17.169	3.549	2.178	-0.361	-0.640	17.021	3.857	1.947
4.178	1.938	9.061	0.361	1.320	3.518	4.865	7.175
19.194	2.274	2.799	-0.856	1.387	2.636	0.368	6.294
10.505	3.480	1.131	-1.256	1.719	9.196	1.571	3.447
11.194	1.755	7.442	-1.321	1.060	0.445	4.812	5.342
17.184	0.949	9.236	-0.324	-1.717	4.969	1.926	5.156
10.612	1.390	3.037	0.963	-1.233	15.603	4.821	9.906
14.130	0.185	1.900	-0.429	1.112	11.815	3.896	6.550
12.176	2.247	3.539	-1.818	-0.978	3.724	4.426	5.246
17.523	4.879	7.354	0.741	0.962	5.610	2.664	8.399
9.436	1.771	4.258	-0.729	0.709	3.016	1.631	5.785
3.088	0.335	0.748	1.460	1.712	5.843	3.865	3.360
19.649	4.122	3.966	0.289	-0.893	8.693	1.575	5.705
3.082	1.950	8.370	-0.191	0.406	16.098	0.137	0.300
12.078	3.128	0.071	1.325	0.913	4.723	4.522	3.658
9.672	4.468	2.294	-1.161	-0.308	13.708	1.490	7.005
18.334	4.130	4.847	0.542	0.574	17.536	0.581	8.285
5.211	3.719	7.884	0.187	-0.465	12.720	4.659	7.713
18.563	4.360	3.926	-0.595	-0.232	12.383	3.089	0.696
15.830	2.516	3.373	1.380	-0.299	19.796	2.820	1.235
10.955	0.315	7.009	-0.335	-0.651	6.915	3.545	4.026
9.211	2.196	2.250	-0.209	0.787	8.623	4.652	6.300
5.466	0.903	0.861	-0.129	-0.107	7.853	4.140	2.903
1.414	3.162	9.817	1.677	0.491	18.790	2.721	0.036
0.194	2.004	0.761	0.161	-0.889	6.917	4.338	7.765
19.396	3.199	3.306	-0.430	-1.354	13.228	3.068	9.086
1.229	3.157	3.961	0.401	0.492	10.267	3.564	3.463
2.010	4.247	4.298	-0.828	0.006	9.644	3.127	8.083
9.549	4.806	8.612	-0.739	-1.157	10.578	1.668	3.813
5.043	2.704	7.166	-1.185	-0.869	3.417	4.996	7.324
2.386	0.243	8.856	-0.257	1.314	6.500	0.400	8.680
2.842	4.805	7.080	-0.924	0.731	16.010	0.377	2.941
8.689	2.723	2.697	-2.199	1.217	19.088	0.786	6.373
8.136	3.036	4.888	5.754	5.415	3.769	4.853	4.782
5.938	0.864	2.881	19.942	5.827	5.217	5.090	5.881
7.834	0.440	1.845	8.663	3.013	4.906	3.703	0.575
17.272	2.684	9.220	11.534	8.831	6.519	4.074	8.022
17.210	1.567	5.691	9.787	3.856	5.098	4.711	9.494
11.987	3.388	4.803	19.746	0.237	4.721	4.539	3.020
2.901	4.960	2.353	0.119	6.681	6.358	5.439	2.085
12.394	2.271	5.751	15.291	0.996	4.203	4.815	6.359
5.292	4.830	5.570	16.420	3.237	5.495	4.574	6.165
16.594	2.998	0.517	9.132	1.989	5.390	6.547	9.613
4.319	4.893	1.632	12.450	9.789	4.200	4.245	1.329
8.163	2.019	4.044	6.876	7.781	4.746	4.067	0.522
3.523	1.221	9.409	17.993	1.276	1.797	6.380	0.019
10.176	3.808	2.688	13.180	1.019	4.310	6.142	9.583
6.371	4.339	1.316	16.726	2.004	3.551	5.778	8.413
5.736	1.528	1.954	5.609	2.691	3.976	4.985	6.325
9.563	3.262	3.906	13.665	1.026	5.224	6.500	1.292
17.171	4.427	7.761	6.407	2.681	6.603	5.654	7.998
9.953	4.042	6.614	9.707	7.668	4.958	7.241	2.323
4.967	3.783	5.171	5.437	9.893	6.040	7.020	7.533
18.401	4.103	8.526	11.379	0.074	5.637	5.643	0.875
3.670	2.373	8.048	7.663	5.884	5.034	4.520	5.447
10.581	3.669	5.084	15.312	5.449	4.468	6.299	7.417
11.103	2.440	2.681	14.096	0.832	4.437	4.314	9.877
2.304	2.914	8.230	14.740	0.641	8.260	5.822	9.784
3.767	1.899	1.421	10.533	2.353	5.777	5.273	1.217
5.641	4.250	5.408	5.814	9.405	4.712	5.931	6.201
10.579	3.235	1.589	3.484	5.249	4.797	5.489	7.597
7.608	2.580	4.976	19.537	5.250	6.623	4.790	3.651
7.350	2.494	9.520	15.282	9.936	3.785	4.808	9.097
2.352	1.949	0.894	0.114	3.374	4.846	5.058	8.912
5.819	4.248	6.272	10.930	0.216	2.453	5.578	2.375
7.688	4.144	9.913	0.085	8.629	4.822	3.715	0.527
1.233	2.781	0.859	2.582	6.933	5.273	4.199	2.732
7.286	0.614	6.051	3.431	9.375	3.998	5.536	1.514
14.415	1.315	0.341	11.300	0.511	4.964	5.647	1.577
11.914	4.709	5.568	9.993	6.352	4.295	6.217	9.732
11.224	3.361	4.772	2.313	3.935	4.537	4.170	5.450
6.594	1.981	0.335	15.192	4.546	6.830	3.033	5.548
11.071	3.178	8.253	13.919	8.566	5.821	5.331	0.116
18.859	4.016	1.325	3.608	6.597	4.592	2.520	5.026
4.266	1.913	0.918	16.144	6.494	4.932	4.963	6.836
3.550	4.314	0.972	13.002	4.974	4.987	3.667	9.133
10.470	3.671	9.651	18.553	2.104	4.959	5.009	6.310
6.641	3.690	4.484	0.301	3.809	5.110	5.720	9.125
8.634	1.521	9.894	3.721	5.554	5.343	5.199	7.451
2.667	1.326	5.735	2.433	8.708	4.485	4.871	6.759
4.780	4.468	0.339	14.579	7.458	3.489	6.075	3.687
17.369	2.255	5.002	6.907	0.731	4.396	4.949	9.368
10.153	2.079	9.793	14.847	6.640	4.128	5.253	6.130
15.135	3.979	2.445	19.019	8.853	5.013	5.777	1.444
6.857	4.461	8.140	8.021	7.302	3.367	4.111	5.341
16.698	0.432	1.715	2.141	5.831	4.113	5.086	2.114
7.620	1.436	6.728	7.492	5.672	5.953	6.205	4.987
2.545	1.979	2.548	10.913	3.702	5.542	5.155	7.649
19.115	0.076	2.761	12.314	0.509	4.212	5.405	0.798
2.494	0.529	5.733	3.218	0.444	4.118	4.121	3.801
16.969	2.750	0.938	17.097	5.484	5.553	3.813	9.305
3.698	2.847	3.296	5.693	5.428	4.243	5.635	0.144
15.011	2.997	1.037	5.195	6.769	6.165	6.086	8.387
3.461	1.322	5.162	18.327	6.188	4.890	5.116	1.838
1.716	1.122	6.730	8.849	1.284	5.161	4.414	3.439
2.613	4.749	0.216	5.875	8.735	5.968	2.228	8.814
9.776	1.892	4.716	0.290	0.328	4.816	5.329	6.036
13.254	0.445	4.781	8.115	1.399	3.130	5.919	3.757
13.865	3.961	9.191	13.561	5.625	5.248	6.105	4.765
3.531	1.408	5.847	2.496	7.862	5.905	4.611	2.562
15.165	4.292	1.711	11.113	5.879	5.392	5.509	1.999
4.671	4.330	0.617	13.123	7.700	5.195	4.609	4.905
11.442	4.554	5.635	12.422	7.509	5.987	4.008	2.648
1.497	3.405	6.023	19.356	9.197	4.649	5.173	5.622
8.310	3.335	8.227	15.330	2.962	3.612	5.102	7.435
6.851	3.994	1.438	4.093	6.954	4.320	5.876	6.715
15.738	4.898	8.058	2.013	7.217	4.442	6.082	7.583
15.797	0.198	5.292	6.491	4.712	6.643	3.772	7.053
11.316	4.441	1.809	17.394	4.876	5.873	3.673	2.952
0.513	3.459	0.588	16.768	4.689	4.268	5.382	5.570
5.671	4.631	2.617	3.349	1.969	3.973	5.994	3.293
8.679	1.588	9.768	19.419	4.025	3.732	5.213	5.011
19.706	3.271	8.925	12.781	1.595	5.221	2.782	8.497
5.914	0.137	0.370	15.613	2.012	5.413	5.918	9.550
18.045	2.111	3.547	14.830	5.040	3.719	4.781	4.477
5.207	2.757	1.908	16.148	4.157	5.241	3.287	4.254
2.150	0.613	4.282	8.207	3.939	5.121	4.527	1.084
10.614	0.874	0.403	10.446	5.435	6.472	5.886	1.177
12.249	3.814	0.032	0.267	6.759	3.780	5.700	8.216
14.391	0.631	7.142	19.020	0.436	5.526	4.897	4.305
7.611	4.648	9.699	13.907	3.266	6.052	6.588	3.623
8.591	2.997	4.741	11.115	1.765	6.501	3.217	1.942
13.152	4.174	9.339	3.814	1.270	4.155	4.922	1.078
0.168	0.152	5.992	6.507	5.677	6.869	3.646	3.820
15.103	3.676	3.175	15.419	9.451	6.356	4.580	3.718
19.646	3.231	7.629	7.297	0.963	7.328	4.927	3.462
12.317	4.146	3.480	5.868	9.656	6.101	5.770	5.029
3.076	3.302	1.413	18.151	2.205	6.568	5.127	5.232
3.918	3.304	6.930	8.101	7.567	4.006	4.761	2.023
6.488	1.183	2.931	15.953	5.882	5.392	4.053	7.495
15.751	2.728	3.453	0.741	1.768	5.020	6.143	1.854
12.720	4.932	7.847	3.417	4.900	5.264	4.314	5.824
7.331	2.925	9.643	9.156	7.567	5.225	6.320	8.361
4.848	3.876	5.930	4.638	7.514	3.951	4.740	6.234
0.412	2.975	3.535	3.685	5.365	5.561	4.106	4.762
10.344	1.559	5.256	12.019	4.721	2.057	5.243	0.021
4.811	0.636	7.702	4.842	6.675	5.341	4.322	7.500
10.845	4.796	4.244	2.595	7.093	5.995	5.972	9.210
4.814	2.292	2.963	7.922	3.395	5.132	4.484	2.792
17.466	2.616	1.166	18.654	3.679	4.366	5.010	4.149
4.085	3.878	6.145	15.301	2.084	5.613	4.966	2.667
15.829	1.051	0.414	18.927	9.792	4.351	3.439	2.073
5.285	3.248	5.697	7.550	9.450	4.145	5.873	8.146
11.057	1.024	1.265	10.328	6.889	5.707	5.328	6.350
16.575	3.525	1.980	3.763	4.034	3.886	5.781	3.042
18.791	4.765	1.939	3.502	1.103	5.922	6.514	2.359
7.294	4.819	4.162	11.917	0.855	5.381	5.000	2.038
9.752	2.692	0.395	12.805	6.673	3.734	4.171	4.980
11.990	2.566	7.402	4.976	4.426	5.311	3.880	2.570
13.257	4.192	4.767	15.143	4.024	5.113	5.862	2.479
9.932	1.733	4.351	1.626	0.179	5.584	4.457	7.027
7.153	2.501	1.275	12.063	5.622	4.218	4.407	1.702
10.830	0.266	4.385	13.260	2.812	3.244	6.735	0.066
6.618	4.233	1.619	15.089	0.536	3.913	6.078	0.766
9.552	4.835	2.946	6.329	3.131	4.779	6.260	0.212
6.174	4.398	7.471	4.805	8.921	4.070	4.076	9.603
17.281	0.499	8.553	8.750	2.449	5.264	5.857	3.848
16.497	0.055	8.562	10.817	3.622	4.057	6.413	1.014
3.692	4.223	9.493	1.664	7.999	6.283	4.978	8.798
19.058	1.537	9.058	18.086	0.012	5.166	5.986	7.419
5.837	2.232	4.186	3.072	5.380	4.811	4.320	0.105
0.052	4.084	8.994	12.734	2.226	4.061	4.461	2.457
0.193	4.904	5.405	2.062	6.953	4.552	4.651	5.217
3.309	1.302	3.269	11.615	7.899	7.284	5.172	2.837
15.105	0.596	1.054	11.210	8.569	5.612	3.978	3.845
15.955	0.059	9.486	11.711	3.359	5.155	3.718	0.510
9.195	3.726	5.653	18.462	7.711	3.567	4.070	0.785
3.279	4.165	5.832	3.833	9.578	4.313	6.057	7.124
3.607	0.950	9.745	15.938	1.153	5.892	5.753	5.639
7.532	2.213	4.041	1.122	3.843	5.653	5.411	9.541
1.762	2.704	3.608	19.136	9.259	4.202	2.752	5.395
3.369	3.251	9.737	14.985	3.313	4.825	4.883	5.292
12.488	1.608	2.627	17.066	4.621	4.138	5.428	5.760
19.744	0.523	7.010	3.538	7.080	3.875	4.607	9.668
3.819	2.175	7.740	11.245	1.818	4.801	4.303	0.607
19.440	0.617	0.479	11.773	9.597	4.960	4.370	4.642
1.021	3.847	7.990	15.964	1.731	5.797	4.785	6.633
17.938	0.801	8.423	10.262	3.453	5.114	5.274	7.764
3.874	2.797	4.401	6.497	1.432	4.586	5.406	1.952
19.598	0.649	0.048	16.152	8.433	3.775	5.257	7.145
16.901	3.925	9.409	1.432	9.843	3.765	6.559	5.073
5.711	0.373	9.118	10.221	9.448	5.484	5.801	7.473
0.824	2.808	2.571	3.899	4.760	6.456	5.266	4.054
14.128	4.465	1.407	4.828	1.388	4.929	4.439	1.429
17.194	3.856	8.884	17.239	3.297	7.505	4.838	8.516
17.883	4.673	8.708	6.884	2.186	5.344	5.179	7.392
0.687	1.696	2.285	11.386	4.164	5.500	6.057	6.665
10.657	1.419	3.132	17.655	2.367	5.027	6.665	4.478
7.548	3.996	9.783	13.557	5.449	5.715	5.488	2.953
14.658	1.148	2.501	17.705	2.408	4.928	4.737	7.074
14.850	0.390	5.855	0.604	7.927	4.746	6.534	3.476
9.738	3.240	5.238	16.847	2.264	5.663	5.489	1.216
12.060	2.104	0.148	11.887	6.336	5.059	4.748	8.852
2.125	4.761	9.939	10.956	6.970	4.822	6.607	0.172
11.585	4.934	2.627	11.860	1.961	6.153	3.064	0.011
10.696	0.505	3.486	1.173	8.158	6.244	4.801	7.526
16.794	3.180	6.509	1.496	8.963	3.261	6.824	6.230
1.784	3.660	6.003	16.080	2.783	6.307	6.056	4.653
6.406	3.838	8.561	16.811	5.298	4.940	6.301	6.635
13.424	0.360	7.849	17.541	6.118	5.614	3.832	6.700
10.957	2.524	6.516	11.587	6.260	5.592	4.105	8.435
2.655	1.422	2.830	15.488	4.706	5.980	2.710	9.728
15.248	1.581	6.933	15.146	5.893	7.434	4.949	8.543
14.650	4.787	1.510	3.953	2.697	3.387	5.132	9.338
15.406	2.444	6.004	4.607	6.961	6.210	2.569	6.123
3.748	3.132	5.587	3.366	1.246	5.229	4.863	0.928
16.457	2.373	3.182	5.206	7.957	5.837	4.928	5.557
14.258	1.689	3.698	2.085	5.663	5.278	4.474	1.853
13.795	0.893	4.775	3.594	5.555	5.527	4.061	0.977
19.699	2.528	1.321	12.879	1.011	4.678	3.458	5.069
17.267	2.125	1.021	0.748	0.200	5.333	4.822	6.660
16.724	3.480	6.623	19.010	5.373	5.729	6.596	0.295
19.360	0.622	7.073	0.965	9.101	4.120	4.766	6.416
3.282	0.632	0.310	16.312	9.338	6.029	4.485	4.066
3.739	0.903	9.511	12.943	1.480	5.758	7.350	4.922
6.870	1.951	0.571	2.937	8.158	4.228	4.768	8.889
0.191	2.553	4.396	5.057	9.435	5.541	4.263	2.055
0.594	0.109	7.042	16.127	8.779	4.036	3.668	3.628
15.382	3.507	4.115	18.674	3.380	4.296	5.896	7.886
7.954	4.204	6.431	9.568	3.481	5.599	6.050	3.801
18.520	0.304	8.358	7.039	1.976	4.106	4.467	0.857
18.312	4.041	6.166	1.715	7.443	5.791	4.331	3.388
14.079	4.038	6.471	9.196	0.234	4.897	7.171	5.783
12.286	4.980	3.595	10.501	2.677	4.846	2.247	7.948
8.478	0.885	7.229	18.569	3.130	5.623	6.293	9.126
7.070	3.314	2.862	15.973	8.261	4.753	4.415	4.202
2.404	0.703	1.990	5.803	0.981	5.930	4.742	8.182
5.504	2.680	1.792	5.141	6.871	4.484	5.142	2.775
8.999	3.578	5.044	17.868	4.059	4.350	3.918	0.817
16.314	1.669	4.581	11.198	0.202	4.433	3.944	6.099
17.854	4.649	1.769	13.378	2.724	5.369	5.547	3.291
11.390	4.225	8.982	18.776	8.237	4.645	5.768	8.364
3.710	4.347	7.379	16.049	4.769	4.751	5.597	3.775
7.873	4.441	0.814	18.832	5.754	3.811	4.346	5.099
18.093	2.385	8.950	8.006	2.353	4.982	6.562	5.210
7.158	3.123	8.799	11.473	7.404	3.525	4.838	8.662
7.432	2.220	0.248	15.318	4.124	4.716	5.468	7.739
2.608	1.665	5.799	5.417	5.046	4.381	5.316	0.666
0.569	2.673	2.406	15.730	5.854	4.840	6.134	1.390
17.558	2.292	2.008	8.865	3.831	4.276	4.886	1.140
4.377	2.823	0.776	4.669	7.062	3.773	5.778	5.642
7.933	1.417	1.183	10.240	6.508	5.896	4.864	4.141
3.211	3.934	6.371	19.995	5.856	3.976	5.925	7.283
0.829	0.821	7.293	12.815	3.230	4.526	4.156	5.808
4.409	3.707	1.225	10.798	6.084	4.830	6.248	8.456
13.296	2.870	9.937	16.156	8.766	4.156	5.020	4.734
2.528	4.267	9.359	7.019	8.003	3.711	6.002	6.668
8.097	4.659	3.955	8.276	9.096	3.196	6.731	5.752
2.707	3.659	6.782	18.355	4.409	4.549	4.378	6.408
3.794	4.840	0.643	13.126	9.492	6.193	5.285	5.848
6.389	3.252	3.977	4.464	4.575	4.753	5.029	3.706
6.342	1.266	0.702	5.717	7.706	5.260	4.735	4.628
17.340	3.040	5.291	2.851	7.730	4.784	5.097	4.190
17.334	4.268	2.413	5.503	1.906	2.901	6.017	8.127
0.944	2.340	9.265	6.006	1.795	5.592	5.975	4.300
14.317	4.410	9.973	11.755	5.068	6.168	4.719	6.151
9.432	2.570	8.294	2.697	5.667	5.885	6.635	8.751
16.933	4.924	4.967	2.895	8.236	4.386	4.716	7.270
13.602	2.575	9.951	5.001	1.618	5.533	5.980	3.067
6.881	3.882	5.016	17.816	9.993	5.305	5.990	4.894
10.050	1.823	0.746	4.638	3.709	5.155	4.794	1.816
0.865	0.589	1.882	14.407	9.285	6.217	4.588	8.659
16.583	1.577	6.183	4.674	3.266	4.347	4.242	0.640
1.286	1.525	0.350	15.779	2.038	5.835	6.324	4.701
3.636	4.146	0.176	3.406	0.906	3.887	5.325	5.252
4.782	4.410	2.642	9.910	5.768	7.280	5.055	9.913
6.614	1.336	8.617	12.093	9.847	6.217	3.322	4.157
3.048	0.115	6.983	15.870	7.477	6.209	3.926	7.398
16.888	1.588	8.309	18.787	9.840	5.484	4.051	9.858
14.567	1.830	6.196	2.093	5.443	5.456	4.861	5.437
0.532	4.105	6.888	18.158	6.951	5.675	4.057	0.807
18.216	1.387	7.035	6.444	9.090	6.041	6.576	2.755
5.646	2.098	3.253	9.609	9.578	5.621	5.815	9.570
12.787	2.870	0.548	13.692	3.200	4.257	4.919	7.797
1.028	3.284	2.712	9.193	2.816	4.199	5.342	0.753
7.500	3.226	9.061	18.048	2.382	5.628	2.399	2.900
4.725	0.447	7.124	18.043	2.202	5.105	5.181	3.674
18.037	3.077	4.412	10.187	8.776	4.703	5.006	3.484
10.267	0.989	6.772	11.640	4.227	3.489	4.711	0.504
1.956	1.642	1.659	7.796	7.295	5.336	3.977	0.480
0.750	3.495	4.772	3.938	7.876	6.175	4.192	0.255
7.513	1.492	1.542	17.677	1.718	5.231	4.835	7.181
0.071	4.568	9.176	6.301	8.467	6.934	6.158	1.302
4.169	-4.097	4.306	15.957	-8.184	8.302	0.406	7.601
4.906	-5.958	9.566	4.303	-7.441	9.655	0.690	7.950
15.577	-6.804	0.237	13.531	-7.364	4.260	1.046	6.081
4.931	-8.420	9.280	14.977	-8.439	15.903	4.868	6.620
3.528	-5.548	6.696	14.533	-7.491	13.456	4.864	1.238
13.406	-6.296	8.180	7.652	-6.789	18.058	0.794	7.079
11.768	-5.655	8.948	18.814	-6.119	2.306	0.594	5.323
8.246	-6.368	0.660	0.724	-7.059	11.478	4.171	8.611
3.491	-7.846	7.017	12.627	-6.463	2.178	3.957	9.272
16.518	-5.933	2.474	9.167	-4.001	1.099	2.040	3.835
16.569	-6.238	4.493	10.760	-6.428	16.547	4.444	4.809
17.301	-7.073	8.192	18.256	-8.021	6.264	3.304	4.296
0.356	-5.869	6.901	15.463	-8.987	0.624	4.349	3.871
14.253	-6.480	5.006	5.717	-7.046	12.828	2.418	3.255
9.651	-6.435	0.922	0.871	-6.821	19.074	3.475	7.986
11.968	-6.619	5.332	6.801	-6.400	16.044	1.584	1.276
8.992	-6.647	2.111	5.570	-5.645	4.957	3.856	0.722
7.588	-7.838	6.269	2.724	-6.496	1.988	4.701	6.400
5.344	-7.280	9.508	16.935	-8.055	7.470	3.880	9.312
14.091	-8.909	1.512	6.356	-7.867	14.337	2.495	2.462
14.075	-6.488	1.012	16.951	-7.428	8.875	3.121	0.928
2.822	-5.727	6.474	2.242	-8.540	8.424	3.911	5.554
7.608	-8.134	5.267	3.369	-6.021	7.847	0.260	8.780
3.756	-7.164	0.247	10.899	-6.396	8.815	1.185	9.877
13.762	-6.129	7.963	4.237	-7.914	8.154	2.230	4.243
3.361	-5.106	8.113	17.467	-7.759	13.654	2.919	4.727
10.772	-7.797	4.770	4.370	-7.994	10.380	3.091	4.840
13.398	-6.662	4.413	6.073	-7.584	3.222	3.513	8.984
1.090	-7.121	8.233	12.729	-6.887	18.702	0.584	3.684
8.498	-5.145	4.142	14.631	-5.685	9.123	0.763	9.631
2.430	-7.756	8.074	12.100	-6.266	4.322	4.841	5.082
14.048	-7.823	8.810	14.392	-7.468	2.700	4.160	6.477
7.479	-6.288	8.345	4.305	-6.861	19.896	1.511	4.284
12.771	-6.524	6.389	15.501	-8.698	18.700	3.384	1.318
17.152	-7.786	7.652	7.941	-5.425	19.078	2.240	3.790
18.619	-5.116	1.838	10.490	-8.462	6.247	1.673	1.268
8.958	-8.380	4.211	2.023	-6.034	19.982	2.874	6.789
10.252	-7.947	6.552	17.130	-7.979	19.245	2.150	9.400
18.790	-5.868	2.331	9.852	-6.618	18.627	2.796	7.277
1.872	-7.700	0.102	10.393	-6.837	9.050	3.378	2.288
11.354	-6.258	3.184	1.618	-5.956	14.773	3.965	4.544
13.291	-6.836	5.174	10.129	-7.175	11.492	2.691	7.912
1.330	-7.329	2.026	12.604	-7.209	4.219	3.133	7.633
5.285	-6.257	1.701	19.897	-6.401	6.347	4.754	3.493
14.680	-8.354	4.308	8.724	-6.685	9.124	4.337	4.984
2.976	-7.382	4.439	18.743	-7.458	3.859	1.640	4.392
8.836	-6.490	8.066	0.780	-5.555	1.220	0.456	1.542
4.058	-7.910	9.373	14.100	-7.762	18.072	4.314	8.887
0.454	-6.413	0.519	1.831	-4.863	11.403	1.193	9.390
0.618	-7.544	9.938	3.224	-7.043	6.649	0.980	8.465
0.244	-9.310	2.432	2.386	-6.652	13.607	1.095	0.215
18.979	-5.527	0.624	19.584	-6.544	9.998	4.452	2.558
9.466	-7.536	0.696	10.791	-7.844	14.630	0.963	0.588
13.586	-7.691	0.323	11.314	-8.373	8.924	1.407	7.342
3.406	-8.404	4.643	9.647	-7.933	4.136	2.529	4.129
2.711	-6.796	2.782	6.317	-6.752	1.780	0.204	1.832
8.588	-6.716	3.246	11.319	-6.764	9.616	3.094	0.332
11.414	-5.456	8.027	6.076	-6.474	14.129	0.270	3.665
13.472	-6.416	5.530	19.490	-7.161	2.421	0.617	2.498
2.710	-6.365	4.533	15.025	-5.815	5.684	3.894	1.131
16.098	-8.083	0.016	4.611	-7.139	7.120	4.252	7.488
16.137	-7.026	6.048	15.421	-8.201	17.637	0.701	7.263
0.349	-6.992	9.601	2.954	-6.037	17.050	0.396	6.168
4.404	-8.028	5.447	11.344	-6.621	9.736	4.141	9.405
8.097	-7.623	3.532	3.739	-7.309	7.154	1.360	5.352
11.400	-6.830	6.477	11.939	-6.445	6.736	2.819	7.169
16.173	-6.665	1.432	18.186	-7.813	17.644	4.533	5.668
2.187	-6.373	2.114	14.330	-8.712	13.596	2.676	7.626
7.477	-8.306	2.564	18.145	-6.763	9.187	3.654	8.563
1.917	-7.792	5.290	17.509	-9.078	1.240	4.694	9.292
9.343	-6.211	4.474	9.343	-8.002	17.487	1.645	1.489
6.444	-7.598	4.797	14.722	-6.047	19.945	0.011	5.518
11.227	-7.157	0.742	18.548	-7.181	0.942	0.864	2.991
3.875	-6.932	8.872	0.471	-6.144	15.487	1.213	8.814
11.923	-6.809	5.161	5.737	-6.568	8.095	2.212	0.459
15.689	-6.763	3.517	13.478	-6.769	11.935	1.301	0.581
19.390	-6.042	5.278	6.232	-5.675	18.189	3.034	5.168
8.841	-6.340	2.671	14.172	-5.921	4.515	1.677	2.008
9.974	-7.111	3.227	3.379	-8.368	4.535	1.949	6.777
9.009	-8.958	4.963	15.125	-7.079	7.701	3.070	0.432
9.820	-6.916	8.307	1.852	-8.808	19.428	0.847	9.714
6.359	-7.159	4.554	15.942	-6.138	14.528	0.759	6.442
4.451	-5.940	1.668	17.891	-5.956	13.890	2.148	8.690
17.831	-7.657	9.567	9.546	-6.830	19.236	2.928	8.660
0.346	-6.903	9.583	6.910	-6.989	11.366	3.355	0.648
14.348	-7.576	6.364	9.961	-7.616	0.330	4.273	9.078
4.788	-7.997	4.719	7.595	-8.841	8.801	4.439	7.257
14.765	-7.081	1.002	7.216	-7.711	10.976	4.412	4.003
7.749	-6.922	3.717	14.805	-7.690	1.845	1.200	8.017
13.326	-8.030	3.660	15.159	-7.117	10.270	0.212	7.758
0.326	-7.920	4.988	18.786	-6.726	7.122	1.605	1.375
4.835	-6.369	8.117	19.683	-6.358	3.021	0.074	8.246
12.182	-5.643	3.835	14.306	-8.499	14.639	3.281	4.058
6.587	-6.863	0.385	14.839	-7.380	15.985	1.165	1.618
8.468	-6.130	0.188	4.762	-8.387	9.741	1.313	4.463
13.271	-8.559	8.589	14.171	-6.547	11.128	4.913	5.493
10.876	-9.525	1.409	13.499	-5.778	9.692	1.305	4.198
15.650	-7.683	1.049	6.339	-7.832	11.704	1.636	2.395
4.493	-6.001	6.651	17.743	-6.803	7.697	4.805	9.779
18.565	-5.864	6.370	1.382	-7.573	1.058	0.342	3.537
2.611	-7.943	3.501	14.508	-7.547	8.904	1.979	8.277
16.185	-7.899	5.701	19.573	-7.460	5.479	3.322	7.115
14.173	-8.260	4.575	7.535	-8.889	10.618	2.785	4.318
7.697	-7.118	8.196	1.159	-6.759	6.900	1.937	0.631
14.348	-8.760	3.473	3.570	-6.035	18.609	3.415	4.278
16.020	-7.310	2.742	1.366	-6.832	7.395	1.847	0.879
1.971	-7.171	5.565	12.272	-7.531	14.526	3.519	6.631
0.576	-7.945	7.364	4.937	-7.530	13.761	1.830	0.012
9.063	-9.022	1.314	1.930	-6.461	17.711	2.094	0.447
10.423	-5.750	4.034	5.154	-6.638	8.626	2.014	3.632
5.505	-7.707	4.468	1.037	-7.717	2.774	2.889	1.255
19.279	-6.617	1.364	14.397	-7.329	5.580	1.636	8.108
10.217	-8.764	0.434	17.352	-6.967	11.750	3.323	0.889
19.456	-7.984	7.815	1.862	-8.280	4.656	2.570	8.463
7.593	-6.612	2.885	2.053	-7.735	11.243	1.040	3.385
18.926	-8.932	7.375	3.046	-6.936	19.974	0.105	3.523
10.598	-8.205	7.536	19.323	-6.818	16.227	0.140	5.645
5.549	-6.870	3.718	12.787	-8.614	5.652	0.384	3.365
3.076	-8.280	8.949	16.968	-7.488	3.895	0.867	2.098
15.527	-7.272	8.227	7.841	-5.541	9.871	1.650	5.546
10.626	-7.806	4.700	6.927	-6.236	14.819	4.206	5.969
8.763	-6.699	4.106	1.046	-7.744	12.321	4.409	0.698
11.080	-6.268	1.198	17.581	-8.189	8.829	3.645	4.577
0.205	-7.193	6.816	16.323	-7.801	7.561	0.776	7.852
13.915	-7.375	1.302	3.969	-8.253	11.534	3.653	7.362
13.781	-7.639	1.337	11.137	-7.314	16.713	0.094	7.233
5.248	-5.755	5.769	16.819	-7.492	12.537	1.688	7.411
9.509	-6.695	7.832	11.760	-7.525	11.312	2.811	4.134
3.637	-7.489	9.434	12.524	-8.680	18.415	3.076	9.381
17.120	-6.651	8.073	6.050	-7.471	6.672	3.219	7.200
6.659	-8.317	8.775	5.239	-7.443	10.026	1.452	9.767
4.401	-6.639	0.606	0.580	-6.290	18.782	0.081	1.209
5.011	-6.650	3.638	16.856	-7.798	15.263	0.969	1.913
4.931	-7.258	2.485	0.214	-7.170	9.015	2.204	0.958
12.095	-7.491	4.507	19.244	-7.190	12.384	0.092	9.505
4.368	-6.722	9.058	1.660	-6.933	6.871	3.555	0.228
11.767	-6.804	9.453	10.580	-6.509	7.041	0.089	6.959
15.741	-6.128	0.016	10.004	-6.431	4.621	0.431	1.275
5.302	-7.919	8.787	12.597	-7.745	3.635	1.426	3.552
4.124	-7.031	4.739	10.074	-7.119	11.147	1.744	0.184
7.820	-10.059	2.917	16.717	-7.061	17.562	3.227	7.485
9.944	-7.266	0.244	0.639	-7.182	18.400	0.233	2.910
19.248	-7.442	4.840	18.415	-6.100	17.752	1.315	6.456
14.682	-5.937	3.070	8.830	-7.765	10.735	3.615	8.015
12.800	-6.765	7.028	6.127	-5.114	18.090	2.828	5.081
12.087	-6.138	0.403	1.039	-7.082	0.537	2.920	5.589
19.914	-6.720	4.329	9.446	-6.297	19.726	0.817	4.391
11.576	-6.326	3.265	12.580	-6.717	16.921	2.310	7.154
6.824	-8.631	9.651	8.320	-7.869	7.793	4.541	8.836
1.476	-5.579	1.181	9.768	-7.661	13.117	0.515	8.574
1.979	-5.717	5.149	12.073	-8.853	1.184	0.908	5.422
0.894	-5.854	1.682	2.293	-5.348	18.978	0.530	7.592
2.435	-6.062	8.107	3.616	-8.136	2.215	2.083	6.500
7.671	-6.844	8.542	17.183	-5.118	3.619	0.383	2.240
1.500	-7.360	3.210	17.843	-7.464	5.637	2.260	1.432
4.648	-8.660	7.349	3.239	-4.963	12.504	2.449	9.253
13.855	-6.770	2.285	4.825	-5.788	11.596	3.933	2.394
13.411	-8.443	2.857	7.816	-5.950	6.672	4.943	8.482
3.185	-7.213	5.167	5.314	-7.998	15.334	1.356	1.116
9.104	-6.783	4.978	6.380	-5.474	19.613	4.905	6.247
9.318	-7.144	6.256	1.850	-5.490	14.073	1.350	9.044
4.398	-5.715	4.150	8.321	-6.650	5.935	0.756	9.584
4.114	-5.983	6.483	2.271	-6.809	10.300	2.905	0.325
8.731	-5.841	8.242	18.565	-6.689	1.068	1.048	0.745
8.724	-7.766	9.564	16.671	-6.392	17.847	0.655	8.830
1.842	-6.858	6.972	6.906	-6.413	0.655	0.326	3.829
3.712	-7.687	5.263	3.712	-6.003	0.090	3.238	8.314
4.513	-6.416	9.096	11.144	-6.837	19.949	1.579	7.228
19.556	-7.690	2.443	0.285	-9.643	6.365	1.631	8.478
8.091	-8.124	2.043	4.573	-6.610	7.209	0.432	6.729
7.707	-7.496	8.724	11.948	-6.039	17.833	4.433	5.461
13.441	-5.649	9.996	1.021	-5.287	5.623	0.051	7.821
14.787	-8.637	4.746	0.232	-6.634	14.592	0.653	9.677
7.818	-6.425	2.707	15.314	-6.968	4.611	3.563	9.338
5.969	-6.177	6.704	7.868	-5.306	15.173	3.105	9.004
2.209	-7.715	2.086	16.508	-6.910	16.924	3.378	5.832
4.837	-6.812	1.884	11.784	-6.719	1.754	3.352	8.739
2.227	-6.701	4.391	1.146	-8.216	3.334	0.730	0.728
19.441	-5.813	0.994	0.627	-7.976	4.968	2.216	3.025
3.433	-6.495	0.719	17.603	-8.123	5.895	2.840	3.310
19.487	-5.977	8.654	3.663	-7.634	19.248	2.103	4.688
2.810	-7.094	2.109	15.830	-5.944	8.523	1.938	5.336
5.385	-5.503	2.718	13.724	-7.530	3.781	2.956	8.053
17.835	-7.417	1.587	1.368	-6.034	3.924	3.404	4.894
16.314	-8.117	1.819	9.125	-7.459	13.678	1.783	6.414
14.193	-6.726	6.165	14.568	-8.670	9.607	1.467	8.942
1.004	-6.116	5.181	7.587	-4.975	7.505	4.752	4.909
3.553	-6.337	3.511	2.716	-6.230	9.127	0.796	5.545
17.160	-6.902	8.530	13.422	-6.449	7.933	0.993	3.839
7.165	-7.431	2.975	11.421	-8.857	7.113	1.519	5.424
8.323	-8.699	5.989	0.225	-5.950	14.527	1.442	8.530
18.018	-5.437	3.916	11.941	-7.285	11.419	1.621	6.114
3.823	-6.767	9.481	11.936	-8.188	11.031	3.434	1.621
15.934	-6.907	6.022	3.687	-6.633	12.752	1.545	8.804
8.299	-6.574	7.929	10.038	-6.137	13.425	2.806	6.381
5.649	-6.685	3.659	14.249	-7.640	18.417	2.125	1.708
14.619	-7.334	9.644	9.203	-6.310	5.717	0.150	0.441
19.250	-7.472	6.837	1.066	-7.864	11.793	3.084	7.137
4.155	-8.128	8.475	15.189	-7.272	14.385	1.462	0.844
3.086	-8.626	4.348	15.830	-9.541	9.947	0.900	2.834
15.030	-4.200	9.864	18.295	-7.220	18.244	0.183	7.314
5.408	-5.599	5.572	8.360	-7.011	1.907	2.182	8.063
11.820	-7.659	0.665	9.309	-6.589	8.280	4.332	2.132
17.167	-6.966	6.693	16.986	-7.730	10.521	0.493	0.280
14.317	-6.458	7.244	8.191	-5.947	10.705	4.870	3.667
13.814	-6.907	2.597	19.672	-5.579	10.347	4.966	9.772
12.818	-6.739	7.065	9.565	-6.735	4.665	2.597	1.516
10.955	-7.366	7.137	19.397	-6.449	12.502	3.239	4.495
17.613	-7.407	0.825	19.325	-6.166	8.607	1.924	2.577
4.941	-6.962	9.218	4.333	-7.262	17.365	3.157	4.742
2.783	-8.214	2.158	1.087	-5.919	13.294	1.392	4.256
14.345	-6.473	9.109	12.362	-7.012	10.804	1.522	2.935
6.602	-7.497	2.984	0.522	-6.345	10.232	1.123	9.493
14.989	-8.636	0.334	15.864	-7.030	6.274	1.177	2.601
15.915	-8.476	4.591	8.059	-7.766	7.308	0.955	0.366
10.750	-7.172	0.106	6.366	-6.986	18.141	2.429	2.556
15.862	-7.076	7.230	4.310	-6.919	3.116	1.611	4.800
11.888	-7.503	6.509	9.959	-6.940	18.711	3.980	7.483
3.960	-8.258	3.391	13.273	-7.318	18.969	3.143	2.557
6.118	-8.416	6.323	12.711	-6.907	4.335	1.369	2.091
0.037	-6.464	2.483	18.584	-6.100	9.125	2.843	7.830
9.195	-6.071	7.596	13.325	-8.627	1.104	3.763	0.114
14.277	-8.085	0.045	6.561	-6.588	3.539	2.128	8.138
2.344	-7.509	8.477	6.965	-7.704	0.285	3.031	8.910
15.508	-7.098	9.448	2.550	-5.271	14.551	2.654	8.458
3.827	-5.884	5.901	17.466	-6.083	5.717	3.715	7.535
14.859	-7.917	1.697	14.516	-5.464	7.018	3.236	3.981
1.886	-7.439	5.250	3.772	-5.407	7.935	2.391	8.329
0.711	-7.836	0.080	8.509	-5.094	0.414	1.254	5.336
10.017	-6.326	8.825	10.446	-6.937	13.911	0.919	5.134
4.765	-6.745	4.067	0.752	-6.702	17.351	1.335	3.158
17.983	-7.062	1.633	19.362	-7.264	18.254	4.432	1.224
5.755	-5.832	9.522	19.562	-8.636	4.456	2.547	0.101
4.988	-6.121	1.943	10.492	-7.155	10.787	1.564	4.789
6.000	-5.821	4.169	5.037	-5.576	5.998	1.917	8.395
2.225	-7.468	0.465	9.883	-9.120	16.923	0.323	2.987
17.172	-5.837	6.278	4.148	-5.705	16.538	1.145	7.546
6.765	-6.191	2.981	16.909	-7.741	11.199	0.682	3.217
9.967	-7.799	0.469	18.304	-6.216	16.783	3.848	2.199
0.937	-7.480	1.024	17.431	-5.991	12.221	4.908	0.277
15.174	-6.645	2.154	2.494	-5.900	13.218	2.245	2.465
11.485	-6.531	2.199	7.236	-6.150	7.091	3.188	8.569
1.595	-6.478	8.296	5.314	-7.426	10.779	0.202	1.506
1.612	-6.828	4.991	4.616	-6.584	10.793	4.846	1.691
1.479	-7.759	0.146	19.936	-7.622	9.522	0.255	2.733
17.203	-7.551	5.121	13.423	-9.101	9.086	3.481	9.803
16.655	-7.257	1.374	3.569	-7.542	6.995	2.097	7.247
10.249	-6.226	1.099	18.074	-6.076	9.308	1.626	1.859
14.984	-6.458	7.623	18.992	-5.922	4.128	1.550	8.030
6.851	-6.655	2.641	1.065	-7.748	12.132	2.512	7.854
10.055	1.597	6.151	10.027	6.199	7.078	10.390	9.713
11.301	4.888	9.204	13.593	3.972	17.942	10.605	11.434
2.016	1.635	1.097	16.992	6.232	5.514	12.737	10.544
13.591	4.912	5.770	4.326	1.568	13.003	9.498	11.428
2.232	1.645	5.935	5.755	4.227	19.844	10.738	10.967
16.359	0.127	5.301	0.534	7.794	12.181	11.344	12.157
19.380	2.040	4.473	8.367	7.062	10.126	12.105	10.387
9.640	3.251	2.487	13.807	9.563	4.955	12.378	11.850
16.132	0.753	4.470	6.111	2.739	4.300	11.389	11.260
1.581	2.931	1.591	4.218	1.389	1.890	10.132	10.805
8.721	3.019	4.954	12.777	6.800	13.001	9.998	10.941
0.196	0.163	2.534	9.796	8.438	18.487	10.507	11.724
14.472	2.065	0.597	14.317	8.118	14.238	10.684	9.732
1.791	1.331	3.597	7.584	2.444	5.523	11.503	10.185
10.460	1.464	4.973	4.366	5.600	7.723	10.723	10.748
3.705	0.063	2.329	17.376	9.565	5.677	11.508	11.493
0.966	1.858	0.463	7.281	8.319	11.248	10.840	13.524
19.103	4.281	2.840	4.974	3.458	7.093	10.169	9.588
9.387	4.957	6.501	2.603	9.547	12.987	11.483	9.894
0.526	4.189	7.358	8.988	5.358	1.314	10.952	9.863
17.431	1.438	4.482	12.319	1.611	15.434	10.442	10.775
3.414	1.699	8.906	15.964	4.755	19.570	9.464	10.712
5.889	4.775	2.972	17.239	8.712	14.388	10.001	11.316
8.299	4.416	6.811	0.143	6.002	4.281	11.373	11.618
5.715	2.880	9.887	9.604	3.102	7.019	13.311	10.563
4.490	0.639	7.496	9.107	2.551	12.959	11.368	12.498
2.740	4.284	4.947	17.115	8.320	10.503	9.038	11.051
5.028	1.068	9.866	7.787	3.762	0.328	10.460	11.749
5.634	2.128	0.786	17.047	4.227	19.856	11.430	10.692
3.955	2.850	4.221	17.827	6.275	2.298	11.194	11.504
3.660	1.224	2.796	0.010	6.615	15.394	9.455	11.284
1.738	2.582	3.435	0.876	4.610	1.254	10.689	11.061
5.989	2.422	5.332	6.450	8.505	13.168	11.290	9.983
5.201	3.943	7.640	17.197	2.803	5.074	9.921	11.668
7.285	0.283	7.099	8.227	9.290	10.658	11.056	10.387
8.922	2.878	9.168	14.441	9.342	2.338	11.553	11.923
19.572	3.885	3.982	12.338	4.905	9.261	12.234	10.827
10.090	1.858	0.510	15.885	2.822	3.658	12.054	8.661
12.769	2.205	6.456	15.820	9.452	16.074	13.166	10.513
8.256	0.497	2.107	18.839	6.698	6.052	11.673	10.509
19.198	3.189	9.917	16.121	8.036	4.907	10.875	11.050
9.639	2.302	5.626	0.202	2.326	13.627	9.328	11.033
12.679	1.131	0.708	8.331	8.400	10.185	11.026	8.872
5.621	1.214	9.658	12.025	4.032	16.331	10.768	12.324
6.087	4.637	5.287	16.099	8.955	2.119	10.620	9.526
17.377	2.026	7.018	15.776	0.024	5.418	11.738	11.964
1.624	1.552	9.898	13.031	1.030	15.415	10.455	11.558
19.302	0.062	6.087	0.057	9.517	5.654	10.427	10.538
10.926	4.024	5.645	11.851	7.681	18.034	10.334	10.502
5.174	0.842	9.148	9.502	2.251	10.710	10.423	11.378
10.764	0.828	2.468	17.882	2.760	8.890	11.773	11.387
1.839	1.553	9.177	4.047	3.197	6.943	12.509	9.589
16.620	2.005	0.130	14.964	0.762	5.760	10.038	10.732
3.811	0.585	0.389	7.214	6.969	15.841	11.356	11.080
18.707	1.946	6.118	5.628	7.278	16.381	13.020	12.125
9.221	4.957	9.115	3.572	0.996	8.325	9.469	10.324
9.054	3.520	0.302	12.245	6.804	18.057	10.114	11.937
5.464	1.108	7.933	3.666	4.277	17.918	11.096	10.920
10.861	0.509	9.556	11.924	5.963	3.325	10.465	11.849
4.354	4.662	1.760	8.231	8.778	19.563	10.279	10.112
0.438	0.693	9.309	5.172	1.331	9.864	10.503	11.738
7.267	3.003	9.438	6.680	9.964	2.299	11.792	11.709
3.797	2.768	0.283	6.444	9.199	5.069	10.596	8.521
8.649	3.999	0.137	17.394	2.055	11.062	12.750	10.237
2.944	2.379	5.969	1.008	7.176	18.358	11.591	11.805
3.322	2.957	3.163	6.945	7.434	0.683	9.707	10.926
19.897	1.741	0.227	7.312	4.229	11.825	10.657	11.053
1.872	3.727	4.738	13.405	9.012	11.136	10.339	12.332
1.428	2.495	4.274	18.624	1.300	5.865	10.961	11.431
19.290	4.992	1.990	16.941	4.441	18.720	10.978	10.872
15.993	3.209	6.428	18.169	6.432	18.408	10.910	10.279
1.835	4.961	5.207	5.671	2.538	10.506	11.286	10.860
10.694	4.964	5.186	2.525	7.262	9.433	10.725	9.914
11.777	3.963	1.381	8.717	3.171	17.360	11.876	11.453
2.810	2.607	0.308	16.162	2.253	15.046	10.830	10.968
12.388	4.691	1.458	15.715	8.328	13.349	11.046	11.067
3.449	4.283	5.972	16.068	5.920	7.657	10.274	12.005
16.122	4.435	7.595	16.528	0.068	4.942	13.450	11.392
8.597	1.560	6.413	3.919	3.450	3.131	9.905	12.487
17.084	1.996	4.083	7.401	9.304	7.513	11.397	9.578
19.223	0.607	8.351	8.869	0.699	10.459	11.202	9.297
6.795	2.462	3.340	15.110	9.313	12.344	11.178	10.552
18.425	4.806	5.252	7.620	5.386	3.740	9.637	12.020
19.600	3.498	1.152	10.054	9.744	10.115	10.882	9.903
8.864	1.990	6.225	8.011	6.045	2.573	11.567	10.242
9.506	1.501	5.874	17.794	7.977	19.714	10.124	10.460
10.502	2.237	2.176	19.955	0.683	18.881	11.241	10.501
7.372	2.252	0.029	17.058	8.673	17.704	10.751	12.572
16.321	1.774	1.946	13.505	8.758	3.556	11.177	10.898
10.728	2.364	3.780	15.535	4.355	3.818	10.674	10.962
3.933	4.607	4.598	11.099	0.724	8.114	10.991	11.416
14.362	1.726	2.081	9.986	4.658	5.949	11.478	9.348
7.694	2.879	1.911	4.585	2.876	4.465	11.545	11.599
15.709	2.863	2.077	4.419	5.973	19.705	11.626	11.136
12.795	0.676	7.080	19.137	4.194	6.825	10.781	11.110
0.208	3.683	7.582	1.612	2.301	19.433	11.761	10.384
0.552	1.766	3.338	17.637	5.328	16.421	9.963	12.129
19.402	3.463	8.131	9.200	1.088	19.600	12.717	10.331
17.848	4.357	2.746	6.772	5.124	16.973	11.517	10.436
3.409	3.967	9.654	8.939	6.951	14.900	11.178	11.360
8.689	2.403	3.790	2.591	2.060	11.083	10.151	10.917
13.464	2.511	4.234	14.699	3.943	13.653	9.885	11.189
9.603	0.617	9.479	6.481	5.133	3.018	12.255	12.866
5.991	2.137	3.126	18.873	3.784	15.340	10.973	10.887
14.250	4.418	3.524	5.546	4.196	8.470	9.586	10.570
4.286	1.767	2.587	13.234	2.501	16.240	9.937	11.888
13.962	1.981	0.829	9.259	1.872	12.338	10.229	9.738
9.455	2.204	6.358	0.752	1.650	2.025	13.343	10.987
10.870	3.054	9.874	11.229	8.691	17.679	10.806	10.387
9.495	0.157	3.600	15.942	6.410	14.817	11.104	10.440
19.760	0.899	2.042	3.896	0.850	13.716	9.537	11.309
13.108	1.951	8.636	4.688	0.064	0.751	11.519	9.265
18.285	0.806	2.163	12.839	3.802	12.622	10.413	12.065
11.908	2.664	2.197	12.091	9.044	9.781	11.836	12.184
8.452	0.414	5.584	8.735	5.837	7.861	10.736	10.230
3.384	4.550	1.070	15.364	2.689	1.360	13.114	12.428
3.191	4.493	8.287	14.516	5.503	9.806	10.430	10.482
2.510	3.753	9.130	9.148	1.825	3.607	11.342	11.431
16.762	4.560	9.277	7.148	9.144	8.242	8.954	10.628
11.685	0.717	0.095	12.559	6.647	19.920	11.271	10.781
5.712	0.971	3.760	5.985	7.963	7.986	10.510	11.667
10.642	2.075	0.030	1.142	0.846	8.391	9.093	10.115
14.352	4.614	9.319	16.078	5.631	18.039	11.471	8.513
8.140	1.250	2.627	4.783	9.439	13.753	11.518	9.258
2.218	1.877	5.726	8.244	7.037	12.818	11.601	9.843
15.146	1.839	3.811	6.959	4.509	18.233	10.697	11.019
15.869	0.209	7.974	1.770	4.555	13.936	11.840	10.780
12.609	0.234	5.801	6.207	1.791	16.723	10.804	10.318
19.357	4.867	8.700	15.843	8.577	0.338	12.113	9.850
10.482	4.567	3.663	2.574	0.260	12.911	10.195	11.240
10.004	2.813	8.107	17.549	6.142	19.685	13.614	11.753
7.603	2.384	4.813	11.434	8.547	15.718	9.881	9.385
15.147	1.678	8.334	13.525	3.549	8.200	12.006	14.589
3.347	1.727	6.224	16.709	4.685	17.174	11.396	9.781
17.015	4.312	7.817	2.294	4.961	18.401	11.283	9.727
14.092	0.310	6.665	10.000	8.787	12.993	10.958	10.589
16.906	2.104	0.104	15.550	9.119	6.331	12.589	9.750
10.691	4.172	1.225	16.915	9.452	11.687	9.535	10.212
2.477	4.005	6.285	6.051	5.226	3.503	12.680	10.229
5.377	3.940	6.595	1.477	8.237	3.957	13.606	11.254
17.563	2.043	1.476	10.579	9.518	18.598	11.114	9.673
8.587	3.786	1.115	13.184	2.835	14.737	13.722	10.243
18.112	2.421	4.102	14.638	9.099	7.690	10.414	13.384
6.886	0.449	5.889	6.777	4.506	12.788	8.797	10.567
13.241	3.145	2.311	12.732	8.721	11.673	11.892	9.183
10.010	1.393	9.370	13.313	1.109	7.221	10.842	12.045
7.006	3.715	4.886	11.152	6.228	9.666	12.254	10.107
8.661	0.628	8.673	6.394	8.868	9.803	10.442	11.976
2.578	3.772	8.033	8.783	8.164	7.364	12.787	11.684
7.315	2.959	4.121	4.626	4.924	5.763	9.540	9.939
12.358	0.161	5.522	7.718	6.006	16.678	11.843	12.046
17.168	3.237	8.472	16.885	7.578	19.379	12.290	11.218
13.358	2.733	8.840	1.717	6.598	0.731	9.716	10.105
7.966	1.124	5.242	8.863	8.363	19.620	10.230	11.192
11.613	1.044	2.476	11.156	8.140	13.346	9.028	10.293
16.875	4.337	4.674	19.008	3.601	12.023	12.425	10.548
9.062	1.682	9.396	2.439	7.266	8.819	9.530	12.171
11.440	2.722	4.623	19.795	5.696	0.671	9.978	10.705
10.751	1.048	2.266	1.385	2.168	17.401	10.820	12.166
17.027	4.525	4.959	6.458	7.094	18.502	10.670	12.820
0.225	2.160	2.109	0.756	1.065	19.433	11.080	12.398
14.406	4.971	2.885	12.987	0.348	17.207	12.610	12.235
7.009	3.054	0.902	3.898	5.341	18.381	11.972	11.494
14.492	3.812	2.868	8.648	4.253	16.014	11.005	11.992
18.443	2.527	0.100	7.983	7.446	13.709	10.165	10.125
15.078	4.921	3.671	3.179	6.182	4.690	9.583	12.040
0.661	0.363	3.437	19.710	3.565	16.865	10.321	13.006
19.282	4.916	2.518	9.868	3.510	5.444	10.908	9.994
14.811	1.436	5.145	17.043	9.800	13.564	13.308	10.597
8.567	4.748	4.491	19.863	0.893	7.064	10.896	10.887
14.836	0.420	3.811	19.242	0.924	6.673	11.050	12.418
10.424	0.052	1.854	5.206	8.616	11.938	11.402	10.465
17.561	1.185	2.561	17.151	7.563	3.109	12.642	11.433
12.748	0.117	6.722	14.651	5.652	19.771	12.006	9.895
2.332	0.221	7.177	15.759	2.671	17.762	11.955	11.971
11.770	4.796	6.565	16.764	4.622	13.596	10.717	11.360
18.293	4.559	2.720	12.663	5.354	0.829	10.291	10.180
4.118	4.660	0.514	10.381	4.868	12.365	9.686	10.828
6.469	2.268	2.132	14.720	2.167	9.465	11.509	11.036
2.632	3.807	3.541	6.204	9.532	7.922	10.512	10.135
15.865	1.979	7.708	4.917	6.042	14.483	12.256	10.077
12.584	0.358	6.546	2.437	1.743	11.716	11.036	10.595
19.637	2.278	6.194	8.952	4.363	13.742	10.108	11.221
11.000	1.776	3.952	17.402	4.204	2.224	9.989	10.925
3.008	3.904	5.163	0.808	8.190	0.148	10.549	10.633
10.820	3.207	0.262	16.358	1.888	16.920	9.981	10.068
10.946	1.965	3.671	18.865	2.588	16.569	11.793	11.257
1.623	1.247	8.333	17.006	4.487	1.068	9.906	11.083
8.069	1.451	4.482	6.035	5.246	4.886	12.091	10.991
16.205	1.539	9.825	19.685	7.018	3.299	9.724	11.157
0.074	1.859	0.223	19.182	3.818	14.305	11.577	10.733
6.190	3.203	7.553	12.169	0.718	0.174	11.451	12.754
5.150	4.240	9.378	7.248	7.943	17.898	11.432	11.242
11.616	3.623	7.140	15.106	1.271	9.303	10.808	11.063
15.648	2.278	6.311	18.685	7.676	19.048	11.074	11.173
13.423	0.063	6.250	7.470	1.759	6.369	9.099	10.579
12.267	3.745	5.457	8.152	2.553	11.427	11.567	12.225
18.586	1.275	3.286	8.252	3.847	5.954	11.127	10.213
11.696	4.261	4.694	2.939	7.097	12.383	10.083	10.382
10.670	0.701	2.825	3.815	2.277	10.883	9.055	10.950
13.058	3.449	5.988	14.890	9.990	9.072	11.344	10.628
0.787	1.975	0.929	10.178	0.799	14.661	10.829	9.633
2.494	3.371	8.353	7.879	8.666	12.434	11.481	11.349
6.546	4.285	6.853	0.060	4.359	1.736	8.874	11.749
1.280	2.340	2.801	7.014	1.542	4.623	11.460	9.754
16.610	0.088	0.788	5.819	5.653	16.830	10.123	12.198
16.169	3.154	2.512	13.620	5.894	5.404	12.730	11.853
2.127	2.176	6.054	9.457	7.867	11.711	10.851	11.951
1.609	1.654	4.321	15.546	8.038	15.379	9.874	11.826
17.487	4.932	7.633	6.670	4.709	12.152	11.441	12.913
5.003	4.559	4.914	2.429	5.872	11.829	10.162	11.428
14.493	0.575	7.211	2.754	5.267	2.376	11.236	13.378
5.846	4.929	2.547	10.458	4.356	10.107	11.356	11.573
4.246	0.130	2.213	18.241	3.582	17.745	10.394	8.532
1.579	3.618	9.447	15.068	9.603	1.110	10.643	10.725
10.460	3.560	9.211	9.804	2.473	14.644	10.301	11.890
7.435	0.315	3.429	15.415	7.442	15.975	11.728	9.912
6.364	4.889	4.422	3.024	5.168	15.120	10.731	9.164
12.466	0.784	6.592	10.936	8.444	10.159	10.891	12.400
18.638	4.053	3.643	12.665	3.941	5.842	11.859	12.108
11.067	0.455	8.974	8.210	8.982	9.062	12.622	11.413
19.992	3.400	4.850	11.056	6.541	4.260	9.824	11.175
10.472	0.596	6.957	1.356	9.822	0.747	11.862	9.632
8.436	4.704	8.977	8.728	9.459	8.362	9.384	10.466
17.162	0.942	9.007	4.710	3.758	10.038	11.646	8.598
13.168	1.582	8.332	11.369	3.677	7.594	12.113	12.053
13.913	1.732	6.500	9.297	0.495	13.067	10.463	10.099
1.935	3.912	2.865	4.632	9.615	6.227	9.595	10.771
15.746	3.701	3.207	5.566	9.379	0.722	11.675	9.961
7.138	0.950	2.705	15.476	5.465	4.854	9.919	10.648
19.140	0.600	3.618	18.605	8.683	0.725	9.051	11.358
4.590	4.568	7.462	6.113	8.166	8.316	12.219	11.524
7.542	4.509	3.054	13.089	2.497	13.734	10.468	11.773
17.516	4.134	0.127	11.074	8.876	17.846	12.363	9.507
4.754	4.080	8.885	7.956	9.596	5.485	12.163	12.468
17.688	4.554	4.954	1.320	2.371	1.631	11.488	10.714
14.326	0.942	8.726	12.826	4.970	9.332	9.772	10.390
3.765	4.356	7.897	2.074	3.532	16.584	11.600	10.682
19.484	3.668	7.503	16.542	7.911	18.246	11.842	10.171
6.273	1.832	9.973	14.724	2.056	8.872	11.646	11.970
10.464	3.412	0.452	10.762	8.172	10.170	11.053	11.045
13.528	1.322	2.131	5.046	1.386	11.929	11.352	10.518
14.758	1.606	0.549	13.676	2.119	8.033	10.576	11.816
5.666	0.080	8.247	17.101	6.733	7.507	10.790	11.887
13.850	4.071	6.027	5.959	2.687	12.516	10.760	9.234
17.709	2.402	3.424	8.031	3.363	12.725	11.450	12.278
0.956	0.166	9.019	14.527	7.658	1.278	12.450	11.698
0.726	2.091	0.863	2.308	1.770	9.141	10.369	11.210
4.679	2.776	4.708	12.554	9.148	18.854	9.660	9.692
7.658	1.611	3.502	2.376	3.408	6.646	9.433	10.685
