-1.392	1.595	0.196	4.977	11.198
0.899	-1.538	0.425	6.078	1.054
0.554	-0.619	-1.171	1.064	6.384
-1.227	-0.520	1.018	1.606	5.454
1.548	-1.973	-0.100	1.020	18.132
-0.402	0.647	0.555	7.673	16.845
-0.054	1.075	-0.392	4.899	18.112
-2.084	-0.910	-0.183	9.208	8.515
-0.875	-0.496	0.595	6.473	2.321
-0.055	1.735	1.444	0.489	17.093
1.717	0.585	-0.834	2.889	18.588
0.300	1.780	-0.256	1.338	1.532
-0.162	1.124	0.242	9.229	16.168
1.804	-0.135	0.240	3.887	3.753
1.009	-2.145	-0.157	2.384	17.624
1.843	1.784	0.234	0.949	12.123
0.192	-0.167	-0.792	4.548	17.420
-0.920	0.309	0.360	9.047	16.555
0.804	1.077	-2.112	2.503	0.406
-1.518	-0.591	-1.411	0.314	4.059
0.877	-0.252	-1.057	1.056	7.730
-0.811	-1.032	1.391	3.187	1.606
0.341	0.649	1.358	9.714	11.132
-0.106	1.196	0.490	2.497	17.152
-1.740	-0.946	-0.246	9.173	12.231
0.068	-1.263	-0.506	6.675	6.360
-0.053	0.448	1.168	1.506	16.254
1.634	0.977	0.848	6.919	13.351
-1.945	-0.006	-1.129	3.446	6.679
0.358	0.241	0.998	4.416	18.418
1.576	-0.315	0.621	6.785	11.681
-0.121	-0.699	-1.265	5.081	2.890
-0.366	0.233	-1.090	5.748	1.508
-0.226	0.804	-0.623	1.934	17.306
0.299	0.518	-0.703	3.269	17.151
-1.353	-0.857	-0.246	4.317	0.058
1.760	0.222	-1.648	2.383	2.123
-0.276	-0.016	0.551	3.817	11.815
-0.202	-1.577	0.859	7.996	17.283
-0.921	0.325	0.959	3.605	12.421
-0.153	-1.249	0.456	0.560	15.775
-1.027	-1.149	-1.304	9.737	4.749
1.880	-0.193	0.066	3.521	11.427
-0.388	-1.045	0.673	7.996	10.082
1.228	-1.687	1.339	0.521	17.484
-0.889	-1.469	-1.650	0.174	3.558
-1.087	0.119	-1.860	9.576	1.505
-0.804	0.900	0.355	1.122	7.467
-1.868	0.475	0.079	3.935	3.873
-0.363	-1.922	0.369	2.853	7.812
0.260	-0.757	-0.283	6.421	16.610
-0.784	-0.550	0.210	3.824	2.919
0.170	-0.410	-1.486	9.754	12.891
1.065	-0.065	1.380	7.513	10.265
-1.848	-1.359	0.707	7.060	0.215
-0.396	-0.352	-0.243	3.897	5.841
-0.093	0.375	0.465	7.067	12.334
-0.791	-0.633	-2.039	2.527	5.371
-1.437	-0.475	0.076	4.465	7.460
-0.174	-0.018	-2.813	9.782	14.094
-1.000	0.767	0.271	1.759	10.350
2.083	-0.802	0.388	1.062	2.864
1.389	0.552	-0.824	3.177	11.090
0.752	-0.127	-0.417	1.501	13.033
1.125	0.745	-0.668	6.195	14.173
0.036	0.769	-0.280	8.682	12.300
-0.901	0.746	-1.055	9.314	6.419
1.675	-0.193	0.321	6.407	4.881
-0.477	-0.566	-1.268	8.664	6.635
-0.781	-0.327	-0.110	3.588	16.052
-0.827	-1.272	-0.092	6.837	17.106
0.369	0.081	-0.964	7.251	11.647
-0.339	-0.160	1.770	9.125	19.623
1.124	0.029	0.764	8.795	2.910
0.217	0.462	-0.250	5.216	12.742
0.851	1.064	0.417	2.879	15.675
-1.192	-0.555	0.546	3.170	15.315
0.982	-0.393	-1.520	5.448	10.561
-0.332	0.240	0.616	0.438	2.852
-0.194	0.429	0.900	7.897	1.109
0.114	0.839	-0.038	7.920	14.524
-0.007	0.552	1.110	5.427	17.020
0.013	0.848	0.066	2.816	6.960
-0.187	0.620	1.145	1.610	18.552
-0.839	-1.100	1.920	8.808	2.936
-0.939	-1.011	-1.684	8.708	12.307
0.561	0.941	0.919	2.280	17.101
-0.077	1.160	0.938	2.046	5.914
0.652	-2.104	-0.584	8.283	2.569
0.956	-0.155	-0.234	8.157	12.723
0.615	-0.176	-0.281	4.369	16.620
1.498	-1.482	-0.373	1.676	5.075
-1.267	0.718	-0.188	4.308	15.750
-1.271	0.094	-0.834	4.297	16.767
-0.690	0.882	-0.536	4.895	14.460
0.322	2.279	0.603	8.038	6.290
0.970	-0.216	0.950	0.470	12.995
-1.067	-0.196	0.042	8.150	15.166
1.060	2.327	-1.678	5.627	4.441
0.847	-0.277	-0.429	6.952	2.082
-0.769	-0.293	-0.569	8.134	16.629
0.211	-1.438	0.681	6.859	2.906
0.781	0.028	0.525	1.327	15.610
0.364	-1.730	-0.810	4.474	10.181
0.066	-1.279	-0.006	3.662	11.875
-0.258	-1.023	-0.956	2.972	0.228
-0.282	-0.886	0.069	7.569	7.467
2.277	-0.381	-0.800	5.711	1.781
0.896	0.702	-1.172	6.025	12.296
-0.216	-1.274	0.958	3.182	5.140
-1.136	-0.521	0.489	5.228	6.389
-0.348	-1.134	0.394	6.086	19.530
0.572	-0.141	-1.313	6.117	17.950
1.197	0.920	1.109	5.709	16.645
-0.118	1.066	0.271	6.940	14.263
1.145	0.263	-0.141	3.345	19.176
-0.358	-1.519	-2.121	5.227	7.431
-1.695	-0.475	-0.331	5.279	2.467
1.225	-0.366	-0.032	5.101	0.500
-0.099	-0.204	0.407	2.050	1.224
-0.497	0.823	0.495	1.485	19.569
-0.276	0.604	-0.684	3.317	0.415
-0.689	0.769	-1.003	0.313	10.887
-1.155	0.327	0.873	0.067	7.538
-0.083	0.501	-0.898	5.815	3.507
-2.541	0.380	0.268	4.620	8.743
-0.961	-0.599	-0.614	4.832	5.640
-0.473	1.176	-0.136	7.746	3.325
-0.492	-0.508	-0.290	5.353	4.829
-1.229	0.001	-2.401	5.377	12.516
0.023	-0.467	-0.088	7.817	19.362
-1.561	-1.326	1.176	4.780	4.684
0.282	0.197	1.446	3.534	1.137
-0.174	0.400	0.607	3.038	7.052
0.038	-0.343	0.599	2.194	15.347
-0.414	0.818	1.913	6.067	7.662
1.200	1.448	0.477	6.470	1.993
-1.507	-1.127	0.032	4.214	2.180
1.572	-0.619	0.766	6.300	14.764
0.661	1.823	-0.721	5.664	5.039
-1.539	1.036	-0.798	1.519	19.603
1.137	-0.434	0.599	7.288	18.616
-0.979	0.705	-0.181	5.978	13.899
0.715	-2.289	1.200	9.010	15.617
0.578	-0.398	0.031	0.866	19.680
-0.057	1.285	1.061	4.234	2.841
-0.822	-0.289	-0.696	9.045	11.763
0.567	1.381	-0.277	5.479	5.780
0.771	0.174	0.320	9.203	17.212
-2.223	0.375	-0.243	5.889	10.238
-0.444	-0.843	2.068	4.292	15.300
-0.319	1.701	1.172	6.911	15.886
-0.673	-0.513	-0.082	7.661	11.282
0.866	-0.332	-1.773	4.676	6.273
0.253	-0.285	-1.471	1.211	19.095
-1.619	-1.684	1.393	0.732	4.802
0.392	0.365	-2.286	4.977	1.737
-1.208	1.098	-0.710	0.827	10.745
-0.627	0.528	1.080	2.532	14.588
-1.107	-1.629	0.666	8.856	18.774
0.907	-1.020	-1.079	7.888	3.826
1.064	0.765	-0.052	3.320	11.403
1.173	-0.004	1.410	5.269	9.844
-0.090	0.584	0.244	4.956	12.797
-0.798	0.788	-0.259	3.549	13.797
-0.156	0.610	1.354	7.658	7.605
-1.479	-0.190	-1.036	6.239	17.698
-0.953	0.322	-1.790	1.262	5.052
-1.014	2.007	1.225	2.469	2.361
-1.061	-0.241	-1.337	6.490	13.388
1.137	-0.127	-0.212	3.362	5.816
-0.757	0.488	0.299	8.579	7.026
0.637	-1.238	2.128	5.200	14.469
-1.008	0.661	-0.691	5.101	6.413
-0.424	0.145	-0.498	4.774	18.332
1.416	1.534	-0.247	0.219	15.933
-1.023	-0.724	1.131	4.353	6.327
1.818	-0.187	-0.500	7.360	13.165
-0.490	-1.037	-1.197	0.562	8.552
-0.528	-0.429	0.480	9.415	4.534
-0.281	0.026	0.315	0.994	5.311
0.071	1.270	0.165	2.497	19.958
1.720	0.735	0.920	0.953	7.119
-0.749	0.442	-0.349	7.122	12.267
0.494	1.703	0.189	8.069	12.212
1.498	-0.475	2.214	3.650	7.180
-0.463	-0.216	-0.001	4.657	3.230
0.958	1.486	-0.048	4.379	8.448
-0.521	-0.987	0.186	2.599	6.610
-0.685	-1.445	-0.259	7.271	8.530
0.240	0.896	1.488	9.428	0.956
-1.181	0.599	0.198	4.773	2.782
0.837	-0.707	-0.187	8.172	16.684
0.393	0.630	-0.228	4.835	14.560
0.026	-0.315	0.469	5.073	17.975
0.742	-0.363	-0.740	8.183	13.273
-0.145	3.034	-0.770	7.861	17.120
-0.871	0.563	-0.428	7.236	9.451
0.104	-0.004	0.110	4.146	9.598
0.117	0.264	-0.825	3.519	15.498
-0.556	0.429	0.062	2.074	18.221
1.701	-0.025	0.299	1.778	1.804
0.111	-0.100	-0.761	5.432	17.991
1.386	1.358	3.433	1.568	5.845
0.516	0.886	-0.524	5.265	0.441
-0.264	0.886	-1.807	1.020	9.436
0.571	-1.670	-0.936	7.315	13.858
0.422	0.497	2.515	9.626	10.893
0.497	1.925	0.588	3.003	19.865
0.666	-0.538	-0.096	2.684	13.094
-1.056	-0.272	0.177	2.420	3.866
-0.524	-0.811	1.699	7.649	9.652
0.073	-1.805	0.435	1.830	12.338
-0.896	-1.582	-0.413	6.460	1.228
0.835	-1.086	1.037	2.700	5.795
0.626	0.717	-1.280	8.280	14.093
-1.478	-1.207	1.560	0.439	17.905
-0.693	-0.662	-0.226	2.127	7.453
-1.442	-0.854	-1.682	7.580	3.476
0.092	-1.385	-0.638	9.754	8.118
-0.048	-0.183	-0.045	9.779	19.775
0.125	1.521	0.124	0.542	3.913
-0.598	0.056	0.042	1.675	12.130
-1.284	0.614	1.635	4.723	9.415
-0.684	-1.067	-1.067	2.107	10.762
-0.452	0.509	0.435	2.723	15.102
-0.933	-0.359	0.298	9.292	7.907
1.622	1.325	-0.008	8.277	4.586
0.507	-0.812	-0.615	3.292	11.576
0.123	-1.749	-0.321	3.550	1.786
-1.098	-1.076	-0.569	2.778	12.371
-1.537	-0.664	-0.296	8.681	0.637
0.000	0.992	-0.258	6.954	0.866
0.959	-1.340	-0.992	3.801	10.467
-0.031	0.578	0.024	6.152	3.635
0.672	-1.142	-0.079	0.960	14.755
-0.359	-0.240	-0.950	0.133	13.985
0.119	0.380	-0.659	0.415	12.063
1.004	-0.392	-0.785	2.750	1.690
-1.882	-0.564	-0.443	1.569	8.180
-0.336	0.712	0.559	6.760	9.721
-0.619	0.445	-1.668	9.103	6.738
1.467	-1.777	-0.465	9.512	8.090
-0.496	0.018	0.606	2.038	16.195
0.532	-0.155	0.872	5.364	9.134
0.187	0.347	0.332	9.722	2.264
0.157	-0.453	-0.666	1.482	14.875
0.866	-0.744	0.315	6.174	9.775
-0.109	-0.852	-2.441	5.423	15.862
0.214	0.145	1.340	5.280	1.560
5.397	0.511	4.929	4.344	18.831
4.664	6.733	4.903	4.771	17.261
4.282	6.470	5.437	4.415	11.786
5.016	7.468	3.235	6.283	18.685
5.654	2.021	5.162	4.976	13.706
5.713	1.930	5.434	5.977	0.871
5.079	7.648	4.387	5.322	1.476
4.572	7.150	5.699	6.232	12.360
3.820	5.312	5.844	4.694	2.545
4.040	1.926	3.408	5.863	5.686
5.119	6.923	4.627	4.874	17.092
3.459	9.721	4.872	6.288	2.929
5.477	4.300	6.447	6.134	19.670
6.520	9.517	4.967	5.004	6.775
4.001	6.967	5.476	3.298	11.348
7.140	6.386	6.500	5.799	16.615
6.367	8.032	3.439	6.204	8.201
4.635	1.235	5.186	4.608	4.647
2.830	1.418	4.783	5.403	7.389
4.381	2.564	5.501	3.050	15.427
4.872	1.051	4.010	5.937	2.231
4.729	2.921	5.187	5.097	5.395
2.760	7.444	4.178	4.616	15.045
4.748	3.464	5.700	5.332	8.412
4.198	2.800	3.576	3.688	6.092
4.240	2.064	4.693	6.515	12.408
5.680	7.323	5.564	7.121	10.313
4.207	0.988	4.271	5.193	12.509
4.827	2.687	4.113	4.165	14.725
4.805	9.927	7.200	4.612	11.380
3.407	8.750	5.144	6.685	3.097
5.467	1.846	4.735	4.165	2.440
5.025	6.076	4.402	6.890	9.022
4.061	7.875	4.577	3.887	5.379
5.974	2.145	4.390	4.077	10.674
4.213	6.286	4.572	4.798	14.170
5.520	0.025	6.983	3.908	11.585
4.468	1.089	7.520	4.148	17.568
4.687	9.487	4.232	5.371	10.140
5.005	6.020	4.652	2.764	10.807
4.281	6.769	4.872	4.988	7.637
5.407	2.796	5.725	5.090	4.453
5.696	0.976	3.804	4.281	4.895
6.898	7.423	5.338	4.374	5.321
5.230	7.430	6.149	3.839	9.383
5.313	2.132	5.655	5.353	8.515
6.186	8.404	7.067	7.630	16.560
5.238	8.078	4.838	4.209	19.687
4.742	4.429	5.406	5.622	8.539
3.647	4.888	5.121	4.906	5.741
6.922	0.437	6.878	4.422	0.447
5.723	0.586	4.114	4.593	0.742
6.009	2.725	5.771	6.237	17.872
3.992	9.773	4.433	4.455	4.340
4.309	0.977	5.462	5.038	15.293
3.889	2.375	4.330	4.094	3.342
5.792	9.904	5.884	4.413	19.069
5.318	1.718	4.563	5.114	12.230
4.607	4.345	5.591	6.296	16.938
6.384	4.681	4.633	5.507	7.666
5.208	0.489	4.949	4.565	12.564
4.339	4.239	4.656	5.078	6.037
4.824	0.113	3.468	3.977	0.979
6.395	4.263	5.170	5.052	6.103
3.477	3.991	4.486	6.681	16.276
6.282	1.168	5.386	3.824	9.447
4.668	2.235	2.793	2.318	9.960
6.486	1.474	6.264	5.831	18.754
4.314	7.916	3.938	3.912	8.435
6.023	9.104	4.547	3.984	7.807
4.137	1.284	5.518	4.553	19.609
3.151	8.115	5.052	5.326	4.565
5.679	3.561	5.456	4.121	3.994
5.788	0.230	5.165	4.802	4.604
5.074	3.620	5.116	4.784	9.930
5.685	9.241	4.662	5.702	7.440
5.877	4.593	5.089	6.468	13.864
4.882	3.826	6.022	5.044	13.260
4.632	0.750	5.520	6.375	12.096
4.266	8.693	4.217	6.969	15.804
6.390	8.056	6.552	5.331	3.350
4.923	7.546	6.159	4.598	19.566
6.076	2.004	5.743	5.378	2.463
5.294	6.661	2.826	7.234	9.268
5.377	9.874	4.162	4.893	15.086
7.004	0.575	4.436	5.924	18.906
4.979	5.464	5.506	4.625	14.195
4.328	1.969	5.247	6.313	7.208
4.974	1.659	5.495	6.455	3.923
6.556	8.353	5.080	4.655	6.044
4.621	0.112	5.801	5.056	7.650
4.703	5.735	4.670	5.049	7.961
4.351	9.521	5.446	3.799	13.275
4.661	9.215	5.119	4.795	18.453
4.387	4.808	5.456	3.599	2.275
4.003	4.427	8.276	4.992	12.080
6.008	0.164	5.927	6.019	9.735
5.173	6.519	5.662	4.273	17.152
5.775	6.500	4.528	4.423	3.898
4.406	1.416	5.163	4.859	11.149
5.957	6.423	5.784	5.742	18.648
6.652	1.792	5.112	4.009	1.968
5.617	5.780	4.128	5.616	1.849
2.714	0.896	6.169	6.126	4.879
4.261	7.482	5.493	4.227	3.343
5.973	1.787	5.696	3.747	4.706
4.805	3.013	5.469	5.637	12.958
4.590	5.406	5.055	4.890	3.923
5.998	0.553	5.439	3.504	15.177
5.342	1.622	4.315	5.375	4.033
3.908	6.691	3.694	3.759	8.672
3.593	1.324	3.878	6.198	4.025
4.747	0.190	2.894	5.748	12.761
6.660	2.915	5.332	5.258	6.747
4.334	9.479	6.474	6.092	4.137
3.771	8.655	4.901	5.949	16.701
4.173	5.488	4.951	4.431	14.525
5.775	2.792	6.546	6.122	9.725
5.745	2.567	4.262	5.081	1.504
4.327	7.237	4.977	4.837	2.416
4.946	5.393	4.217	4.649	13.846
6.913	2.683	4.400	5.974	11.888
6.006	2.373	4.963	5.370	4.070
4.279	6.788	5.517	4.848	12.609
3.297	0.376	5.904	4.884	15.272
5.660	9.876	6.634	4.638	19.916
5.857	3.387	4.445	6.426	6.719
6.240	3.454	3.844	4.917	9.186
5.149	9.841	5.505	4.873	19.570
4.534	2.567	3.451	4.977	16.086
5.465	6.113	4.382	4.813	7.203
4.125	2.947	4.122	5.568	19.378
6.803	5.078	5.217	4.718	2.909
3.207	7.017	4.351	3.011	17.607
4.841	3.836	5.397	3.427	8.895
6.477	5.761	4.098	3.840	5.577
4.095	6.431	3.036	3.966	16.504
5.024	4.747	6.013	6.405	2.133
4.121	9.670	5.452	4.816	6.676
4.732	2.651	3.653	7.155	6.808
7.246	6.547	4.093	5.325	13.226
6.197	2.843	6.272	5.640	8.681
4.007	8.888	5.431	4.667	8.195
5.294	0.387	4.334	4.432	18.615
5.461	8.632	5.515	4.553	2.244
4.798	6.325	3.621	6.085	1.608
4.896	2.641	5.898	3.764	8.970
4.082	7.525	4.651	6.326	16.338
4.883	9.629	4.397	5.253	9.574
3.708	0.608	4.259	5.002	5.006
5.568	1.640	5.699	3.491	8.904
4.441	2.955	3.962	5.857	14.152
4.120	4.515	5.199	5.929	6.966
6.971	3.603	4.269	4.951	11.567
6.407	7.623	3.714	4.915	19.207
4.675	4.340	5.894	4.137	8.184
5.309	6.688	5.557	3.026	12.128
4.820	0.954	5.244	4.432	13.574
5.353	2.865	5.859	5.452	4.576
5.845	0.419	4.558	4.721	9.258
5.424	8.824	5.993	4.557	5.882
3.946	6.004	4.358	5.126	18.960
6.030	7.263	5.451	5.206	10.426
5.332	4.797	5.073	3.685	3.019
4.254	6.094	3.400	4.933	9.870
4.205	0.649	4.986	4.302	0.692
5.329	4.568	4.631	5.067	12.742
6.115	1.680	5.443	4.765	18.475
5.021	0.469	5.290	6.065	1.373
3.593	0.920	6.841	5.562	3.482
4.681	5.315	6.186	3.712	5.720
5.894	6.525	6.336	4.937	17.981
3.953	9.619	3.882	5.657	8.344
7.300	5.967	8.247	5.461	15.319
5.285	0.373	4.858	4.881	9.479
5.438	9.607	5.052	5.970	4.431
6.305	4.343	4.127	6.392	18.874
6.243	9.013	3.443	4.069	8.623
3.835	1.716	3.955	4.117	1.775
5.327	2.937	6.350	4.573	15.198
5.874	3.209	5.350	3.963	17.045
5.835	4.280	5.251	5.579	12.421
5.717	7.986	4.134	4.694	4.314
4.310	3.965	4.202	3.793	16.109
3.831	8.322	4.182	6.186	6.080
4.682	6.015	4.280	4.404	19.427
3.865	6.045	5.542	5.788	13.972
4.227	4.885	4.295	3.908	14.063
5.909	3.248	5.672	5.548	6.182
2.716	4.826	4.831	5.329	12.241
5.490	3.504	4.628	4.986	1.346
4.211	7.502	6.240	3.877	1.171
5.670	5.531	5.365	6.812	7.153
6.644	0.854	3.087	5.414	9.348
6.550	8.440	4.967	6.590	16.979
3.276	6.560	5.656	6.723	8.609
5.697	3.763	3.949	5.710	12.307
4.773	6.969	5.188	3.809	5.286
4.726	3.897	5.933	4.416	8.485
5.471	9.117	5.299	6.138	15.169
5.977	8.990	7.041	3.593	17.520
5.765	4.116	4.449	3.207	14.020
5.026	9.204	4.174	6.615	10.232
5.218	1.177	4.724	3.419	3.275
7.120	7.895	6.945	4.811	3.359
3.993	0.291	6.458	5.119	4.189
5.246	9.202	5.009	7.198	6.837
5.181	9.135	7.357	3.882	8.933
4.983	2.879	4.718	6.362	3.946
3.121	0.574	4.668	7.953	0.927
3.183	6.473	4.816	4.391	14.730
3.400	1.733	5.061	4.971	11.359
4.142	0.427	4.400	5.438	3.291
4.666	5.587	5.426	4.252	12.253
4.801	7.269	5.051	6.031	6.384
5.863	6.377	4.312	4.448	16.379
5.345	9.493	5.493	4.721	3.590
5.039	3.653	3.603	5.423	13.523
4.836	0.835	4.961	6.124	11.372
5.360	6.724	5.756	5.482	19.776
4.936	8.955	5.798	4.242	15.961
7.078	5.143	5.311	5.430	13.139
4.704	5.634	3.862	4.162	5.294
5.712	4.204	4.616	6.015	19.363
5.179	6.130	4.096	5.568	7.574
4.001	9.723	6.729	3.899	8.568
6.137	0.460	5.510	4.738	3.585
2.934	0.445	5.665	5.614	11.935
5.745	9.298	4.932	3.853	2.773
4.288	7.608	6.389	4.826	5.797
3.863	8.314	4.372	6.219	11.139
5.293	8.043	2.643	5.695	19.046
4.795	7.778	5.395	4.787	8.426
6.387	7.371	5.191	4.430	5.947
5.399	5.046	5.258	4.318	3.531
4.908	1.232	5.526	5.771	12.289
3.756	8.398	5.362	5.336	8.096
5.130	2.765	4.022	5.558	15.286
4.836	1.240	5.233	6.427	0.041
5.075	0.889	5.166	4.336	18.468
5.293	4.615	5.026	6.172	6.329
5.721	3.194	6.342	5.804	18.515
3.762	8.528	4.490	3.831	3.357
4.590	4.578	4.406	6.294	9.775
3.850	4.778	4.198	6.587	6.856
5.235	6.357	4.032	4.848	8.039
4.536	0.205	4.976	5.031	10.909
7.003	7.719	5.927	4.775	19.753
4.991	3.854	6.325	5.208	4.899
6.063	3.901	4.241	6.062	3.331
-6.007	4.123	-8.526	-6.709	8.303
-8.304	4.235	-5.463	-6.487	2.350
-6.866	0.026	-7.447	-7.402	7.463
-6.104	2.380	-8.009	-6.954	12.641
-8.217	8.921	-5.204	-7.460	1.171
-8.736	8.990	-8.053	-8.158	13.884
-7.827	3.921	-7.382	-7.476	2.290
-5.776	3.023	-6.968	-6.050	7.915
-7.998	9.945	-5.595	-6.146	8.170
-6.413	0.809	-5.332	-7.384	6.541
-5.219	3.883	-8.210	-7.964	8.096
-7.319	9.246	-7.342	-8.020	12.005
-6.240	8.044	-6.301	-6.616	1.472
-6.868	9.234	-7.106	-7.899	4.880
-8.110	3.735	-6.542	-6.098	15.389
-5.796	7.381	-7.126	-7.855	8.492
-9.057	4.134	-6.560	-8.577	11.775
-6.860	5.694	-7.020	-7.295	13.457
-6.514	9.487	-6.997	-9.580	1.553
-6.256	5.190	-6.739	-4.800	19.819
-5.673	0.305	-7.561	-4.681	13.633
-7.960	3.178	-7.277	-8.218	9.969
-8.300	9.469	-6.708	-7.476	3.847
-5.705	1.600	-7.600	-7.098	6.445
-5.955	9.237	-6.456	-6.869	2.967
-6.559	3.658	-7.808	-4.962	10.862
-7.743	8.039	-8.501	-6.920	8.877
-8.739	8.665	-5.366	-5.198	14.192
-7.886	6.789	-5.446	-8.015	19.849
-6.501	1.013	-5.867	-5.789	6.310
-5.608	4.753	-6.153	-6.743	6.956
-9.305	7.952	-7.745	-6.015	11.185
-7.298	0.020	-6.507	-6.882	17.362
-6.618	4.660	-6.674	-6.671	3.755
-6.168	3.589	-4.591	-7.747	9.089
-7.951	0.705	-6.113	-8.579	18.949
-5.773	5.644	-8.687	-7.772	19.671
-5.996	2.607	-6.153	-6.011	10.765
-6.308	3.528	-8.464	-7.187	4.917
-8.339	9.079	-6.675	-9.225	8.444
-5.238	1.901	-7.450	-7.452	6.340
-7.628	9.798	-6.518	-7.109	10.007
-7.926	0.717	-5.783	-6.168	2.916
-5.842	8.223	-8.520	-8.106	5.672
-4.749	4.774	-7.595	-7.881	5.636
-6.623	2.848	-7.996	-7.568	16.244
-7.812	5.890	-6.829	-7.872	7.766
-7.740	7.664	-8.082	-6.383	7.085
-7.794	2.468	-6.993	-6.322	3.788
-7.668	5.222	-5.490	-6.735	18.679
-7.534	1.084	-7.870	-7.399	5.346
-5.007	9.587	-7.266	-6.600	10.234
-6.053	4.292	-6.323	-5.127	12.876
-8.403	3.904	-8.049	-5.784	10.346
-6.034	9.175	-7.476	-5.889	0.816
-8.592	7.669	-8.598	-6.366	9.861
-7.970	8.795	-6.663	-7.100	1.451
-8.159	7.100	-6.388	-7.366	15.026
-6.829	4.873	-7.408	-7.458	5.815
-7.791	7.476	-7.290	-8.362	13.880
-7.172	0.235	-6.730	-8.315	16.810
-7.562	7.080	-6.825	-8.102	15.543
-6.964	1.375	-7.510	-6.068	15.139
-6.356	9.096	-6.076	-7.415	15.800
-6.492	6.109	-6.022	-6.319	18.668
-7.227	1.053	-7.629	-8.038	16.813
-7.977	7.633	-6.092	-5.957	9.358
-6.176	4.884	-8.092	-6.516	9.034
-7.991	4.241	-6.169	-7.808	2.281
-8.638	1.637	-5.874	-5.168	11.093
-6.199	9.732	-6.579	-8.658	7.038
-8.144	5.293	-7.837	-4.450	3.652
-7.848	6.930	-4.847	-8.092	10.022
-6.195	8.542	-7.053	-7.497	10.786
-6.503	9.816	-6.223	-5.955	16.622
-7.105	4.949	-7.182	-10.744	16.296
-8.855	4.099	-5.882	-7.515	16.752
-8.482	0.080	-6.129	-7.839	13.427
-8.427	0.146	-6.492	-8.278	14.424
-6.327	4.462	-5.392	-6.306	17.696
-6.635	9.223	-6.579	-7.278	19.146
-7.286	7.078	-7.801	-8.153	15.035
-6.124	3.184	-6.674	-7.116	2.115
-8.768	1.062	-7.570	-7.926	9.282
-9.194	1.693	-6.512	-6.141	18.231
-8.123	7.323	-5.130	-7.121	0.322
-6.846	8.709	-8.222	-7.873	2.567
-8.209	1.310	-7.735	-7.114	1.164
-7.855	8.442	-6.797	-6.756	11.807
-8.498	0.442	-7.431	-7.357	16.628
-6.692	9.075	-6.131	-7.516	8.627
-5.430	9.912	-7.397	-8.199	1.598
-7.482	5.532	-6.432	-7.828	14.326
-6.286	8.884	-6.346	-6.649	6.187
-6.441	2.812	-7.343	-7.503	8.497
-5.920	9.628	-5.624	-6.239	13.736
-6.945	1.158	-7.794	-7.114	11.833
-5.749	5.192	-6.282	-9.108	19.905
-7.269	9.704	-6.308	-6.493	5.781
-5.717	9.112	-8.508	-5.430	13.110
-7.266	0.183	-6.904	-5.396	4.295
-6.551	5.124	-7.793	-6.553	13.806
-6.980	2.414	-6.702	-6.861	18.982
-7.190	7.882	-5.054	-7.576	13.575
-5.197	7.291	-7.705	-6.924	3.305
-5.695	8.608	-8.371	-6.702	15.300
-6.497	6.041	-7.260	-7.034	7.902
-6.987	4.010	-6.981	-7.766	15.296
-5.939	9.750	-8.468	-5.262	14.581
-5.348	0.081	-6.693	-6.562	15.346
-6.994	1.901	-8.287	-7.951	14.039
-5.123	7.714	-9.606	-6.887	2.223
-6.126	1.289	-8.213	-7.630	7.208
-7.132	8.101	-8.074	-8.385	3.707
-6.416	3.710	-7.893	-6.500	10.324
-9.415	1.385	-8.435	-6.429	11.823
-5.481	3.398	-6.447	-8.070	13.031
-6.240	1.101	-7.390	-6.778	14.060
-5.530	3.401	-5.762	-7.973	0.645
-7.441	2.351	-8.659	-7.174	8.547
-5.957	6.312	-6.798	-6.961	7.577
-7.420	2.961	-6.354	-7.002	2.525
-6.509	7.753	-6.266	-7.392	3.733
-7.086	8.400	-7.237	-6.457	12.191
-6.998	2.739	-6.674	-5.574	8.152
-7.855	1.551	-8.749	-5.274	2.461
-6.671	3.172	-6.922	-6.213	0.898
-7.694	6.755	-6.682	-7.354	19.831
-8.090	3.517	-7.284	-7.411	17.623
-7.384	4.518	-9.599	-5.996	13.964
-8.450	6.726	-7.289	-6.700	12.619
-6.398	0.177	-6.702	-8.034	6.040
-7.317	1.280	-6.932	-6.850	4.936
-6.918	3.414	-8.580	-6.721	6.106
-7.560	7.736	-8.060	-7.366	18.063
-9.278	6.696	-7.388	-8.043	6.364
-7.953	4.722	-8.323	-7.264	7.726
-7.422	0.433	-8.805	-7.235	15.614
-5.800	5.252	-5.353	-7.234	7.897
-5.826	4.898	-7.631	-6.511	18.100
-6.401	3.733	-5.058	-6.727	6.544
-7.751	1.327	-6.348	-7.000	0.775
-7.106	3.929	-8.382	-7.083	19.305
-6.245	9.079	-8.139	-5.874	0.345
-6.523	5.191	-5.904	-10.008	18.279
-6.894	1.345	-6.226	-6.798	7.020
-4.701	2.449	-8.111	-6.468	3.193
-8.069	7.411	-7.897	-7.095	13.282
-7.314	4.035	-7.227	-8.589	18.469
-7.208	3.204	-6.592	-6.019	11.913
-6.930	6.520	-8.566	-4.517	5.122
-5.569	1.017	-5.742	-6.990	5.989
-8.037	0.683	-7.877	-8.107	13.067
-4.977	4.692	-7.901	-7.208	15.316
-6.914	8.942	-6.956	-7.687	17.390
-7.082	6.676	-7.654	-7.990	4.768
-6.825	1.750	-7.458	-5.658	14.563
-9.681	6.982	-6.967	-6.049	0.851
-7.807	9.322	-6.162	-8.401	3.790
-7.080	7.287	-6.210	-8.686	11.574
-7.279	3.810	-6.411	-7.166	12.337
-9.280	6.566	-5.349	-7.479	19.716
-8.710	7.977	-5.749	-5.911	6.070
-6.747	3.278	-6.311	-6.229	13.680
-5.804	7.081	-7.065	-8.767	18.297
-6.177	5.913	-7.980	-7.963	8.701
-7.748	9.816	-7.701	-6.231	1.440
-5.449	6.583	-7.605	-8.849	11.204
-7.474	7.511	-7.011	-7.177	6.521
-5.745	6.486	-6.461	-8.002	4.123
-9.554	4.104	-7.399	-6.473	9.047
-7.115	4.143	-7.432	-8.571	13.737
-7.978	7.004	-5.399	-6.202	17.573
-6.977	8.386	-6.542	-7.920	9.035
-6.439	3.627	-6.770	-7.572	17.049
-6.088	0.957	-8.489	-6.449	9.923
-6.077	7.544	-7.105	-8.488	6.950
-7.362	4.899	-6.600	-6.847	18.713
-7.645	2.763	-6.421	-5.983	4.554
-6.253	9.469	-7.857	-7.532	19.607
-8.821	8.194	-7.510	-4.209	12.578
-6.680	8.814	-6.399	-7.605	18.416
-7.153	9.296	-6.605	-7.635	5.069
-5.957	8.192	-6.081	-9.067	17.577
-6.507	1.062	-7.823	-5.472	18.852
-7.289	6.592	-7.011	-5.202	15.179
-8.588	1.074	-6.389	-5.868	2.808
-6.992	7.236	-8.851	-6.501	16.320
-7.330	0.136	-5.928	-6.722	12.967
-7.589	0.082	-7.841	-4.747	4.841
-7.500	7.673	-6.920	-8.161	12.352
-8.103	4.793	-7.311	-5.712	11.073
-8.948	0.549	-6.139	-6.583	17.856
-6.382	9.328	-7.202	-6.213	10.278
-7.608	9.799	-5.997	-6.303	18.902
-7.513	0.957	-8.485	-6.793	8.300
-6.873	3.854	-7.636	-6.771	10.061
-6.890	5.293	-7.269	-8.649	19.362
-7.429	6.283	-5.798	-5.469	10.470
-7.656	6.688	-7.837	-6.566	7.172
-6.410	5.375	-8.593	-7.719	10.218
-7.147	5.780	-7.121	-5.882	16.306
-7.739	9.556	-5.573	-7.723	6.427
-6.839	9.197	-7.292	-7.330	8.784
-7.034	3.331	-6.559	-7.353	3.462
-7.384	4.155	-5.906	-7.303	17.280
-4.921	4.011	-6.686	-6.676	15.501
-6.409	1.615	-6.544	-6.838	7.125
-6.426	3.820	-6.298	-7.912	18.101
-7.234	9.148	-8.195	-8.078	14.237
-7.379	7.006	-8.504	-6.857	18.374
-6.517	4.033	-6.210	-6.733	12.805
-6.109	4.020	-6.420	-7.741	6.829
-5.582	7.181	-6.016	-7.534	8.777
-7.669	2.202	-6.780	-6.495	2.779
-6.081	2.162	-6.855	-4.617	19.992
-8.398	4.644	-7.718	-7.180	19.079
-6.146	0.542	-6.189	-7.712	12.864
-7.741	1.719	-6.727	-7.324	19.554
-6.759	4.225	-6.540	-6.447	15.385
-8.572	5.354	-8.810	-6.589	16.982
-6.355	3.510	-7.981	-6.602	3.334
-9.297	8.874	-7.204	-6.662	11.590
-5.593	8.364	-5.642	-7.605	19.975
-6.561	5.727	-7.652	-7.128	15.105
-5.943	8.936	-4.733	-4.582	4.508
-8.494	0.268	-7.960	-8.140	5.304
-8.189	4.788	-6.615	-7.667	7.011
-8.523	0.309	-6.497	-6.250	18.359
-5.959	0.283	-6.123	-8.397	3.429
-7.648	4.755	-7.046	-4.983	10.053
-5.958	8.671	-5.620	-6.601	4.241
-9.455	3.525	-8.780	-6.237	18.364
-6.660	6.424	-5.759	-6.248	11.491
-8.035	2.664	-7.619	-5.657	9.571
-4.768	4.483	-7.190	-5.780	0.003
-6.409	2.459	-8.493	-7.148	12.734
-7.560	5.356	-6.364	-6.895	7.736
-7.256	1.471	-5.959	-6.105	19.256
-7.516	9.539	-7.922	-8.056	13.006
-6.760	0.928	-6.867	-6.841	3.450
-4.977	8.355	-8.187	-5.112	2.084
-7.100	1.502	-6.679	-6.438	18.491
-5.958	4.434	-6.199	-7.177	15.861
-6.662	6.621	-7.861	-6.943	11.358
-6.462	3.503	-7.764	-6.654	5.406
-6.660	0.068	-8.378	-8.455	7.352
-7.942	0.732	-5.681	-5.180	2.657
-5.551	9.128	-6.972	-5.913	1.603
-6.892	6.587	-8.423	-7.112	13.258
1.820	11.652	15.786	11.164	11.193
2.399	11.322	19.522	11.004	13.094
4.528	11.291	12.461	11.380	10.150
6.526	12.195	18.549	11.681	10.274
1.154	11.058	19.987	11.765	11.410
9.938	10.158	19.767	12.264	12.236
8.314	12.279	4.855	9.574	9.496
1.456	10.130	0.607	11.392	10.103
3.424	11.179	8.438	10.661	11.671
7.685	11.068	2.638	10.123	9.783
7.844	10.189	5.191	10.781	10.975
5.752	9.749	7.753	10.598	11.358
9.008	11.020	5.259	10.377	12.439
6.404	10.342	14.217	10.533	10.594
2.292	11.250	18.202	12.040	11.449
7.320	7.928	14.973	9.974	10.634
6.176	11.062	5.172	11.741	10.351
0.586	9.866	1.261	10.940	10.239
1.865	8.922	2.594	9.309	10.059
1.914	11.749	2.987	12.453	11.671
1.975	10.787	9.607	11.411	11.129
5.757	9.830	2.126	12.028	12.524
3.684	9.808	8.017	12.893	9.486
8.591	10.765	17.593	10.201	11.116
0.421	12.058	13.798	9.418	11.512
8.834	11.806	8.514	11.571	10.771
4.537	13.133	13.589	10.703	8.688
7.061	11.401	13.753	8.890	11.013
8.608	10.019	6.936	10.970	11.130
5.101	10.407	0.541	9.861	12.659
4.378	11.907	0.701	11.895	11.120
3.368	11.807	16.062	9.930	11.635
7.969	11.096	0.170	10.125	9.213
3.799	10.468	2.596	10.986	11.141
2.827	10.296	1.657	10.811	11.729
2.602	9.623	5.958	8.719	11.933
5.915	11.180	19.317	10.693	12.045
3.299	11.365	16.502	10.341	10.300
8.307	10.802	8.822	12.368	10.111
3.236	11.663	2.746	11.863	10.200
6.353	12.717	8.568	11.837	10.003
7.996	11.087	12.762	11.709	9.559
5.953	11.217	18.286	12.454	11.229
4.385	10.072	2.768	10.494	10.859
9.295	11.355	13.806	10.657	11.357
9.908	9.985	18.235	11.571	10.977
1.454	10.410	16.835	12.412	11.726
5.259	10.064	1.225	9.035	13.020
0.245	11.132	9.798	11.618	11.190
6.090	11.397	2.658	10.586	11.053
7.985	11.293	11.733	11.905	11.512
2.366	10.644	5.659	11.294	11.353
2.849	10.413	13.394	10.835	10.626
5.367	9.720	19.383	11.801	12.135
8.045	11.456	5.592	11.914	9.936
1.438	11.220	13.471	12.699	11.441
7.530	11.597	2.386	11.935	11.889
1.992	10.797	5.006	13.027	12.205
2.554	11.607	17.412	9.871	10.318
3.450	11.628	15.090	10.631	9.841
2.057	11.320	19.463	10.642	11.713
6.827	10.599	1.799	11.088	10.229
4.650	12.521	16.985	9.838	11.419
4.806	9.879	0.324	10.358	12.548
2.143	10.935	2.322	12.018	11.139
0.526	11.082	16.994	12.703	12.223
4.110	10.802	3.820	11.229	10.871
7.018	11.777	11.376	11.074	10.769
7.004	9.739	4.509	10.813	11.766
0.039	10.613	0.890	11.139	10.929
8.169	10.627	13.944	10.748	9.972
2.384	12.310	6.609	12.075	10.553
7.262	10.943	0.704	12.553	9.247
6.916	8.655	6.994	10.702	10.597
1.569	11.057	18.985	10.675	10.853
0.847	9.719	4.365	12.234	10.602
8.728	10.875	15.100	10.234	10.519
5.745	12.623	8.816	10.955	12.319
5.156	10.658	4.415	10.829	11.443
2.626	11.294	9.505	9.422	11.046
1.553	12.588	6.338	11.598	10.799
8.956	11.334	19.846	11.429	12.080
3.771	9.442	13.814	12.804	10.881
1.875	11.989	9.830	11.883	13.450
0.786	12.104	0.818	10.138	11.657
6.743	10.141	4.205	12.823	11.888
3.022	10.256	5.667	13.091	10.818
3.046	9.831	15.219	10.950	11.658
9.847	13.309	8.703	9.306	12.565
6.922	10.222	11.453	11.432	9.944
1.899	9.066	10.932	11.201	10.991
7.818	10.425	2.369	10.686	11.128
7.351	10.696	2.444	11.683	11.347
0.620	12.180	0.693	11.864	10.258
1.724	10.003	11.846	9.221	10.703
4.423	10.849	0.616	10.155	11.401
3.316	10.845	11.603	10.166	9.917
7.991	11.439	15.518	14.329	11.403
4.122	10.832	15.291	11.212	11.700
9.513	10.507	18.462	10.968	10.969
9.892	10.280	14.155	11.463	10.501
4.390	10.658	3.378	12.453	10.550
1.720	10.190	17.568	11.787	11.319
4.757	12.034	12.163	11.303	9.723
3.239	12.466	2.248	12.423	10.647
5.386	11.482	9.003	9.908	9.917
6.270	11.369	17.943	10.001	12.313
9.066	10.803	7.561	11.266	10.789
6.039	10.744	1.101	10.833	10.525
2.450	10.473	5.112	10.660	12.098
6.229	11.757	18.580	9.648	12.454
5.886	11.595	15.091	11.155	9.494
8.609	10.615	1.350	11.850	12.201
3.653	10.188	14.569	12.002	10.480
9.643	11.926	3.560	10.920	12.832
1.330	10.555	3.494	12.922	9.205
4.849	9.649	19.568	11.010	10.560
2.199	9.740	2.228	10.707	9.257
0.224	9.945	19.356	13.811	11.016
3.930	11.088	13.160	10.860	12.399
3.230	13.303	7.569	11.324	11.070
4.588	8.908	10.306	13.196	9.799
5.778	11.443	5.043	11.596	10.840
8.335	11.012	4.467	10.389	10.749
5.916	11.300	2.797	10.576	9.046
1.337	11.139	4.710	12.211	12.107
9.292	11.185	16.652	10.613	12.445
1.148	9.545	14.246	12.733	11.810
0.873	10.200	11.627	11.586	12.263
1.614	11.241	1.121	11.445	11.611
5.409	9.172	5.253	11.381	11.576
5.209	11.465	4.339	11.340	11.187
8.430	11.822	8.684	11.408	10.959
4.686	12.696	3.789	8.983	10.410
1.683	11.831	3.125	10.631	11.244
0.044	13.064	12.937	10.860	11.707
8.698	9.764	8.507	11.908	12.047
3.047	10.352	13.484	12.322	11.865
3.640	11.638	5.399	10.684	10.533
8.869	13.842	15.372	10.812	10.433
2.282	11.740	14.608	8.730	12.124
3.975	9.910	15.464	12.162	13.052
0.739	8.938	14.394	12.122	11.510
8.016	9.264	1.917	10.352	11.856
5.404	11.718	1.763	9.125	11.240
3.463	11.224	11.563	11.093	11.415
2.777	9.607	1.669	8.282	9.935
0.840	10.872	14.014	9.540	9.960
2.273	9.813	1.359	11.216	11.466
7.211	10.652	5.033	10.002	13.653
1.885	11.249	2.388	11.819	10.541
3.859	9.047	5.156	9.897	10.667
4.702	11.019	11.826	11.513	11.090
2.796	11.452	13.551	9.751	10.815
6.254	9.723	17.074	10.130	11.389
6.880	10.636	4.084	9.689	10.405
5.807	10.986	16.705	10.396	10.455
3.285	11.063	10.405	9.234	11.909
8.004	10.977	0.735	9.807	10.960
1.681	9.478	1.137	11.363	11.392
2.675	8.745	6.349	10.076	10.368
9.100	9.059	7.487	10.608	12.155
2.148	11.380	19.246	11.483	9.383
3.011	10.955	12.939	9.202	11.862
3.474	12.487	17.069	10.268	12.514
9.668	11.093	13.903	10.484	9.273
8.082	10.496	19.812	11.522	10.400
0.543	11.605	1.133	10.254	10.422
8.049	10.435	12.844	7.948	12.297
2.317	10.567	8.320	11.563	10.614
1.963	12.371	0.389	11.948	10.420
3.208	12.019	18.002	10.376	11.468
7.148	11.228	8.498	10.578	11.767
4.911	10.461	0.875	11.865	12.664
3.166	9.257	3.977	12.092	11.258
6.390	10.959	11.193	12.760	10.237
4.665	11.730	9.855	9.717	11.613
0.338	10.290	15.636	8.088	11.475
3.328	10.803	2.764	10.670	11.021
1.009	7.835	16.567	10.978	10.568
6.204	9.740	18.054	11.761	12.737
2.657	10.401	9.327	11.547	11.870
6.161	11.786	17.044	12.824	10.647
4.193	12.467	10.083	10.059	9.250
9.047	11.526	10.232	8.418	10.638
1.655	10.333	16.499	10.658	11.524
1.141	10.468	13.792	12.079	12.557
3.557	10.755	0.768	8.699	10.510
5.951	12.883	16.622	11.342	10.236
6.408	11.418	7.495	9.510	9.393
5.619	12.328	14.600	12.714	12.476
8.344	10.353	18.068	11.683	12.131
4.890	9.289	4.794	11.553	11.307
5.480	10.878	17.894	11.028	10.042
0.145	10.790	10.594	11.106	10.494
1.203	10.641	12.111	10.985	12.404
2.811	11.513	10.738	10.642	13.086
0.509	10.681	17.757	11.409	12.737
3.659	9.697	9.637	10.367	10.718
9.098	10.558	17.800	11.165	12.774
9.915	10.273	19.007	10.678	10.613
3.170	10.482	1.785	11.480	10.511
4.317	11.651	15.517	10.996	9.550
2.973	12.079	13.401	10.071	12.391
1.401	11.444	8.444	10.115	11.552
8.826	9.682	12.133	10.349	10.170
7.927	11.718	3.095	11.545	10.529
2.008	12.249	14.740	9.257	10.684
3.182	10.418	6.418	11.461	10.404
9.572	12.081	8.370	11.886	11.956
5.723	8.891	1.806	8.558	11.332
2.876	11.058	4.770	10.960	11.074
6.494	11.364	5.270	10.108	10.881
2.798	12.957	10.797	10.510	9.722
0.820	11.114	6.648	12.079	10.256
1.051	12.918	3.160	12.157	10.940
4.064	11.547	16.580	10.517	10.231
0.167	12.136	15.364	11.751	11.561
0.100	11.514	19.749	12.634	11.371
0.742	10.662	1.888	9.428	10.788
7.983	9.168	7.036	8.769	10.208
1.101	11.635	16.545	9.660	10.206
6.722	10.025	16.872	10.951	10.676
7.593	8.143	8.565	12.135	11.181
6.504	12.012	1.551	11.554	9.800
6.902	11.396	4.394	10.771	10.999
5.724	11.065	16.314	11.409	9.283
2.687	11.243	4.213	11.105	11.986
1.755	12.212	10.031	10.235	11.125
8.112	12.160	9.245	9.974	10.852
8.551	11.449	9.014	10.273	10.842
3.866	9.977	19.359	10.956	11.108
7.692	11.152	1.851	8.975	10.255
6.978	12.685	10.837	10.724	12.355
8.970	10.538	16.291	10.867	11.586
2.664	10.638	7.369	10.308	11.317
5.138	11.063	15.940	10.062	11.928
3.631	11.223	18.412	10.821	11.878
6.582	12.147	17.465	10.608	11.323
2.216	10.947	12.086	10.966	11.139
9.434	11.507	19.231	10.146	10.447
3.932	11.973	2.297	10.797	11.516
5.738	10.104	4.784	10.847	11.897
7.637	10.932	0.038	8.799	10.968
2.435	9.849	1.453	13.861	11.635
9.957	11.407	7.717	10.503	11.794
8.975	10.300	19.803	10.828	10.298
4.667	11.815	5.610	10.784	12.507
0.581	10.681	11.415	9.867	11.563
5.069	11.558	2.387	11.415	9.428
