0.648006603	0.227649708	0.277997931	0.687844533	0.397699782	0.993459639	0.296092515	0.680656224
0.512600701	0.874017183	0.995577481	0.694564448	0.259653352	0.512599072	0.482742067	0.847199566
0.526783015	0.17561293	0.855934809	0.619043372	0.317468125	0.939779398	0.38389907	0.718636733
0.295570985	0.310034026	0.003438223	0.861592821	0.004998739	0.427863967	0.437076552	0.612409995
0.015517983	0.772424449	0.177744081	0.087961027	0.09606296	0.046879411	0.12932639	0.92330683
0.872828028	0.063957202	0.454611764	0.341192297	0.115005151	0.935186881	0.559370533	0.730388327
0.398838948	0.071368861	0.468614218	0.38016069	0.371615555	0.63954092	0.426618879	0.808013625
0.987577951	0.030979413	0.88003639	0.313543648	0.017522809	0.991139993	0.172856038	0.75604552
0.466316611	0.457718409	0.789969293	0.157357744	0.051680925	0.675680829	0.432604647	0.794091655
0.868350562	0.080262298	0.601886179	0.928737978	0.284193711	0.477320018	0.189323518	0.695343852
0.929300626	0.373167308	0.766234918	0.36500945	0.117504355	0.098010204	0.54510022	0.570995488
0.329307153	0.6796177	0.813035478	0.563440068	0.548539205	0.754053058	0.392152825	0.779020863
0.197267324	0.460187865	0.197127267	0.717446576	0.151049415	0.72537663	0.333243084	0.733314139
0.791630648	0.986466245	0.311185375	0.896319712	0.174211956	0.577459317	0.408496412	0.803875406
0.285481499	0.111443491	0.724853105	0.340248387	0.030557538	0.280610741	0.515533863	0.795764665
0.004087207	0.083948565	0.811321755	0.171962672	0.435696321	0.244268614	0.165774593	0.690591608
0.050543407	0.998531371	0.551962228	0.050553789	0.336019823	0.334359924	0.546010471	0.764455
0.07563764	0.365512108	0.340774626	0.950644827	0.225666219	0.700892249	0.641075632	0.723379075
0.21695266	0.797679079	0.50949373	0.403502192	0.128366512	0.060072946	0.208977526	0.73615649
0.618121658	0.283813838	0.820344511	0.312876648	0.109474319	0.033673436	0.110155595	0.754857622
0.085663679	0.768439081	0.068399788	0.379347981	0.094256979	0.497725793	0.34320199	0.685827727
0.696274599	0.68385937	0.399139905	0.025922382	0.406437115	0.639977977	0.229958327	0.746144423
0.804251086	0.902255535	0.823426593	0.039362232	0.001073591	0.922655677	0.152497954	0.829671895
0.024640914	0.586284736	0.013708847	0.046712128	0.376880304	0.941549542	0.343656003	0.740075619
0.208507489	0.023948278	0.249259402	0.720481164	0.349923379	0.272823747	0.147934437	0.871450188
0.708782782	0.059497825	0.956350686	0.097864067	0.517850549	0.336930295	0.433086555	0.84743619
0.760998147	0.998744921	0.530343703	0.111190817	0.30992707	0.685865427	0.599071712	0.811712451
0.528333193	0.185405777	0.870845486	0.144077586	0.129066411	0.647791563	0.507496753	0.749194456
0.350376482	0.790537281	0.345210481	0.226886866	0.245400923	0.187508606	0.391796806	0.754793459
0.29287701	0.933964893	0.010926886	0.140267175	0.091960998	0.161931915	0.710899339	0.689632654
0.675576501	0.177498989	0.792784997	0.99737414	0.087006441	0.310384993	0.511113739	0.747007479
0.695398242	0.348317016	0.743579425	0.126997576	0.279058417	0.773688424	0.337121207	0.750283859
0.420424537	0.664906113	0.6417479	0.798774398	0.241056289	0.817796917	0.232386897	0.833941726
0.367638835	0.77419438	0.037521468	0.511246283	0.312653102	0.962989879	0.210891955	0.752899962
0.762648754	0.082468655	0.079163761	0.587274222	0.231069463	0.17859057	0.221639826	0.638539564
0.969606211	0.903707332	0.254181881	0.091787133	0.20365454	0.947726152	0.24568793	0.60927587
0.478706554	0.16637737	0.102039722	0.927272761	0.336209509	0.404571096	0.254589134	0.776524527
0.260790328	0.365969342	0.681255056	0.159355386	0.068571524	0.654943313	0.246719302	0.875120505
0.212264933	0.691181151	0.006939228	0.364733027	0.522371441	0.780145109	0.042130269	0.710345427
0.566917088	0.195229271	0.641252257	0.756807802	0.315232317	0.789000933	0.278407196	0.827175021
0.238580992	0.803908331	0.682485056	0.204541466	0.406379733	0.817816228	0.497418242	0.749039215
0.099531568	0.959886787	0.105342236	0.952341782	0.540691987	0.064065129	0.292840035	0.747643828
0.953445042	0.979554226	0.055793536	0.444628851	0.507897128	0.92859778	0.193966018	0.691808288
0.231267267	0.27355276	0.172234413	0.4193462	0.333897421	0.020908987	0.433017525	0.835996877
0.398396616	0.690650687	0.273085597	0.679234212	0.444147049	0.846395779	0.350201582	0.892685505
0.321564828	0.84924316	0.498092751	0.058887803	0.160278807	0.47426167	0.526425582	0.773618646
0.461008475	0.008433946	0.807238122	0.981512234	0.482265061	0.032286493	0.57618922	0.702982094
0.049277165	0.386063967	0.87046543	0.819348037	0.307256825	0.717384449	0.213070739	0.779561625
0.237966337	0.402172372	0.15701072	0.851241075	0.089238219	0.230722398	0.389468567	0.671580423
0.799321956	0.455432604	0.044679703	0.271640531	0.246825364	0.501889425	0.300214269	0.794424503
0.520195766	0.286389096	0.408386022	0.869851246	0.412661152	0.026366137	0.376186888	0.668203237
0.776983111	0.48094963	0.680024422	0.943703219	0.433290759	0.23641491	0.347436	0.846246519
0.824260344	0.411306316	0.370392895	0.366936054	0.373777664	0.951824676	0.197104013	0.763188505
0.222521576	0.13699288	0.697770476	0.309857586	0.259563496	0.582779212	0.595388261	0.715469581
0.950899596	0.536924107	0.381342125	0.626839409	0.531307928	0.811097143	0.211180581	0.787675803
0.045266689	0.50500916	0.564239282	0.759901801	0.268602751	0.949125183	0.350339624	0.745721335
0.53483068	0.398767317	0.025737441	0	0.336892233	0.267882381	0.417458047	0.778264743
0.533780406	0.170414767	0.401392552	0.082566817	0.158298447	0.287749531	0.177545067	0.880908917
0.685592165	0.28872285	0.753519662	0.005732001	0.445051423	0.019851436	0.19409895	0.580973165
0.364150214	0.702176713	0.970784069	0.065838805	0.317767368	0.989415031	0.408254165	0.801574979
0.188445085	0.322841499	0.646960379	0.35842763	0.450266531	0.996334448	0.268676202	0.758076558
0.257090252	0.170993665	0.890774641	0.227271841	0.428893506	0.081674501	0.505014406	0.679487022
0.413352191	0.953801588	0.505348616	0.334763947	0.378148515	0.062260815	0.397430006	0.871183992
0.805774661	0.980859384	0.317534551	0.399461267	0.367538344	0.398754997	0.310620245	0.747743965
0.736517166	0.672613647	0.453658659	0.042682934	0.480202628	0.963503113	0.172099605	0.730351134
0.537421914	0.019438673	0.027498086	0.178349819	0.514706283	0.577939729	0.52321265	0.732600333
0.115967781	0.9774806	0.813298838	0.999308868	0.338838068	0.590942601	0.516571725	0.706006849
0.035058405	0.683659254	0.106150839	0.264950913	0.055134718	0.205109009	0.173833329	0.853851824
0.04194331	0.872899637	0.573030746	0.043145342	0.382407325	0.514409336	0.424266067	0.764912515
0.191557559	0.349476073	0.227083226	0.102883729	0.349235417	0.207469272	0.318805536	0.617226618
0.637350333	0.848917526	0.939328571	0.855981877	0.090507554	0.449947822	0.241593149	0.682563182
0.839863026	0.487100426	0.780406748	0.15847116	0.246594779	0.674428108	0.262513819	0.728215801
0.780761271	0.559842791	0.955436925	0.235340572	0.546204864	0.875995966	0.479983256	0.992272313
0.796563443	0.284176529	0.548008817	0.051639903	0.014026664	0.291829968	0.333016393	0.699530693
0.768688371	0.729477473	0.364930187	0.614754974	0.290896614	0.161539942	0.381648554	0.800101768
0.654638118	0.05291989	0.364769041	0.747542243	0.312269759	0.886093655	0.319230244	0.690432198
0.923982964	0.986253222	0.79778403	0.019625333	0.051995389	0.8969684	0.386609877	0.740549823
0.587100966	0.678297715	0.204885915	0.01257211	0.378862935	0.732702478	0.367994226	0.728717418
0.430536092	0.703235072	0.478311543	0.321829062	0.333644565	0.30260595	0.360273544	0.825819296
0.342987361	0.376132841	0.915407742	0.918190036	0.18698151	0.41046999	0.586107597	0.758734851
0.974859909	0.634788707	0.747811776	0.88373826	0.273123512	0.137390247	0.414595462	0.698360765
0.569213312	0.92829858	0.365475458	0.670684958	0.15741797	0.288438466	0.183883346	0.846718795
0.128339906	0.130603334	0.909151116	0.375334445	0.374550203	0.591388101	0.324688722	0.881678103
0.832525429	0.794065039	0.367086276	0.185134265	0.419843573	0.239232601	0.258612787	0.792660156
0.080552185	0.954867359	0.031791165	0.619789211	0.177337423	0.039152175	0.236593317	0.717148938
0.853870625	0.037808562	0.201738264	0.689873565	0.40896718	0.952430548	0.627262835	0.747450412
0.956820194	0.17542087	0.619139247	0.256900142	0.047985118	0.392184586	0.130885556	0.862984472
0.275469197	0.12027546	0.831020015	0.639669334	0.369921478	0.267975151	0.43404389	0.726707982
0.295045515	0.671664704	0.226117842	0.96607524	0.047215289	0.76744044	0.524236932	0.892708513
0.613783303	0.194964917	0.633021021	0.665342252	0.158072967	0.387543995	0.269605213	0.760547136
0.902532345	0.571898299	0.909220005	0.450567247	0.55297502	0.234952623	0.150217843	0.720656908
0.203653597	0.863616472	0.217259236	0.519958686	0.278338785	0.465135767	0.216161734	0.908668497
0.828537846	0.902510072	0.695233868	0.80719187	0.372544988	0.035348452	0.498729268	0.760144337
0.011706487	0.392419073	0.763814121	0.784947886	0.425231322	0.959057295	0.467468516	0.658542101
0.089007445	0.999845218	0.388983787	0.086909602	0.530899178	0.742549066	0.119712247	0.928837884
0.961400121	0.104772644	0.005674991	0.191879343	0.371760277	0.804007919	0.395893851	0.669396798
0.372081532	0.17000568	0.045384337	0.030569232	0.496142514	0.751309802	0.445675098	0.92282319
0.011306172	0.812091589	0.812792523	0.3639199	0.195934957	0.953933562	0.51155723	0.683284376
0.667188779	0.723910913	0.429465893	0.886340724	0.450702461	0.836355501	0.40048028	0.802241372
0.138486988	0.247448809	0.276968922	0.374825677	0.223000906	0.843179804	0.144374983	0.77906927
0.997105492	0.29660705	0.239007322	0.254152159	0.218685193	0.890277557	0.156359851	0.706792372
0.499138847	0.866849416	0.038053217	0.799308491	0.066157634	0.865891047	0.043856603	0.819121239
0.211448673	0.532424807	0.568000631	0.773675479	0.396168828	0.028888321	0.290208118	0.69871774
0.863117006	0.533426016	0.24838252	0.713816195	0.227136164	0.556076648	0.161980831	0.718410151
0.5720369	0.265063191	0.034448414	0.716889361	0.470450195	0.018877502	0.447913504	0.653723751
0.820122688	0.004855587	0.81379088	0.186336408	0.046563914	0.018065796	0.214969725	0.792475406
0.094478267	0.981501058	0.468305829	0.81676377	0.450093668	0.660838982	0.401117225	0.811411381
0.506638078	0.820320433	0.886781631	0.097798027	0.412791784	0.989797182	0.402681547	0.772649065
0.582207248	0.551345168	0.967736704	0.404311337	0.456171639	0.207772939	0.311848803	0.648747129
0.890990249	0.275031507	0.864034227	0.980393918	0.188867741	0.732270504	0.299249845	0.839925464
0.684681537	0.300576015	0.240334398	0.057603011	0.456593516	0.613372987	0.395873622	0.702203826
0.127343507	0.821407002	0.818113867	0.427576538	0.426575305	0.941658477	0.55204372	0.804880158
0.002440089	0.669069047	0.558387004	0.053600859	0.298441268	0.183491552	0.420803714	0.713778446
0.393689693	0.211681258	0.678472057	0.906987065	0.344511199	0.5406138	0.265742717	0.764212804
0.471879026	0.531436749	0.194186544	0.234286517	0.128983448	0.203313451	0.473113813	0.70604598
0.462678529	0.616630635	0.101948485	0.268953679	0.036759211	0.243848546	0.399209738	0.653864574
0.831381682	0.026582103	0.570406639	0.99189293	0.38467792	0.063381635	0.470694223	0.87343289
0.856561794	0.785285417	0.007285148	0.732097949	0.2389758	0.135144671	0.291777607	0.771234221
0.982279581	0.438699886	0.422202138	0.92051358	0.243378208	0.859286778	0.268538942	0.686603899
0.549993532	0.560710214	0.734214313	0.331332553	0.524823505	0.819299805	0.125682696	0.817617236
0.026962291	0.400347013	0.05260682	0.972008951	0.000728973	0.245780669	0.340408431	0.838198241
0.538935404	0.851958361	0.626443243	0.212280341	0.471236972	0.083696406	0.338958731	0.807690705
0.208156542	0.912663291	0.586032276	0.593734565	0.441219311	0.718578915	0.227894825	0.763894678
0.58893033	0.331795714	0.232396894	0.236103488	0.33837749	0.661080626	0.372195854	0.755906467
0.441646718	0.639175501	0.047194981	0.241669285	0.504715127	0.519157106	0.436013611	0.838160042
0.718627431	0.740505704	0.781381623	0.156699481	0.077663903	0.013629375	0.262723654	0.877646806
0.105077146	0.793105707	0.555822598	0.037249368	0.412116475	0.696414402	0.402155701	0.722046239
0.07671031	0.128801104	0.166855759	0.828758225	0.486404975	0.697504653	0.416017458	0.724907315
0.036586478	0.56775252	0.650484434	0.961486659	0.37135813	0.736515884	0.355743146	0.924658767
0.038975447	0.890949983	0.001252986	0.976670378	0.002761173	0.349695219	0.279341524	0.600835332
0.316404448	0.489527125	0.510328657	0.783054215	0.209674785	0.337629134	0.67747157	0.855951826
0.759029871	0.896681614	0.392271375	0.502506496	0.139295473	0.235531757	0.599530103	0.814149793
0.298653934	0.82401879	0.961855652	0.668787175	0.243743038	0.953051746	0.551080486	0.632979244
0.357611609	0.631460263	0.417414608	0.980073688	0.179334071	0.856461065	0.496062623	0.548359966
0.015694953	0.137073269	0.924846728	0.802437245	0.097003048	0.750876001	0.187570761	0.815780147
0.052020189	0.112717423	0.145219092	0.987021913	0.088395432	0.214573779	0.504589859	0.826666048
0.283212674	0.6027631	0.81522979	0.024091979	0.387536068	0.876412199	0.402262133	0.689494909
0.987700447	0.940604409	0.381524637	0.084779358	0.553307071	0.453228637	0.415755701	0.734475704
0.875511641	0.980596737	0.241588547	0.237569682	0.213242258	0.887250274	0.355613403	0.830066167
0.15265308	0.134562556	0.977813235	0.235352625	0.18095779	0.847227918	0.444356962	0.763038463
0.514039618	0.338056754	0.237664949	0.164845218	0.06308781	0.959289122	0.372350661	0.810035877
0.055019197	0.841054394	0.047753783	0.659845603	0.152300802	0.783311311	0.550212573	0.718794455
0.554622577	0.945846279	0.807096239	0.848620722	0.167178413	0.404089142	0.468132919	0.658489211
0.803311727	0.190240944	0.475413365	0.995437307	0.296811388	0.939588407	0.268625741	0.861113437
0.578238081	0.287487388	0.8976225	0.185129197	0.084259339	0.524748498	0.309812165	0.734323913
0.343427074	0.058635483	0.723909842	0.108738038	0.161537103	0.520774722	0.417773797	0.66060943
0.284112154	0.01013178	0.365820824	0.45393634	0.082305129	0.702596649	0.290621205	0.699264352
0.847642895	0.607091706	0.172225816	0.264630694	0.538382245	0.871928112	0.418638249	0.951206143
0.733739779	0.314276739	0.66500907	0.994877343	0.496609091	0.759808665	0.447199167	0.84901964
0.792521736	0.355008834	0.054000477	0.45470599	0.121312887	0.900121147	0.279885771	0.888127907
0.714336075	0.132128848	0.091751607	0.863209775	0.191259098	0.620431558	0.296678754	0.751333456
0.333392674	0.735683134	0.134022473	1	0.163965935	0.809060739	0.182278708	0.846596229
0.422828324	0.107107629	0.11561381	0.841022895	0.151306378	0.512993168	0.377256911	0.750254557
0.75153216	0.651610677	0.149913655	0.812635441	0.368955286	0.444041405	0.359872635	0.827155595
0.790779281	0.960059815	0.647452303	0.603720351	0.370324024	0.658728454	0.158948367	0.726510249
0.586585278	0.76740972	0.325859791	0.862931388	0.460673563	0.095841134	0.487127157	0.798419035
0.411240004	0.44724238	0.277033176	0.853261347	0.363052255	0.553230428	0.422926099	0.710325374
0.654596598	0.496982052	0.157095416	0.254905686	0.112249569	0.064645987	0.557528816	0.742945439
0.014077455	0.363355847	0.013645168	0.129664847	0.001961297	0.334589315	0.392355718	0.820679935
0.677636064	0.40761782	0.215438713	0.135834988	0.476252921	0.568984439	0.373617963	0.739151688
0.54128364	0.841697674	0.042502354	0.089354594	0.11946408	0.95390507	0.569725072	0.788219023
0.935043568	0.208142003	0.373939155	0.174919861	0.307478501	0.295628676	0.428805706	0.715352635
0.087554369	0.214682654	0.936326039	0.592575202	0.093889689	0.253208992	0.507177701	0.744914657
0.566482747	0.289648209	0.991247459	0.765947112	0.28062185	0.63660246	0.3585411	0.73096117
0.248542064	0.225796775	0.983478267	0.732944953	0.206579869	0.911306451	0.507140686	0.801549478
0.192716857	0.524308716	0.78813639	0.625204223	0.007796099	0.292596518	0.460920332	0.825745956
0.603997532	0.717469993	0.707519361	0.022217292	0.519351359	0.545104847	0.401204726	0.649601166
0.706877857	0.86787441	0.142410231	0.609130095	0.02899764	0.117952065	0.24446371	0.627812461
0.164481326	0.225881779	0.719847463	0.035471485	0.190145877	0.413823988	0.469218928	0.776425682
0.752635211	0.585912983	0.757601208	0.755020319	0.517031989	0.082113266	0.348065863	0.792431573
0.375398348	0.654710577	0.601021318	0.607952004	0.036346957	0.37607231	0.304420823	0.815729208
0.774472934	0.297720738	0.027731764	0.23001006	0.090292843	0.704397898	0.636364988	0.865146654
0.506538247	0.659006581	0.107076697	0.491813751	0.384120153	0.731807268	0.338265918	0.753864133
0.606276953	0.330501615	0.810929604	0.950822008	0.378520993	0.842948821	0.347142813	0.810249848
0.461644188	0.026055543	0.535773004	0.965258687	0.228283665	0.714440672	0.22329491	0.82607545
0.178863437	0.597279836	0.5362113	0.018552581	0.257989521	0.261030353	0.082580868	0.773166952
0.651190296	0.395770576	0.565791899	0.24851922	0.195379668	0.3944988	0.465848906	0.867314729
0.262274065	0.934976031	0.338490698	0.229191963	0.52018611	0.529335381	0.342709924	0.734969679
0.429279615	0.720945664	0.875457788	0.928481293	0.451159528	0.889810066	0.292110095	0.841820491
0.736142353	0.308608282	0.899430727	0.997028408	0.329046108	0.790027815	0.546623856	0.77253795
0.826307659	0.47078769	0.82163382	0.299364793	0.062784047	0.917709427	0.519822922	0.777965811
0.393220005	0.492545088	0.689578672	0.209829381	0.524139462	0.735937749	0.120098376	0.657272887
0.653035976	0.574197988	0.064459359	0.371201512	0.205261498	0.287494185	0.484436129	0.792437518
0.794577905	0.338375175	0.070518932	0.189509118	0.037446392	0.310399105	0.500515612	0.642144573
0.054307419	0.031422822	0.90809959	0.101336156	0.032605365	0.819515266	0.454766697	0.849227872
0.748274622	0.751867177	0.667879196	0.594821723	0.031861912	0.190226099	0.357253651	0.81335477
0.117047748	0.513437093	0.630727779	0.114541681	0.540837346	0.11311521	0.676974435	0.700262184
0.397673721	0.673236224	0.997071681	0.754324801	0.388685359	0.094050212	0.21930299	0.806967226
0.028628587	0.697161343	0.093374053	0.637838678	0.090945343	0.117439276	0.408641411	0.761166326
0.069174717	0.893466672	0.079714944	0.768139694	0.124736101	0.529582993	0.378971992	0.750645726
0.274158015	0.263900671	0.957249305	0.322254849	0.545099326	0.889465657	0.2943974	0.863430917
0.078862932	0.116270117	0.795646855	0.064167054	0.30693653	0.479468182	0.094837892	0.848140418
0.844959045	0.408455808	0.928560608	0.388525762	0.245232481	0.081010904	0.371102396	0.833292796
0.892575424	0.489680811	0.103717145	0.963436243	0.054779097	0.253073861	0.443725835	0.688218757
0.506805279	0.592196183	0.411542654	0.067971979	0.433129519	0.807840672	0.340303409	0.540906579
0.740257855	0.516556823	0.05238695	0.400128252	0.508017793	0.286288083	0.135319461	0.739178614
0.197648	0.672131218	0.135427599	0.608855456	0.444733506	0.226899958	0.081914006	0.725969375
0.397841887	0.936004996	0.829303693	0.515736946	0.262973377	0.432421191	0.199550491	0.665445276
0.192682962	0.986880937	0.259502433	0.969940662	0.049628458	0.991841024	0.376631598	0.733525162
0.626238914	0.224745536	0.783862575	0.421451286	0.061906486	0.989273631	0.385645409	0.68393481
0.204602013	0.48079293	0.481588513	0.752959859	0.237833158	0.070197532	0.343556122	0.794409566
0.180317149	0.545757953	0.622795852	0.530895394	0.436414054	0.294057688	0.284374968	0.725906586
0.703253106	0.918141275	0.214535861	0.743014199	0.393781089	0.02370165	0.215177111	0.706453159
0.630152306	0.761338917	0.357336389	0.081249934	0.034081541	0.208332086	0.430882039	0.781419376
0.889325561	0.104141221	0.730346719	0.061676627	0.17600512	0.155265414	0.500614056	0.743646243
0.70531668	0.754420592	0.356598508	0.719512311	0.139768763	0.390824198	0.496943445	0.649180165
0.462053149	0.949891739	0.383647538	0.796956704	0.537969154	0.023978958	0.451137481	0.799003851
0.052528503	0.562717047	0.660860368	0.721760829	0.236917857	0.097904441	0.319639573	0.729043338
0.286642013	0.538598453	0.090056459	0.847240489	0.421548244	0.211274148	0.197159192	0.778742115
0.486163632	0.70823604	0.466024829	0.976405757	0.395980292	0.169164561	0.320540022	0.825203901
0.245715364	0.164995199	0.313400129	0.564757623	0.370856395	0.877788156	0.171852384	0.868483755
0.840022502	0.684916391	0.015786102	0.439664086	0.522218051	0.079640368	0.450657549	0.679780731
0.284553743	0.039811604	0.653275331	0.567033064	0.152175969	0.447103268	0.260806416	0.784678772
0.314065592	0.301109789	0.503813935	0.09330041	0.538460652	0.7124855	0.186581486	0.817243537
0.18505714	0.288533173	0.155764389	0.333621641	0.431463081	0.583127547	0.489159885	0.692266245
0.557917505	0.348864658	0.229277054	0.05952903	0.079106513	0.486420324	0.131372488	0.678135744
0.598883099	0.807882439	0.590043401	0.563596412	0.395876664	0.951121557	0.304373796	0.600122594
0.877221645	0.78315448	0.582137109	0.837524788	0.530107553	0.35933623	0.484062162	0.810152031
0.96214568	0.844329289	0.593092425	0.046126379	0.383170803	0.993544363	0.381394194	0.799296251
0.18667689	0.570901966	0.017587327	0.4826928	0.296306305	0.062342828	0.573030896	0.823689762
0.556272988	0.477578101	0.281010765	0.551749916	0.502521354	0.158157888	0.29120168	0.903798187
0.770635674	0.102225295	0.519074215	0.708316578	0.157733121	0.912593005	0.249704517	0.714645839
0.786263497	0.749862642	0.364551228	0.798013267	0.205403356	0.809313059	0.228507433	0.654508148
0.67124095	0.306716745	0.398548774	0.506291415	0.101789515	0.853307472	0.483389026	0.714057278
0.521716302	0.663426657	0.441246449	0.622273531	0.532770739	0.188165803	0.176825901	0.666333517
0.533335048	0.837020815	0.71900331	0.09075989	0.091727182	0.039055725	0.45771287	0.718422656
0.867390529	0.188818135	0.969159817	0.494089719	0.001998093	0.857115266	0.376108533	0.870183851
0.306229308	0.783676356	0.836968684	0.894117772	0.453995444	0.086257148	0.46077149	0.807106981
0.381565061	0.966127173	0.954656057	0.339471271	0.39801443	0.699347542	0.372610525	0.742329582
0.658794338	0.753503729	0.592492659	0.142377621	0.467197988	0.880351886	0.588421394	0.767697586
0.572206391	0.729698177	0.767093694	0.183838413	0.189954871	0.458608698	0.550031394	0.792191523
0.007251349	0.201026391	0.379542579	0.20940805	0.406471342	0.323122673	0.304980669	0.732851728
0.40330548	0.882044618	0.252008577	0.758899957	0.304391179	0.960014871	0.312305517	0.877943262
0.697674727	0.496392782	0.24305239	0.035626013	0.416320191	0.936970735	0.400432035	0.767724765
0.845995195	0.374274553	0.233839454	0.964686112	0.146943068	0.533520177	0.205186321	0.773475152
0.284040674	0.920117141	0.329456293	0.957938049	0.487385384	0.156853495	0.410653218	0.78053532
0.148524487	0.197542711	0.066405825	0.048109806	0.301962322	0.671632549	0.036401374	0.836457543
0.115130651	0.798783544	0.757464468	0.160901128	0.195109018	0.289529769	0.348630061	0.657162093
0.431984658	0.764608849	0.739830654	0.178508336	0.288224713	0.923191843	0.361581145	0.756167395
0.487972364	0.982825967	0.953488922	0.576273156	0.002995182	0.628729756	0.271658349	0.799879202
0.264536241	0.098450232	0.02761914	0.417908041	0.331058052	0.128115839	0.304848434	0.749099142
0.070364488	0.600786916	0.39584372	0.53714031	0.37769127	0.976735515	0.332506297	0.834574711
0.415287543	0.255542631	0.908163844	0.60366042	0.483314802	0.449401571	0.30801404	0.684217608
0.346221487	0.014959011	0.171828556	0.077523488	0.001899724	0.096861699	0.452572196	0.728270133
0.198263253	0.101332891	0.735107255	0.430308444	0.188839693	0.697711392	0.387807856	0.812296697
0.272635455	0.094039757	0.048117262	0.43736258	0.531884158	0.958371765	0.355451869	0.726649264
0.679604334	0.891273072	0.520378948	0.242556879	0.042787629	0.474346437	0.275839162	0.649842484
0.478526258	0.242224864	0.964226203	0.949820784	0.377054162	0.290874559	0.498021803	0.805282212
0.978131895	0.962564232	0.311782019	0.156030941	0.189529041	0.817673238	0.231826225	0.838094945
0.273753083	0.1655912	0.890573017	0.107328133	0.424992135	0.392487665	0.256005453	0.847498406
0.590186796	0.756946547	0.535304725	0.307111492	0.515696691	0.559814663	0.341127808	0.804874546
0.879451521	0.91169736	0.074962308	0.775253973	0.070920897	0.509366175	0.269786429	0.733838647
0.852222488	0.362483924	0.866343046	0.021197262	0.229627501	0.170501255	0.331732613	0.658036402
0.527152695	0.475852313	0.38139859	0.392745452	0.100258002	0.366291022	0.45311392	0.724690204
0.058103051	0.691377123	0.977310327	0.555987692	0.409061917	0.513094641	0.346601581	0.721049228
0.550493357	0.061394727	0.533862829	0.649937388	0.080460976	0.98979646	0.276056294	0.661482105
0.92307704	0.213798498	0.827903551	0.917111025	0.129667942	0.723802097	0.272262567	0.759041799
0.039028195	0.906414331	0.5425671	0.719801509	0.417759316	0.732552707	0.541400292	0.656538953
0.003967928	0.525456556	0.279787734	0.045571958	0.231732358	0.577793933	0.309328714	0.637330263
0.759374984	0.667307221	0.052878563	0.481945723	0.322486832	0.709387071	0.708925267	0.801815228
0.177976182	0.259301412	0.02248337	0.692427214	0.23885838	0.974053454	0.562628786	0.646817333
0.200659937	0.500793153	0.673912649	0.034176782	0.334083897	0.31549586	0.192465133	0.719362638
0.714608061	0.921280254	0.131021581	0.487301587	0.492475041	0.291492753	0.195828677	0.798450074
0.546989029	0.589342497	0.067662804	0.917717744	0.124771176	0.183081329	0.452626591	0.721916029
0.175797439	0.643318962	0.529288308	0.859028156	0.479002844	0.845796473	0.344237568	0.783828297
0.172992596	0.995095118	0.013102742	0.494156796	0.501978871	0.326685856	0.562799913	0.755244742
0.285404235	0.069647604	0.069855661	0.424190389	0.051824362	0.522618436	0.371218713	0.810834167
0.947755052	0.129304633	0.923157854	0.1911856	0.424706295	0.656293981	0.1091072	0.75387662
0.362004865	0.421339577	0.768510082	0.610543974	0.199208603	0.440523305	0.401870401	0.728425551
0.077665404	0.775949928	0.317235922	0.012661844	0.029433517	0.145515135	0.257381482	0.811190373
0.036263122	0.192116456	0.279035229	0.783322045	0.512067568	0.230465622	0.576704506	0.847098629
0.285700849	0.342199652	0.237552845	0.247675068	0.534930679	0.303757088	0.343654351	0.682401502
0.647061964	0.369602166	0.963516168	0.712201533	0.398536682	0.742327686	0.147818793	0.731830784
0.803592199	0.234899297	0.097171006	0.543175203	0.224911414	0.108062404	0.430420433	0.779210176
0.442277368	0.581147123	0.897675406	0.879211889	0.50069157	0.350416126	0.458818313	0.673144886
0.15577652	0.307855172	0.400578409	0.622939868	0.127538754	0.769179017	0.280407934	0.835045696
0.279073637	0.838116839	0.220972997	0.105956288	0.488208762	0.875383237	0.310206053	0.710940052
0.486952353	0.610731478	0.633010756	0.278948242	0.089028169	0.135113661	0.302985751	0.567295763
0.1863846	0.362850625	0.486391784	0.893013718	0.424337196	0.903733652	0.584104746	0.781948677
0.752957144	0.051400455	0.136885678	0.996788605	0.377805932	0.567775005	0.4755084	0.801737712
0.776670823	0.827102291	0.990086294	0.200820724	0.374609032	0.970678005	0.302554723	0.666464331
0.223472414	0.732596368	0.254809238	0.019633805	0.264773037	0.162502678	0.361584434	0.800471327
0.733778821	0.181276617	0.517562513	0.011610532	0.000250431	0.640604061	0.335849756	0.666236849
0.028171545	0.000259857	0.43652066	0.907792162	0.396471546	0.893394082	0.33876035	0.76140031
0.649060058	0.454023981	0.519752649	0.682045339	0.198136252	0.52290467	0.304838779	0.77646232
0.345640711	0.711874237	0.123701488	0.942493871	0.421405966	0.534576552	0.688727539	0.833509574
0.0496166	0.832431854	0.703273642	0.408648202	0.402068184	0.61168676	0.505351092	0.702960333
0.461709424	0.702096175	0.873668902	0.89615172	0.254390629	0.868818011	0.223547062	0.683905415
0.409534052	0.708164923	0.602048036	0.689532816	0.355117564	0.950708979	0.380525009	0.786805007
0.452042599	0.191662121	0.22508116	0.285582805	0.533437637	0.365391481	0.585962031	0.866369429
0.986901231	0.218372211	0.314278133	0.330411256	0.390710287	0.985676633	0.242650597	0.668368743
0.241237198	0.704091066	0.942569625	0.17004002	0.282384199	0.907345123	0.356588366	0.721561928
0.784452096	0.42811864	0.073648552	0.252251481	0.14811835	0.176753147	0.454400169	0.858754287
0.166529456	0.725514059	0.096809869	0.239758683	0.405869781	0.571255626	0.447925942	0.829494217
0.154048531	0.403601684	0.110848615	0.505157202	0.402521076	0.05582729	0.307581702	0.74864031
0.356905805	0.29995634	0.965788643	0.721665934	0.33024234	0.180158518	0.308671536	0.807584023
0.42878884	0.16406674	0.091077542	0.229791516	0.52077015	0.428608496	0.242412173	0.630702542
0.200922674	0.655205655	0.63104821	0.210344863	0.256607782	0.950168817	0.428661172	0.893137971
0.989313651	0.747418926	0.748957238	0.51803611	0.150428171	0.541667058	0.373242379	0.707982423
0.043597669	0.763776281	0.984995885	0.887191759	0.192313864	0.506083846	0.417744284	0.717981988
0.272959532	0.616454355	0.579832466	0.667332299	0.550185853	0.209485062	0.32851472	0.930457314
0.331026891	0.746623364	0.833257694	0.337552152	0.453948697	0.897881528	0.297254683	0.832793401
0.877747503	0.616622193	0.378645231	0.220903072	0.077323794	0.733449026	0.354733974	0.663975879
0.046795296	0.017367052	0.975144654	0.356852444	0.373836616	0.327023041	0.274093908	0.837651281
0.870099582	0.925405737	0.120269845	0.931723436	0.354497311	0.071655086	0.279349516	0.910651831
0.506385652	0.724812952	0.135900054	0.86073963	0.362247827	0.567431947	0.273088996	0.761505245
0.774574365	0.359506431	0.062131454	0.565899956	0.219223438	0.060446496	0.312296538	0.860915849
0.844113859	0.865637807	0.247315387	0.099518331	0.378701199	0.050793428	0.364669539	0.74461612
0.86080654	0.542956958	0.551455182	0.931983942	0.543005492	0.296540709	0.279282546	0.792867292
0.100462707	0.091582852	0.729817973	0.948522505	0.161597873	0.972895058	0.11866359	0.865366101
0.277552528	0.106124556	0.2842182	0.386200409	0.242664416	0.165818261	0.295841903	0.733424857
0.946142867	0.580347844	0	0.857960636	0.130186644	0.327737148	0.417177186	0.734601927
0.720264154	0.052288636	0.440625421	0.926686972	0.311452189	0.767181025	0.533024429	0.669384196
0.300350703	0.312911229	0.957211356	0.637277155	0.332345947	0.075443616	0.511726736	0.824014448
0.127581263	0.936666842	0.629307751	0.483491849	0.000219229	0.221431737	0.306707706	0.702374288
0.827442377	0.394907586	0.183554497	0.807678152	0.44850505	0.701310962	0.207245633	0.719456922
0.120220136	0.688110696	0.325105509	0.621635031	0.090516418	0.669244997	0.275735787	0.892163428
0.923294409	0.758440147	0.920500923	0.51401191	0.456797997	0.168521488	0.35796477	0.731690924
0.282540935	0.429396534	0.888008233	0.244251184	0.195832029	0.553664027	0.569291915	0.58230296
0.856095558	0.666124285	0.944965982	0.180636808	0.117144005	0.872955228	0.441461773	0.721363052
0.371279048	0.478253631	0.936307226	0.059618163	0.50084179	0.848885197	0.326799338	0.723114973
0.633001502	0.437938368	0.25869939	0.956894453	0.402774031	0.844445893	0.475711085	0.762455802
0.141341833	0.773931608	0.474801221	0.396479305	0.466927145	0.641091385	0.359985461	0.790148438
0.640936185	0.155329505	0.409806836	0.168584251	0.427331665	0.811152936	0.425506523	0.870457597
0.149877325	0.505915803	0.037577934	0.08682898	0.045058883	0.96539556	0.274560837	0.830478139
0.143420464	0.419783482	0.781704945	0.339836212	0.071338482	0.103292156	0.512382042	0.609132375
0.959774691	0.988595076	0.097548731	0.669804785	0.507327525	0.036085073	0.437942865	0.68965773
0.089723856	0.41693532	0.745166726	0.251817407	0.491034806	0.432817329	0.344085809	0.694272807
0.168879823	0.188243105	0.769278265	0.257193162	0.056121054	0.455961064	0.330552222	0.956627535
0.074486904	0.859061474	0.110720534	0.077883491	0.384526554	0.571947207	0.299820271	0.616526107
0.454688145	0.9530324	0.585543884	0.853620839	0.26433104	0.155011969	0.484571109	0.65285963
0.404993057	0.340845693	0.63145234	0.023112636	0.236849942	0.957054422	0.679401433	0.711816109
0.535985585	0.34158889	0.505655427	0.026545532	0.530333981	0.752616667	0.544683573	0.790009378
0.049050017	0.852679955	0.865578608	0.18502593	0.356149744	0.249547645	0.365839273	0.632854836
0.779262274	0.084797602	0.594117763	0.014968107	0.483788872	0.241044705	0.311878994	0.757500528
0.10591645	0.953008075	0.600703446	0.514268416	0.360438052	0.672861631	0.522168209	0.792075338
0.498605371	0.167072675	0.957125408	0.212228486	0.438858996	0.335343948	0.138452088	0.802712577
0.0741041	0.201199874	0.879993689	0.347505188	0.180641904	0.245315121	0.384505933	0.773993267
0.153284102	0.301073983	0.901568121	0.282361012	0.069132244	0.819262978	0.363431306	0.754268164
0.217226102	0.081319602	0.30007523	0.468263099	0.303603183	0.65205107	0.372592385	0.869014566
0.860300535	0.945347594	0.393938101	0.827887985	0.528029104	0.936083435	0.114780638	0.765288647
0.097096239	0.825235698	0.909246675	0.969390025	0.026058533	0.950819427	0.287362064	0.836993411
0.373596853	0.910487733	0.799417461	0.932252113	0.092856866	0.197361319	0.496194956	0.938014345
0.978697615	0.034577444	0.225111073	0.424343198	0.090183021	0.030198814	0.39300871	0.746167156
0.841363917	0.871124899	0.043428534	0.379075407	0.180003065	0.137127069	0.203671088	0.784097815
0.152368172	0.732965341	0.734601464	0.392703521	0.513204823	0.544080592	0.170815697	0.841160627
0.299162633	0.251949584	0.830511141	0.826997738	0.038527253	0.441581575	0.559244512	0.766367625
0.928446271	0.724211205	0.525207345	0.291310284	0.212371427	0.364252652	0.284022238	0.794855436
0.032390812	0.824976117	0.158223233	0.532344004	0.470695985	0.506317076	0.35062902	0.79020364
0.653896778	0.781766382	0.978663328	0.604337074	0.034983767	0.849320104	0.386998317	0.888552532
0.993836828	0.574866485	0.865440243	0.288678689	0.399768068	0.012969337	0.334685614	0.802767706
0.355531057	0.925562421	0.526838689	0.008912244	0.437055291	0.048983989	0.374362412	0.758472773
0.679553794	0.27584499	0.356214233	0.431859435	0.305207527	0.479837297	0.657406381	0.797419895
0.524450283	0.981764273	0.937978782	0.230827002	0.067553222	0.032602882	0.386539321	0.7801963
0.336640469	0.981360506	0.228716293	0.11567662	0.417136209	0.884555975	0.065130291	0.855803806
0.063228913	0.205546361	0.454701913	0.542193435	0.306430061	0.559586165	0.376555495	0.825039644
0.814167103	0.421839633	0.480136859	0.43815517	0.491619213	0.841290859	0.52863089	0.804278802
0.026632217	0.809420571	0.726909749	0.779910976	0.194841441	0.130454669	0.367424695	0.700843206
0.298502241	0.242583275	0.283536305	0.194713812	0.393052385	0.881099351	0.349938168	0.874003686
0.871917329	0.864323265	0.516575495	0.320659583	0.153365028	0.225508487	0.283363176	0.828339322
0.389726138	0.56380083	0.494723956	0.531780583	0.489464307	0.062688442	0.513912474	0.765866052
0.132745865	0.535427568	0.191234015	0.540374858	0.430291881	0.653849598	0.410506197	0.790735007
0.867282888	0.10475406	0.863061807	0.626189327	0.274996977	0.641520848	0.21239318	0.77093638
0.818671656	0.129041768	0.614901796	0.77328008	0.513198408	0.592677753	0.396995264	0.693692641
0.309453739	0.799849382	0.827033378	0.220197296	0.22061124	0.665140585	0.519941606	0.733537407
0.307093754	0.090553997	0.936324654	0.58511574	0.504031245	0.803715449	0.435080681	0.87935963
0.095255111	0.05344143	0.135356546	0.872020805	0.04154808	0.107954061	0.465365603	0.749778524
0.444041645	0.982165383	0.269993414	0.927358523	0.092644144	0.58428801	0.630469171	0.874218586
0.856941473	0.156073107	0.63816685	0.584590292	0.426591408	0.185919974	0	0.654835364
0.44965537	0.407755516	0.510423353	0.907479309	0.339139967	0.796345317	0.325746091	0.756002344
0.3104028	0.440026876	0.593085401	0.299863412	0.078368799	0.288641953	0.328924755	0.764852548
0.725452536	0.508756169	0.779696959	0.374290309	0.128890859	0.26483307	0.28580313	0.815743853
0.787892251	0.185212015	0.807889032	0.715308539	0.04444241	0.651525587	0.316988416	0.754110282
0.491850685	0.00753588	0.692406839	0.639065286	0.056220855	0.919602385	0.313880447	1
0.389153635	0.447876783	0.817265513	0.485575446	0.466226182	0.854693799	0.545785245	0.786764676
0.292174027	0	0.275042157	0.047046779	0.154406769	0.747385368	0.476885489	0.660470855
0.272545987	0.900619577	0.660288022	0.906755055	0.50797643	0.68955862	0.61666207	0.617205295
0.105950008	0.366942631	0.468019734	0.633028954	0.074068022	0.751832753	0.41215147	0.662973643
0.668360012	0.789473671	0.986686973	0.781320334	0.397011857	0.97377673	0.323223499	0.616879606
0.092907529	0.981505225	0.625171174	0.648929576	0.085670647	0.333245884	0.482746106	0.756304003
0.997458119	0.908342221	0.543774645	0.374388063	0.396686745	0.566720329	0.452087785	0.769304392
0.506381692	0.121015563	0.90192695	0.217883386	0.071376311	0.615428777	0.37239768	0.641218932
0.466708246	0.502411133	0.275648209	0.388268392	0.295382424	0.80525243	0.347994363	0.799925888
0.211791694	0.607285915	0.721739856	0.699169021	0.020782284	0.7761821	0.452877111	0.826989338
0.424060458	0.618804537	0.977839381	0.639637044	0.37516683	0.795766099	0.366482495	0.64737816
0.770484199	0.320768827	0.161450384	0.164573312	0.156395366	0.974370544	0.418847505	0.709748744
0.227787689	0.863660274	0.565222482	0.682691483	0.050497646	0.049822501	0.188496991	0.71120308
0.047874102	0.253844615	0.381904232	0.122327483	0.091025145	0.466760689	0.462288355	0.691878296
0.200378105	0.789641249	0.602825917	0.306875746	0.113983033	0.825212656	0.424647117	0.848124529
0.626678171	0.961796676	0.275064889	0.737645032	0.538365977	0.734558099	0.302402905	0.866594153
0.593557569	0.098091655	0.562377451	0.354043586	0.466934441	0.196655613	0.416980068	0.800019332
0.831438113	0.314021082	0.037117997	0.295395288	0.317971174	0.271638996	0.260057159	0.675064416
0.268932631	0.747140109	0.952671639	0.000778446	0.517082608	0.141651264	0.296991887	0.633549768
0.679738806	0.358366349	0.938028054	0.097346896	0.154173436	0.787321689	0.525372866	0.840966736
0.292934276	0.987671816	0.197817766	0.656484027	0.23210768	0.213630624	0.083091956	0.907410398
0.895760493	0.658707573	0.021327672	0.837113131	0.12590288	0.022065391	0.28772366	0.778036338
0.831167905	0.373499991	0.385737445	0.280614114	0.346943205	0.972343086	0.293844883	0.724343711
0.107586212	0.20558761	0.888172675	0.450148758	0.522317863	0.762337243	0.555819037	0.756313875
0.24072846	0.625369066	0.325566302	0.231391433	0.478781244	0.750427142	0.518683192	0.87283533
0.470244146	0.259537024	0.620123332	0.604764264	0.330757145	0.44860248	0.574460501	0.756966505
0.208910428	0.7391517	0.579344501	0.423526789	0.336641696	0.52028309	0.193514828	0.734790395
0.301719687	0.040812271	0.713491602	0.388959783	0.329316184	0.792708112	0.244481634	0.785056342
0.476267529	0.754504963	0.16531894	0.514469202	0.036849277	0.667261884	0.458262854	0.676102644
0.08421224	0.674373913	0.08322209	0.681115878	0.539353736	0.209712578	0.187447578	0.935793763
0.007926738	0.697012512	0.272427964	0.404910178	0.014386859	0.5836191	0.523177304	0.667067922
0.006027667	0.797710805	0.635423606	0.629844014	0.005071786	0.32353821	0.300961587	0.756097765
0.949325704	0.430913053	0.160276415	0.435335236	0.473460883	0.727561818	0.359575562	0.628425587
0.717147972	0.054274454	0.659293757	0.17923756	0.479601194	0.837349969	0.252061563	0.757366794
0.479607676	0.966247681	0.385298386	0.918601184	0.43053991	0.536094549	0.427205475	0.558959364
0.033201926	0.078121035	0.963671478	0.416509164	0.521588083	0.758918083	0.29887869	0.790642175
0.923809954	0.568038563	0.435041142	0.019889021	0.113625034	0.955956271	0.380104172	0.704072784
0.302071216	0.83200119	0.544107366	0.311393864	0.264448104	0.672116697	0.275368885	0.706286146
0.100189472	0.142761153	0.604914168	0.58817491	0.26895296	0.749135197	0.438305976	0.723763936
0.517752754	0.169100234	0.606927021	0.193002623	0.486052041	0.794987485	0.448587126	0.730520915
0.947207074	0.500788037	0.50965787	0.261254215	0.002322046	0.037563118	0.311685483	0.676253525
0.024496289	0.263525952	0.456107682	0.463724002	0.192831103	0.981329396	0.462774171	0.712442149
0.127483001	0.262445789	0.341588642	0.125341516	0.542442344	0.026221056	0.438731507	0.752283311
0.808642747	0.766154912	0.450059927	0.473052806	0.307827866	0.98745928	0.413880522	0.686688696
0.457212883	0.771266988	0.782380496	0.734510396	0.265467288	0.422567799	0.386154276	0.566695916
0.602412445	0.071100076	0.036786678	0.603915926	0.277704505	0.700274215	0.314046414	0.718801959
0.989653328	0.569686754	0.480881733	0.787971556	0.030690679	0.131847462	0.535867812	0.694662304
0.455677571	0.323244563	0.266562358	0.879741474	0.256976057	0	0.454469474	0.759178425
0.822191193	0.105791524	0.717427863	0.658274832	0.228805732	0.933862939	0.416842478	0.718955189
0.378777203	0.740419626	0.473833626	0.649640915	0.149567376	0.958746476	0.188449188	0.72356648
0.039058713	0.655511954	0.082870416	0.498175009	0.476516177	0.232176166	0.316913313	0.826346946
0.511033175	0.701841697	0.060347265	0.235336997	0.169610747	0.008137675	0.512921805	0.708315006
0.021200685	0.762147177	0.739756557	0.999008171	0.28638552	0.634201489	0.267980958	0.56377517
0.73909273	0.084526755	0.845268317	0.91630247	0.412293872	0.738887289	0.296822265	0.83498222
0.995568319	0.855207258	0.237030062	0.331308128	0.281062959	0.893872794	0.339604622	0.673813854
0.628334025	0.926402949	0.365986731	0.440046354	0.475186433	0.133627131	0.318120571	0.806979081
0.609745299	0.130944521	0.793435373	0.392353535	0.011452449	0.58585737	0.212636234	0.684065836
0.795870646	0.463076468	0.567688399	0.471909991	0.460312366	0.42895512	0.269168344	0.821942071
0.495809119	0.988439401	0.397445203	0.630087874	0.262799571	0.597313387	0.364328178	0.695268533
0.748554766	0.519323192	0.02920139	0.281117878	0	0.15292181	0.316350927	0.858761386
0.083514439	0.030425957	0.539573863	0.813368984	0.093802198	0.048282858	0.362497914	0.783001713
0.69536877	0.524653174	0.668084755	0.241976076	0.361343586	0.040610279	0.374198488	0.737342913
0.199045231	0.809625969	0.528231263	0.036073018	0.429190619	0.353758268	0.422443675	0.729110573
0.562665299	0.428109635	0.619512375	0.987188604	0.174068616	0.87422009	0.309271708	0.721187543
0.837710311	0.305019605	0.019203309	0.239931789	0.224627508	0.550817807	0.423003995	0.756929281
0.963534313	0.878886765	0.075978021	0.950747915	0.046586155	0.510323959	0.429106089	0.612174522
0.967656346	0.919562148	0.415048833	0.081260267	0.050674077	0.652106771	0.323704376	0.764358294
0.486283633	0.158037899	0.261037223	0.574576176	0.358579476	0.452741521	0.282887104	0.730715515
0.202791859	0.968043645	0.168052903	0.645457322	0.062854359	0.503819673	0.461219023	0.714185887
0.073166057	0.763150472	0.143960453	0.966097699	0.447110897	0.8945839	0.368485763	0.74990207
0.190540148	0.985874699	0.861013436	0.849414239	0.236905986	0.081772689	0.402750094	0.751720459
0.371954601	0.917767952	0.807453952	0.719111015	0.03353752	0.059924269	0.571013287	0.870203462
0.322493755	0.739883184	0.741473293	0.016256138	0.499705675	0.17022063	0.205847846	0.6689581
0.46631734	0.726317983	0.982842823	0.857552349	0.282806302	0.091050465	0.340228517	0.710116742
0.486807918	0.957764169	0.720042907	0.299132436	0.031669232	0.968767103	0.349808722	0.615307167
0.125247565	0.124287736	0.606582266	0.80738265	0.543862842	0.109922471	0.182763404	0.613999165
0.613444972	0.507978363	0.992282663	0.724221815	0.389515804	0.446787797	0.329322998	0.926605144
0.270678803	0.032916972	0.08542025	0.690855511	0.120842938	0.505950294	0.35949303	0.763626465
0.281091496	0.425368591	0.153431216	0.716656898	0.390784659	0.176593173	0.339955159	0.686292419
0.947464047	0.13318827	0.959048347	0.195820065	0.422151036	0.555544478	0.600171465	0.752740573
0.730804785	0.258005901	0.030789355	0.410530498	0.549788645	0.323109372	0.209319287	0.732062734
0.842709089	0.071808202	0.607383247	0.013249377	0.067350501	0.414463441	0.490341939	0.729273163
0.975694511	0.610225822	0.306609189	0.945456885	0.51263708	0.096008332	0.464802166	0.805966811
0.271117039	0.961059524	0.757027928	0.152805456	0.399343683	0.794854896	0.11841567	0.688696936
0.881083883	0.626535623	0.090171712	0.373738438	0.068461643	0.266941724	0.46125606	0.835368525
0.994098959	0.028809865	0.523518339	0.062559356	0.109732377	0.817746807	0.14313667	0.829230007
0.435804475	0.124889532	0.089694017	0.317260681	0.261533702	0.038415679	0.278923244	0.742442576
0.203479727	0.474700651	0.951944826	0.334915853	0.124559617	0.402772313	0.493056893	0.859661726
0.963201445	0.365467052	0.286707256	0.515760937	0.496153222	0.158453904	0.565412007	0.898813889
0.43582672	0.796064435	0.70792108	0.950327974	0.47264903	0.994865055	0.282995609	0.758521559
0.1647181	0.140205981	0.62386087	0.833566586	0.385389075	0.294878522	0.327209299	0.621388828
0.710674515	0.933608931	0.756653326	0.404056992	0.143628784	0.261424953	0.332224251	0.751893366
0.41868714	0.06997781	0.804052977	0.932442606	0.126390742	0.662942095	0.461169094	0.727595326
0.15367944	0.840960301	0.394389755	0.072029895	0.419481201	0.109325037	0.283042641	0.553645186
0	0.217826515	0.731021295	0.058069048	0.281921725	0.723957311	0.456874234	0.629099099
0.199779984	0.491181445	0.519476499	0.819204215	0.022714091	0.762721932	0.18919962	0.88761347
0.114672452	0.739327598	0.363831598	0.833438543	0.233336228	0.506865766	0.428055212	0.790399415
0.792489347	0.993569339	0.463795657	0.270034076	0.489646547	0.704368664	0.347424085	0.840123134
0.470211643	0.827878763	0.85304578	0.395624093	0.262107549	0.814426932	0.349623945	0.728369222
0.126954379	0.963413713	0.791250472	0.677277599	0.121805098	0.712911025	0.253232137	0.763126727
0.211237264	0.415727001	0.14863018	0.40572531	0.211112848	0.845313554	0.251404679	0.768185073
0.496436848	0.573276347	0.058888744	0.313787824	0.491332276	0.504195983	0.470134017	0.741002919
0.280546332	0.77119541	0.852425441	0.677041378	0.136491476	0.103220475	0.214108238	0.701068359
0.585342868	0.376492705	0.664815515	0.699706588	0.276812073	0.3414276	0.264088764	0.75796304
0.079087964	0.650436473	0.906639374	0.92377844	0.285659326	0.734742408	0.40834027	0.798110243
0.8233602	0.395948653	0.823208869	0.448160065	0.484528337	0.879373847	0.150985817	0.78887437
0.170155365	0.512108637	0.294400638	0.292275775	0.153374078	0.376993617	0.388115921	0.798319844
0.199452344	0.713464825	0.090320365	0.665906062	0.197196403	0.87794311	0.558212756	0.803593765
0.316475682	0.692157798	0.698100042	0.411681868	0.023937185	0.45562049	0.551514506	0.78176853
0.198846925	0.605386964	0.071409905	0.895812522	0.356062515	0.132822643	0.201358401	0.803982399
0.738760359	0.133832951	0.578825634	0.542067911	0.148688482	0.266462694	0.330861751	0.716463261
0.059172433	0.699375082	0.818997354	0.833741179	0.070953361	0.631583738	0.294853531	0.760619201
0.997835325	0.995641644	0.423825778	0.893982873	0.490751556	0.988993015	0.307243506	0.601893033
0.809015884	0.17450249	0.167955751	0.435967891	0.155095697	0.369678366	0.258009235	0.661417749
0.367944474	0.852491799	0.893878105	0.53251358	0.37052241	0.665599025	0.358729656	0.787453837
0.0706509	0.051441553	0.890797586	0.289840283	0.357774578	0.71411566	0.563866201	0.728258821
0.611861547	0.211678799	0.167316626	0.822196072	0.519822411	0.740493311	0.444299822	0.739999318
0.999064673	0.553051202	0.987406649	0.254988829	0.228577082	0.103459013	0.440762225	0.740522959
0.490042276	0.85124105	0.958674194	0.386817229	0.00014024	0.455252405	0.601080158	0.850935301
0.383708396	0.662466195	0.527148373	0.30124357	0.489959337	0.185542477	0.329785474	0.652571895
0.264582306	0.775873357	0.08666032	0.404919204	0.019271829	0.137509401	0.20852023	0.694053551
0.809792988	0.013413021	0.565872415	0.976855756	0.241659476	0.20744698	0.321786742	0.708928189
0.966975826	0.669709387	0.946988759	0.276354084	0.513340848	0.910537878	0.33416967	0.846171047
0.178772608	0.32780062	0.102942848	0.543880955	0.114113855	0.866120692	0.548976233	0.698972981
0.139707236	0.495356862	0.332850118	0.433562527	0.412181695	0.581931555	0.2671477	0.685452996
0.40795637	0.873388867	0.672133828	0.639445287	0.060153116	0.274356729	0.279705497	0.766584953
0.441150521	0.230032345	0.90776611	0.398528895	0.855756881	0.618375279	0.748690612	0.35148516
0.568675689	0.242696522	0.481777692	0.553632885	0.849563849	0.624211452	0.857890823	0.622319142
0.25680672	0.452294149	0.929592721	0.46570821	0.809251355	0.109426478	0.476238158	0.733740647
0.737092613	0.313862269	0.85956129	0.509298642	0.847825651	0.831982013	0.78178999	0.19004225
0.730477633	0.518747754	0.104629708	0.342515177	0.87661054	0.193128866	1	0.308941663
0.421755804	0.027425438	0.527504001	0.536637897	0.771145932	0.460956343	0.483602108	0.179079406
0.335637564	0.363484874	0.003959462	0.538062546	0.764746726	0.487127708	0.38048092	0.32208593
0.36707	0.647344596	0.37698131	0.394912803	0.782153893	0.247001986	0.426309587	0.141496586
0.671504923	0.72454464	0.781968318	0.592438022	0.909159711	0.500850515	0.44774603	0.315709144
0.425157852	0.212439607	0.497469437	0.644628295	0.774080462	0.123504642	0.688393354	0.670133464
0.918071709	0.516430513	0.054037714	0.543639708	0.867123511	0.561766997	0.510732293	0.003746238
0.829039334	0.085041079	0.300704028	0.384981169	0.887040306	0.11253577	0.74908199	0.373908423
0.872448396	0.764902259	0.504067183	0.634645264	0.836470403	0.16840976	0.610345731	0.439252143
0.544096037	0.917142977	0.911666483	0.43416123	0.856587417	0.375136917	0.54223167	0.532474155
0.657852377	0.978941627	0.655836261	0.605632588	0.879790645	0.127183119	0.644504038	0.231558141
0.63910383	0.948862822	0.700765305	0.528061108	0.826798887	0.121448937	0.580384618	0.600598849
0.879098214	0.870663066	0.436058065	0.588652883	0.913113711	0.782584454	0.495204026	0.116994347
0.672367753	0.109987885	0.091719494	0.499543544	0.844863962	0.281542615	0.376506812	0.353204147
0.931423044	0.1714617	0.519421766	0.478549816	0.829717832	0.586177811	0.945362216	0.058251235
0.977615657	0.856576295	0.814784755	0.343756001	0.783460045	0.281898453	0.640037057	0.510500607
0.397642849	0.834126154	0.154740858	0.435902623	0.830575838	0.478317977	0.670277948	0.323475029
0.449363865	0.06166814	0.970576844	0.723808003	0.848341296	0.426031398	0.614308596	0.500796586
0.495350501	0.599266108	0.632529816	0.561778345	0.877499219	0.130632724	0.835540855	0.328566779
0.633001792	0.999443525	0.134327243	0.498250315	0.870554791	0.379023036	0.933907883	0.339931639
0.682484106	0.568689514	0.627336164	0.509241831	0.809270468	0.330914271	0.599834077	0.106579064
0.613923503	0.417597004	0.878538657	0.47114758	0.832594989	0.470753571	0.674391008	0.628177128
0.856027176	0.905041571	0.123226996	0.549314077	0.741786522	0.884301035	0.71610036	0.710205898
0.883287227	0.033289748	0.611311826	0.496624767	0.781037403	0.508103853	0.873578854	0.391198028
0.893428609	0.808990056	0.532718374	0.482909985	0.808661517	0.641477716	0.875830375	0.193136807
0.52333806	0.173620797	0.636915077	0.494625749	0.839573524	0.373602582	0.865251728	0.620091791
0.750878308	0.659121565	0.314609911	0.546919424	0.85309522	0.93677758	0.670529639	0.540785924
0.496127693	0.603118879	0.035129854	0.462176908	0.955553737	0.393485742	0.417313879	0.469210216
0.740660271	0.03927241	0.318197511	0.308981372	0.794451811	0.047854053	0.556439343	0.138540738
0.128300501	0.080632723	0.58387605	0.360084492	0.826066006	0.884717247	0.761677244	0.581384509
0.429556692	0.503667166	0.934925755	0.334184398	0.923210676	0.354195348	0.757082506	0.256173765
0.832834965	0.586624106	0.636560795	0.501786273	0.768652715	0.270461107	0.974601967	0.032713024
0.606802468	0.917999809	0.154714174	0.574651929	0.794956726	0.272144855	0.420155804	0.111169177
0.146465477	0.547895281	0.38799587	0.330835262	0.844956903	0.5686882	0.503292184	0.676416149
0.76944522	0.681120279	0.172367448	0.447336588	0.870976295	0.339482873	0.694710804	0.445871723
0.700445042	0.779014701	0.36189148	0.504659312	0.788340426	0.086352022	0.726027375	0.366817791
0.051689924	0.974205181	0.171845672	0.477558603	0.714359662	0.561013357	0.64026983	0.619044128
0.382931885	0.671272026	0.328045296	0.399448677	0.814834973	0.829791631	0.544159006	0.50547267
0.105849208	0.030469853	0.355783748	0.390160924	0.881508401	0.083352051	0.97302316	0.016807848
0.705995337	0.321017381	0.369057728	0.676495306	0.786126827	0.412394459	0.492446266	0.538703966
0.612863007	0.226507358	0.585550548	0.451853247	0.833488998	0.291731723	0.81743463	0.102123962
0.160753542	0.535856294	0.296982025	0.415098371	0.810334686	0.799917295	0.600882252	0.742501796
0.636455355	0.507098092	0.577922656	0.546017524	0.933021283	0.41766183	0.798215707	0.546576647
0.381123183	0.549862004	0.635317585	0.557514658	0.902826045	0.716857279	0.500821678	0.66496351
0.844628893	0.029903454	0.320160424	0.428598929	0.829956068	0.453215278	0.557654499	0.323509938
0.456243032	0.948070963	0.927839125	0.434858517	0.867223534	0.743939175	0.651553951	0.476473659
0.840593073	0.787773454	0.247939153	0.480406998	0.985484394	0.64581636	0.929007276	0.56703386
0.662897188	0.676919518	0.736088151	0.569392435	0.758852886	0.557099435	0.661934753	0.557925373
0.646130732	0.219403569	0.545967849	0.624744817	0.753394672	0.365465515	0.997048048	0.41799694
0.670153193	0.604753687	0.069460567	0.64410528	0.81701171	0.97859811	0.922771642	0.104163088
0.584509165	0.366153879	0.801231073	0.510741004	0.951706469	0.509146603	0.59084897	0.282112188
0.266440479	0.356469492	0.642581099	0.423148448	0.89133148	0.006977342	0.89237861	0.124639672
0.135623807	0.97012421	0.243904637	0.699281686	0.788654317	0.905795878	0.520302306	0.459319243
0.074823236	0.43887797	0.324982964	0.544700858	0.962176442	0.623204559	0.464187083	0.349758189
0.701284615	0.997928415	0.287409705	0.522935294	0.79635933	0.234403981	0.643130055	0
0.529530832	0.166056374	0.212022832	0.385962541	0.919415807	0.622497742	0.969752971	0.544014348
0.543291597	0.403525795	0.337643476	0.473591381	0.850044855	0.686141246	0.367272659	0.549291489
0.469261615	0.918225516	0.137099215	0.564151154	0.838086702	0.251787114	0.928556884	0.626494654
0.472520517	0.283521674	0.467080912	0.432938132	0.827383938	0.187434589	0.644273696	0.565130418
0.684035838	0.8430323	0.251924167	0.623310825	0.721885	0.042858371	0.5950338	0.500384953
0.617813293	0.884411474	0.64828298	0.682518845	0.908815734	0.926267059	0.981458754	0.311256442
0.828089192	0.937946449	0.379859704	0.648328985	0.863056785	0.277785306	0.69156347	0.37209678
0.337425794	1	0.203681211	0.62651439	0.84900246	0.751401227	0.76792484	0.195721169
0.582992846	0.437294166	0.507424215	0.564795819	0.845413954	0.24576717	0.493270229	0.377525249
0.95338405	0.146494841	0.184863845	0.609547091	0.801157183	0.884750629	0.777423842	0.285601026
0.659803877	0.608890783	0.565036313	0.491494279	0.84901067	0.419688073	0.889036969	0.121192533
0.804471585	0.269941885	0.041983605	0.505084959	0.861096643	0.305174452	0.511869083	0.16675253
0.341810904	0.642488624	0.16537773	0.543856533	0.817397427	0.9226096	0.365714218	0.286059745
0.660643084	0.3574612	0.867536892	0.648664847	0.747358076	0.64342262	0.371447924	0.142742491
0.917696785	0.323716516	0.461550519	0.508791474	0.872995393	0.290495502	0.756782697	0.659347655
0.599728067	0.35920617	0.457459483	0.546216289	0.851799013	0.25632873	0.779354579	0.300526996
0.715171011	0.188567842	0.362359743	0.483887812	0.897167408	0.592982877	0.93002817	3.81159E-05
0.300748656	0.115097955	0.912486648	0.360103625	0.893850798	0.952508927	0.393672776	0.339355596
0.528332086	0.832291426	0.264770868	0.533474083	0.752329679	0.111773567	0.637050552	0.203722503
0.075381371	0.561238785	0.756544648	0.483730831	0.869614719	0.374771381	0.369271659	0.026038866
0.70950316	0.666370364	0.960407928	0.352103557	0.882757698	0.413127509	0.684557223	0.204559307
0.468862373	0.266326054	0.758365836	0.4271503	0.734861003	0.592551344	0.489223211	0.643864244
0.716559443	0.99271367	0.301067788	0.666729187	0.834999062	0.128629843	0.853768513	0.580060556
0.199341001	0.001376353	0.101227799	0.591873275	0.759268988	0.330222607	0.558956923	0.131704246
0.342532184	0.091599758	0.157261355	0.615904169	0.841048245	0.123600095	0.778611832	0.182444283
0.902488184	0.140167873	0.684995619	0.391652957	0.807011058	0.956146806	0.412796936	0.180280339
0.417690746	0.525707328	0.163592526	0.55270402	0.849833033	0.141470347	0.37936113	0.504347657
0.73036721	0.785229764	0.04502538	0.335501002	0.882146468	0.240806292	0.843748282	0.412036841
1	0.218956164	0.403216999	0.374815174	0.855712432	0.483088245	0.477843083	0.475198148
0.599853788	0.143479703	0.955300683	0.481638467	0.836395708	0.083882587	0.700992954	0.007989605
0.61581289	0.625999261	0.797269769	0.572207259	0.851276174	0.246605629	0.713850939	0.087567722
0.832448768	0.515163356	0.748097919	0.631200678	0.826071158	0.407980336	0.877263112	0.303339772
0.61436671	0.722176709	0.836318864	0.604995303	0.905657195	0.788180598	0.757276621	0.51929172
0.817043165	0.314121013	0.110509422	0.557601133	0.801621081	0.040039097	0.734793934	0.55658273
0.441833583	0.607262779	0.12215645	0.466984235	0.826623716	0.740284724	0.617240368	0.647252742
0.216821321	0.378234453	0.536058605	0.545239282	0.784788906	0.019630418	0.942352959	0.192250531
0.764807002	0.934051188	0.53045462	0.567560345	0.857745196	0.148583134	0.728361839	0.50793911
0.073738196	0.586541728	0.351176109	0.306826897	0.776666983	0.539377156	0.741105992	0.032441586
0.855124293	0.516138807	0.814134218	0.593471306	0.893027741	0.068302799	0.607328768	0.027167807
0.11682259	0.409665279	0.220646522	0.541659883	0.92976033	0.687498495	0.824557042	0.191885784
0.613424962	0.822497893	0.180476238	0.489799282	0.842261791	0.552366479	0.637510236	0.248788119
0.049244157	0.106231984	0.188024278	0.496717892	0.83866979	0.548313755	0.891022399	0.16603529
0.389480586	0.945596504	0.334362204	0.363127242	0.919406979	0.803553897	0.965332585	0.567885409
0.297321396	0.748348684	0.684346007	0.511813772	0.837669721	0.9042823	0.601120819	0.078798387
0.440225991	0.671605783	0.950773084	0.342795181	0.835947577	0.63446755	0.450627915	0.321241524
0.070846611	0.467758124	0.251720673	0.391293358	0.89026772	0.299855533	0.592990164	0.719008037
0.509028281	0.111501772	0.482074757	0.44425385	0.702091958	0.077388276	0.972926441	0.571532265
0.063536528	0.417155694	0.082521761	0.540177003	0.854102221	0.376647673	0.730851501	0.571055366
0.889604001	0.598793543	0.292097929	0.493306999	0.867712086	0.855043371	0.876664544	0.249515587
0.206912303	0.58082465	0.339506072	0.586978177	0.835701997	0.536974907	0.549087694	0.044728077
0.928071789	0.337681828	0.60271386	0.652181663	0.875383738	0.368361619	0.408307581	0.321272324
0.901173652	0.965848809	0.354670948	0.468257604	0.852192695	0.063507796	0.931955257	0.364689786
0.90922748	0.125576061	0.128053358	0.381070345	0.840084904	0.279235161	0.938282403	0.204319887
0.984094819	0.790594739	0.126119546	0.45099957	0.784386461	0.123906253	0.526159642	0.20069966
0.422339391	0.956738657	0.835785335	0.427566057	0.88267564	0.636946848	0.656733222	0.694272622
0.101742584	0.656783945	0.240562022	0.58842448	0.868269055	0.276952113	0.572769733	0.29262617
0.148557753	0.833583796	0.783829038	0.53425253	0.78129842	0.68624283	0.937322027	0.189509337
0.613740681	0.772985212	0.947523915	0.534663639	0.928347065	0.991388967	0.60931264	0.615014825
0.131921941	0.503931113	0.824235782	0.43464535	0.839834696	0.906839384	0.530044536	0.425068882
0.12325651	0.805413385	0.491595363	0.531726582	0.83515681	0.896404652	0.731605029	0.482720893
0.42409217	0.831845628	0.395881623	0.625681138	0.8488655	0.560378704	0.650864538	0.736865353
0.805072309	0.976204907	0.677585722	0.32428084	0.847618407	0.79118814	0.695339594	0.054805532
0.758289453	0.896818328	0.012409418	0.678999894	0.779715652	0.463284805	0.394494309	0.460101633
0.428992121	0.385246483	0.679040008	0.440229257	0.884746606	0.394187462	0.513825845	0.432281062
0.582036145	0.726793356	0.957150482	0.412856445	0.893310815	0.336949706	0.415647394	0.668153528
0.369829952	0.100240463	0.994435512	0.523512503	0.847557492	0.250483638	0.538799377	0.71600675
0.643594049	0.283917879	0.649490421	0.3775105	0.699128506	0.68992471	0.835430674	0.19417765
0.406986389	0.869470102	0.144818918	0.348638297	0.898816298	0.982343899	0.643198302	0.129085964
0.77542462	0.26022996	0.299474254	0.438790118	0.894240936	0.678596996	0.519515693	0.2103654
0.249127631	0.396642493	0.963298646	0.4069836	0.894866145	0.226526836	0.967725197	0.355110016
0.02374364	0.900205794	0.002263296	0.577795765	0.766987039	0.018128556	0.909408342	0.400721796
0.365899898	0.659733765	0.491269536	0.528131785	0.798943597	0.966529153	0.950603788	0.34630849
0.956390615	0.718395425	0.367075507	0.506684286	0.931963888	0.816265977	0.970288818	0.11563115
0.434914257	0.457248086	0.850488654	0.54852162	0.837608822	0.719388836	0.544220496	0.630156202
0.637998931	0.726620401	0.197505783	0.469399407	0.89058109	0.595830236	0.373988563	0.085396663
0.155792769	0.37902483	0.313486894	0.649014401	0.792102403	0.510339544	0.457084812	0.229770465
0.031254153	0.449019845	0.740077546	0.515139025	0.776709389	0.562356445	0.892947253	0.625568083
0.62503441	0.478981033	0.995651715	0.306217349	0.831826964	0.050052005	0.974773447	0.406377847
0.462722521	0.503293324	0.111478027	0.541269676	0.801887387	0.619743923	0.986154393	0.034555779
0.341888902	0.399308447	0.454634342	0.394186292	0.840152924	0.815842702	0.441983929	0.424644563
0.431510952	0.523487435	0.85346596	0.58148678	0.773177929	0.032978486	0.502301568	0.271381263
0.468714522	0.243965692	0.223684744	0.502891989	0.839684435	0.713634599	0.485158741	0.306706822
0.251574019	0.947198176	0.95350459	0.567652278	0.883373804	0.069180229	0.762087209	0.675676103
0.49836209	0.293144857	0.653973861	0.53485026	0.737259016	0.023362709	0.872694026	0.697999871
0.046410921	0.239596741	0.175046785	0.60351055	0.866985776	0.894273815	0.934173869	0.091778893
0.912163448	0.98964532	0.829473826	0.482174779	0.766300518	0.340923257	0.712084883	0.012861946
0.364532465	0.623630544	0.064727991	0.448377324	0.805568469	0.420965474	0.949268348	0.301791097
0.088903791	0.368323648	0.859966816	0.360271966	0.799827985	0.286135682	0.536569124	0.07291484
0.093177645	0.852902681	0.786370721	0.432842695	0.798674126	0.877554572	0.886166444	0.482484127
0.957504475	0.353282029	0.378013007	0.36340929	0.961342601	0.502561066	0.810451403	0.562006404
0.473962315	0.47334458	0.254170634	0.584774933	0.934925492	0.717665776	0.630372498	0.317163564
0.045085553	0.603308172	0.022973436	0.538706991	0.853651098	0.954435524	0.861715424	0.65035137
0.121798337	0.182809307	0.326516858	0.390675855	0.895342454	0.745025194	0.541483551	0.440861568
0.275754193	0.414993824	0.624441537	0.486784356	0.820629255	0.527372553	0.505323314	0.365563309
0.433110688	0.679516546	0.100311552	0.656479117	0.838296752	0.056300435	0.885970849	0.534285086
0.484627588	0.426224873	0.569617859	0.623877341	0.909268356	0.84990196	0.47613055	0.474118
0.927889292	0.917425172	0.673191258	0.529805738	0.837804994	0.291440855	0.754385397	0.541994885
0.902474847	0.826848207	0.389050539	0.441631488	0.806485597	0.784612457	0.813364724	0.489574106
0.617106734	0.178174798	0.001898889	0.382992391	0.823247881	0.71004789	0.503014446	0.3259167
0.198614858	0.367787601	0.39444775	0.7484215	0.873922201	0.582200008	0.984256964	0.328232869
0.131735631	0.154739435	0.747996737	0.587423657	0.779095642	0.310090177	0.575105529	0.209503934
0.565785753	0.671563702	0.919730344	0.421634296	0.872381643	0.915494838	0.969234565	0.12154395
0.522196905	0.033806051	0.629874788	0.540796025	0.832723655	0.903591232	0.529656273	0.479626903
0.942044937	0.041059024	0.515344023	0.435274131	0.843647251	0.625196384	0.894154107	0.225543882
0.362902054	0.215417098	0.862334369	0.582369331	0.886133991	0.317758633	0.537307135	0.098218365
0.946646084	0.538816872	0.676893566	0.436859655	0.881760223	0.196046104	0.46034562	0.523768236
0.347201627	0.175805255	0.979928611	0.409446519	0.791256552	0.249490048	0.608875288	0.162046438
0.205010171	0.97977148	0.944664511	0.807726342	0.837205946	0.780745057	0.832403696	0.331970241
0.138071199	0.964101111	0.795682168	0.547478634	0.904763701	0.047751202	0.599915934	0.666927552
0.55963695	0.890759378	0.549665866	0.411283207	0.846404204	0.286477027	0.632422817	0.393125967
0.566889703	0.287333992	0.780264678	0.466912161	0.857148865	0.516329265	0.399926306	0.638244478
0.643162511	0.771066331	0.431027109	0.337986956	0.834244857	0.64302225	0.800875635	0.568615207
0.534014601	0.745232932	0.711375342	0.297590324	0.865429026	0.670664852	0.850522064	0.417681479
0.557562133	0.248757453	0.99089739	0.308040129	0.868208731	0.086804897	0.996049537	0.488961819
0.196113937	0.426285953	0.230408535	0.35953871	0.908428905	0.068921495	0.393241271	0.340777494
0.525867413	0.719796179	0.039715744	0.593438313	0.807674729	0.378186169	0.452722978	0.611170329
0.648942909	0.364900116	0.027793742	0.581591814	0.867252922	1	0.615306198	0.308319313
0.679638856	0.416813569	0.19166722	0.362445366	0.875641867	0.101511416	0.507370546	0.107849792
0.68161806	0.648815474	0.270465965	0.670592731	0.793332673	0.181721764	0.920037524	0.3989474
0.915257424	0.386731865	0.337701976	0.534167154	0.823345297	0.069814891	0.889563112	0.622327135
0.817574629	0.441155651	0.265816183	0.448627797	0.862066254	0.964402459	0.457614669	0.066855633
0.077959703	0.513049978	0.426638329	0.444128058	0.754321588	0.827102104	0.59402673	0.102847611
0.036521975	0.743235321	0.242671229	0.557230069	0.813098867	0.467987651	0.966055038	0.471832931
0.492119629	0.452116935	0.781644967	0.664543039	0.784815709	0.180490991	0.464402435	0.543618615
0.032269881	0.095447244	0.145698115	0.61018613	0.786836501	0.567854564	0.487202951	0.464783017
0.652711495	0.13057961	0.424458942	0.358120301	0.795317059	0.654747292	0.386370718	0.119725283
0.088221342	0.507037487	0.066134925	0.676121716	0.892713726	0.769294621	0.636977403	0.047309362
0.76731227	0.577702361	0.253478729	0.410387569	0.841250163	0.906836913	0.67646502	0.6138273
0.077361263	0.641213661	0.499804378	0.592709641	0.851363515	0.704529111	0.583682645	0.639238373
0.755739897	0.166384305	0.893634817	0.566449187	0.85961865	0.045031936	0.707891196	0.501942488
0.000438287	0.65393421	0.099840148	0.693225914	0.812173534	0.39297006	0.948158445	0.568336919
0.69596284	0.024872621	0.593005045	0.489682964	0.8711422	0.02374847	0.823073758	0.72737594
0.565669744	0.669827035	0.897067917	0.43108102	0.825076257	0.091286332	0.736565901	0.083921637
0.184550885	0.054929519	0.280309303	0.480580124	0.818038601	0.0694443	0.92830117	0.525402391
0.183236003	0.82091144	0.539690373	0.561972964	0.832363407	0.659093092	0.95106407	0.117124181
0.221319114	0.462354684	0.663654918	0.581069021	0.864833201	0.222546188	0.832100752	0.263718178
0.413591459	0.841694473	0.631058812	0.411543578	0.836067671	0.394303242	0.873248584	0.488091724
0.540974045	0.562529682	0.253406982	0.469782716	0.880176313	0.305559102	0.877743146	0.053630203
0.047565888	0.665821899	0.157625805	0.44674238	0.82909632	0.565183501	0.510727889	0.214365582
0.355423602	0.119860597	0.040239404	0.527425775	0.769536812	0.003693863	0.58401155	0.636328882
0.422914883	0.278936818	0.776948583	0.577345248	0.877432166	0.308569152	0.980047954	0.41391767
0.716065892	0.549433902	0.739794027	0.661832982	0.760297333	0.011390128	0.383567133	0.585846261
0.242220663	0.639453742	0.127418309	0.507365663	0.763973703	0.278598785	0.482004687	0.617142087
0.119381888	0.241275696	0.507490916	0.578746806	0.812237222	0.660764585	0.690849845	0.529407508
0.751737539	0.930399602	0.767460363	0.562656521	0.851371859	0.09597899	0.87429147	0.303821153
0.101122481	0.531797763	0.971245572	0.535851072	0.717801146	0.949371055	0.881170595	0.743275887
0.50090003	0.686027582	0.936507804	0.488773262	0.879370057	0.998146277	0.370026249	0.687308533
0.932144598	0.844297539	0.684549307	0.507690204	0.912426216	0.325454378	0.748980083	0.276099296
0.277226904	0.290597451	0.411388138	0.467384175	0.896968201	0.480544385	0.845628663	0.681221447
0.696035261	0.142864649	0.307033942	0.624281222	0.849447798	0.617905135	0.60325532	0.755885603
0.313294601	0.938884062	0.450458729	0.673536319	0.846750531	0.949976819	0.63384405	0.028703422
0.89507961	0.02824455	0.142813847	0.455097257	0.76761748	0.47424327	0.370188115	0.344117855
0.725078951	0.15207742	0.245081436	0.495745179	0.863833219	0.594179018	0.825375466	0.591056818
0.528581188	0.565661455	0.13042064	0.315042397	0.860996728	0.600547374	0.878016361	0.142005964
0.769828	0.431196024	0.727447314	0.391547712	0.997882115	0.229339385	0.65312821	0.261285418
0.127505059	0.565004418	0.740693195	0.564530095	0.782193308	0.48439805	0.533610595	0.469464889
0.168186134	0.203129224	0.774793071	0.363319959	0.765679275	0.743400556	0.505181046	0.575880108
0.335807108	0.946523081	0.995220536	0.634442949	0.769726227	0.038718195	0.45272454	0.033825774
0.472230992	0.849721787	0.906019274	0.563337651	0.839655069	0.740053128	0.551162783	0.606629172
0.94171797	0.624942646	0.537680738	0.552858411	0.767187254	0.845354833	0.518180699	0.447079476
0.693721319	0.254729211	0.229941525	0.501888266	0.867992037	0.664725663	0.457537277	0.36523924
0.066810094	0.139212584	0.570241958	0.649259157	0.829112529	0.76520437	0.808291316	0.247648774
0.164400866	0.665534695	0.95806577	0.683819886	0.902692826	0.748141565	0.457233557	0.68407753
0.682063677	0.428046082	0.894144293	0.663541229	0.833712366	0.507615651	0.842873022	0.108725957
0.964700314	0.377488453	0.447638724	0.512521946	0.821847467	0.132040024	0.745125857	0.658482212
0.258899365	0.962989407	0.531997132	0.49145402	0.866631418	0.320713224	0.849350268	0.117595247
0.873077786	0.194865541	0.806171148	0.481107266	0.850333935	0.474945333	0.627845071	0.543385794
0.788114777	0.681576439	0.100455291	0.378691191	0.803884488	0.20428624	0.942285759	0.299745096
0.010670813	0.869255722	0.077712323	0.622770733	0.857086601	0.641365206	0.627267677	0.264823129
0.366318213	0.874093773	0.703263445	0.603849163	0.850454873	0.351814924	0.802419931	0.400488435
0.949577697	0.04895382	0.099067678	0.614134319	0.773778042	0.071701227	0.377785083	0.467084017
0.566054307	0.400382126	0.204945016	0.456891966	0.768754397	0.735480298	0.942952177	0.561892772
0.562103361	0.788057443	0.520020482	0.358511812	0.79515187	0.981734579	0.617942675	0.434840023
0.338489034	0.410591064	0.340585708	0.397135093	0.838100117	0.678710067	0.368445119	0.122873255
0.467359653	0.513380709	0.084271728	0.562555274	0.781421897	0.900517205	0.889779766	0.348037981
0.271205001	0.983087395	0.371863234	0.650400572	0.849519038	0.829698568	0.96934709	0.689743497
0.244416505	0.418419409	0.196875355	0.52007068	0.787623021	0.145591556	0.431158469	0.536503752
0.180323201	0.514834106	0.712852657	0.470773864	0.862508508	0.922990602	0.942049945	0.602447227
0.854119731	0.273361371	0.199793183	0.430492314	0.850412111	0.182142344	0.768420182	0.68065725
0.451164105	0.122465264	0.444696001	0.528918156	0.923255062	0.060797438	0.603692515	0.254673319
0.623433179	0.280883699	0.878905112	0.481986324	0.801219007	0.84582488	0.925698643	0.341651043
0.658508535	0.166091701	0.868298554	0.606739959	0.763253692	0.87991504	0.400538063	0.518648781
0.338210461	0.537039705	0.902266283	0.350072537	0.943839515	0.957351909	0.955412851	0.55517877
0.573136712	0.674289761	0.005376375	0.619503758	0.766319375	0.434462729	0.820702493	0.630943857
0.065641128	0.591026784	0.404082922	0.639459444	0.849651112	0.070065081	0.70367082	0.704310232
0.988915512	0.078516349	0.964823085	0.381242089	0.807301238	0.577961615	0.739934466	0.562748211
0.725804001	0.903470006	0.501103526	0.679295366	0.785976947	0.052415494	0.531971655	0.281695225
0.582186035	0.434749476	0.881092957	0.628337686	0.835471829	0.333098255	0.723890181	0.719847479
0.796821087	0.632479357	0.059041846	0.526920049	0.75009455	0.487821176	0.922228539	0.462027623
0.784908791	0.587725979	0.040555474	0.462270996	0.829529087	0.601279738	0.861901939	0.276392996
0.352577246	0.324260885	0.316382816	0.612655594	0.869921716	0.306189687	0.544485611	0.093524301
0.174492141	0.333575533	0.504354497	0.445191548	0.756267983	0.79892525	0.394404865	0.718568661
0.564771152	0.58044141	0.279201868	0.438093887	0.759406714	0.426767564	0.761159664	0.007562027
0.109550385	0.112269138	0.025152932	0.577617256	0.800403749	0.309292132	0.535754397	0.287925534
0.457680054	0.927983665	0.098697683	0.706743819	0.872050952	0.243882105	0.876331622	0.503210672
0.896039553	0.039417765	0.937028815	0.586198274	0.768730386	0.448035465	0.412130303	0.644771303
0.273362091	0.558275038	0.538495809	0.579599646	0.758609467	0.811774031	0.889826776	0.163915711
0.015236212	0.869202367	0.39010063	0.638290414	0.839574751	0.500539357	0.991082999	0.346855993
0.163240234	0.14083689	0.305695424	0.584017196	0.830446141	0.52759824	0.376450042	0.201531802
0.996165087	0.682770699	0.290715201	0.4590458	0.870418229	0.817322912	0.97134666	0.740341175
0.925663361	0.331616457	0.548983134	0.446012096	0.932744359	0.352970155	0.670712757	0.654641509
0.752892773	0.202317487	0.854370766	0.713610488	0.854577602	0.612357319	0.734225833	0.304231874
0.029411762	0.049518037	0.383564929	0.496422386	0.820605351	0.539350224	0.599693143	0.608184441
0.849943404	0.960296717	0.959757776	0.581617603	0.828084037	0.534905454	0.913070198	0.271777752
0.706385423	0.671614319	0.767061112	0.528010266	0.852834611	0.569193689	0.538899355	0.048555856
0.266799004	0.523111307	0.804994384	0.587053914	0.79183611	0.776122615	0.635348873	0.55470359
0.655046229	0.07039617	0.329183703	0.356567891	0.90364796	0.960798932	0.47316128	0.691273253
0.306873238	0.1602994	0.489890534	0.673385697	0.755580113	0.142007272	0.447018966	0.224685258
0.524051966	0.595798721	0.924784809	0.563608695	0.798400785	0.631225403	0.865387714	0.469226564
0.00688616	0.692118774	0.758872376	0.468884297	0.891146966	0.417195899	0.623585315	0.375252507
0.062108959	0.042106601	0.960878246	0.285386947	0.834160111	0.931856739	0.376298674	0.650153119
0.519031539	0.215502195	0.584320409	0.359639376	0.885783219	0.168943162	0.862729646	0.601983224
0.577180613	0.937819755	0.245114374	0.424478152	0.917575083	0.334185009	0.493708303	0.302127943
0.859821614	0.925513172	0.384830574	0.593296196	0.812143872	0.937007325	0.911117006	0.153539173
0.610115722	0.20317423	0.153243457	0.441266487	0.788366047	0.062993967	0.521213694	0.13934015
0.347463225	0.009178607	0.569458917	0.43401688	0.836825658	0.172966869	0.756830114	0.342078098
0.497443696	0.89813055	0.980476522	0.372353094	0.773031347	0.247955229	0.635078696	0.381685821
0.605719368	0.990565469	0.160879627	0.37715578	0.967923705	0.144725535	0.938025676	0.171193201
0.659673608	0.416383177	0.777374853	0.498512428	0.945902714	0.358713696	0.706347802	0.676601786
0.027986813	0.070010824	0.77844623	0.482922368	0.734071349	0.624723163	0.628570171	0.749945517
0.561204124	0.832375541	0.142566528	0.347507956	0.855314368	0.952378186	0.767418633	0.418297236
0.277771618	0.790301088	0.448462207	0.445571587	0.829067494	0.526861941	0.703914024	0.202632314
0.273021624	0.967358814	0.729663355	0.403840145	0.913475518	0.90620655	0.540580355	0.278845688
0.060396785	0.28825359	0.701090565	0.290793498	0.877829878	0.040108434	0.457455045	0.49370098
0.834806242	0.571745912	0.338922992	0.573018146	0.74357983	0.076411664	0.925057201	0.073873795
0.578599415	0.908163456	0.622331611	0.357880569	0.879324815	0.015124002	0.7546051	0.446678885
0.577078662	0.695241664	0.594967089	0.344244443	0.861393824	0.334406528	0.502143868	0.648554366
0.768208775	0.557588383	0.758873131	0.56621162	0.779033894	0.582795818	0.834244242	0.747265834
0.277511584	0.484071811	0.058519411	0.44408243	0.830397266	0.778323647	0.836788438	0.640900169
0.96042909	0.718168401	0.631352713	0.40281904	0.870890709	0.844269573	0.976341374	0.506241199
0.761396756	0.066967864	0.655053776	0.465119492	0.846055296	0.779160154	0.873444656	0.133064401
0.652649739	0.128146605	0.191420841	0.388227661	0.828038218	0.018824047	0.940820294	0.688071736
0.179868234	0.375239053	1	0.573235344	0.95023518	0.055315964	0.691918087	0.630024067
0.401909924	0.985803402	0.447434299	0.577475693	0.829315797	0.245670002	0.550274458	0.460990389
0.051752787	0.019693237	0.014728439	0.52356062	0.90957606	0.214574614	0.573895873	0.650517598
0.534736931	0.154126721	0.208274068	0.698776947	0.7451475	0.397945287	0.96931187	0.415870745
0.735625435	0.13055933	0.564384995	0.39300462	0.826576404	0.423445113	0.613869604	0.330331289
0.498766301	0.574760482	0.069837614	0.72235038	0.902442463	0.165483047	0.548876785	0.504803108
0.133160659	0.392263512	0.971141388	0.270970851	0.838570571	0.490910988	0.849325928	0.399222645
0.357862636	0.874949797	0.465378711	0.534296072	0.842986086	0.153833435	0.555923797	0.180784934
0.308629402	0.44935082	0.829982581	0.592943329	0.817907386	0.864164965	0.979259878	0.511496205
0.938519985	0.839199983	0.992747529	0.278503457	0.861474049	0.279703447	0.704836217	0.086030272
0.355021165	0.558865117	0.351529957	0.524543555	0.932239939	0.854562859	0.863248847	0.500116341
0.882344027	0.882284341	0.800408056	0.341125108	0.806412769	0.54985914	0.637208865	0.404309563
0.733444796	0.40463108	0.903465847	0.613014301	0.788312182	0.365450146	0.443784556	0.538918504
0.688469142	0.827651041	0.075852355	0.246266309	0.840195611	0.957645364	0.5229177	0.279535793
0.50989819	0.811646724	0.041577126	0.411921049	0.889967562	0.819445695	0.883992808	0.743357158
0.332482516	0.727587046	0.333170981	0.372962159	0.772369002	0.409932975	0.926240243	0.239120717
0.84036162	0.044610346	0.075940548	0.325682187	0.844038183	0.431645749	0.818307066	0.242408437
0.540808915	0.103631376	0.754622061	0.478941448	0.774633741	0.321105118	0.519775876	0.064288289
0.162465697	0.618422091	0.781230602	0.428721119	0.765887527	0.828222476	0.383016091	0.122203979
0.8586631	0.09850388	0.298915259	0.428202839	0.845581449	0.776397388	0.921574963	0.625731799
0.184380112	0.123098543	0.016693048	0.690663672	0.809015434	0.285446022	0.737606386	0.584747392
0.680595404	0.839366858	0.87011621	0.460274858	0.88459695	0.986258339	0.439964268	0.308992845
0.780465845	0.06103535	0.890963119	0.489464989	0.917636822	0.992602128	0.429710361	0.702564168
0.759028704	0.623385668	0.863379303	0.599781912	0.682634174	0.471783592	0.477282005	0.519715314
0.317170561	0.998306117	0.243351902	0.539578998	0.888135741	0.807907496	0.472668825	0.334211259
0.238391312	0.002733907	0.661683841	0.598304215	0.828189165	0.493575361	0.477271519	0.357486969
0.39785976	0.844241995	0.2222305	0.450908335	0.859840854	0.442749932	0.523572811	0.474945
0.889420527	0.832570431	0.450216227	0.45835782	0.927846364	0.021497667	0.50833729	0.086630432
0.256117352	0.85396252	0.039348801	0.584873341	0.78893838	0.576496839	0.903432852	0.395997169
0.786541438	0.10051661	0.141597601	0.531007284	0.781063841	0.243017274	0.863674946	0.639681329
0.612838302	0.934166786	0.73814416	0.38787203	0.877380323	0.320095449	0.924115307	0.522942269
0.054429418	0.702337742	0.358192242	0.508067858	0.838711472	0.284291649	0.765537033	0.053658194
0.199293031	0.455665589	0.470315751	0.457985945	0.866358189	0.765191336	0.563599074	0.664725167
0.27392447	0.300733521	0.842131979	0.401054676	0.862870973	0.653322728	0.378038468	0.46468889
0.598129948	0.022073884	0.66371729	0.590638527	0.769367268	0.269816595	0.578521115	0.329853736
0.909247145	0.51435654	0.275608066	0.439907138	0.85401827	0.270722159	0.397040833	0.566270002
0.185873165	0.505913867	0.215721709	0.372371561	0.804068128	0.972885077	0.811499031	0.409008175
0.230840598	0.278696178	0.182852235	0.489031235	0.838870236	0.035934363	0.441014392	0.292691386
0.63413405	0.709166586	0.475377402	0.361690577	0.851050067	0.208995085	0.972558109	0.6921888
0.237457718	0.761809014	0.608880372	0.594140288	0.752618705	0.393396274	0.832767758	0.049766379
0.904547789	0.002307774	0.736211841	0.728852584	0.801792518	0.869893137	0.901395455	0.571383395
0.391861564	0.777498933	0.624346662	0.477471321	0.856098548	0.495658241	0.974152634	0.340852519
0.342602688	0.107340631	0.558552036	0.45424008	0.80841523	0.047997295	0.820316511	0.54159838
0.14843382	0.973501425	0.288610824	0.424033454	0.85842185	0.903391348	0.821399202	0.326410847
0.74531775	0.177743796	0.826107442	0.576816448	0.797694813	0.632555756	0.48782489	0.540537269
0.744011879	0.47334781	0.677050368	0.556129176	0.797991088	0.425212384	0.543653429	0.209227662
0.34672079	0.264351616	0.91769791	0.261602935	0.765418597	0.897908305	0.794098261	0.362247227
0.946577203	0.290183446	0.278060814	0.509192683	0.860266655	0.42133076	0.724180108	0.131457063
0.722324276	0.364290771	0.373388243	0.589351971	0.881898003	0.713785782	0.561792232	0.081932093
0.396016818	0.366161641	0.95760936	0.537882165	0.801320067	0.952381339	0.882036901	0.580537946
0.200628026	0.801251243	0.508037901	0.414080496	0.761992512	0.661164116	0.895275733	0.594002979
0.891301644	0.14378737	0.06668882	0.414744987	0.818366315	0.681184033	0.982998558	0.43442287
0.146849848	0.370186135	0.884313858	0.542435956	0.781388871	0.346453066	0.638100066	0.754723632
0.749992022	0.607206547	0.084439192	0.481893372	0.781391558	0.65000231	0.695567703	0.234280727
0.544591956	0.247754931	0.296453133	0.621731989	0.797802917	0.976907879	0.782031936	0.530170335
0.934155165	0.649424656	0.18681871	0.418002005	0.799293222	0.868381761	0.479256747	0.707165963
0.89767892	0.455978092	0.94621094	0.356561735	0.829359237	0.901958043	0.402633029	0.732438557
0.57961128	0.002961497	0.268595493	0.582451899	0.747005057	0.671372481	0.445048784	0.489102748
0.834894024	0.095484856	0.843553353	0.406720977	0.763707003	0.467261436	0.509110583	0.510820876
0.020352283	0.000119851	0.211146868	0.60008914	0.802020228	0.879916595	0.710691824	0.541210929
0.151095514	0.682822462	0.24955135	0.507040833	0.813585617	0.921897123	0.831930204	0.191838739
0.99227821	0.269864523	0.502095269	0.560765302	0.774396315	0.009966499	0.491782735	0.553381489
0.020679992	0.616255808	0.085174607	0.474728957	0.831489615	0.134978875	0.587558696	0.412046044
0.838463447	0.016032571	0.171356326	0.487758975	0.869148646	0.945992619	0.418675962	0.313971058
0.779830944	0.124702419	0.187083842	0.509567242	0.799940329	0.193049715	0.475240216	0.566138542
0.864230624	0.69804177	0.998702022	0.345984154	0.746090429	0.795280127	0.483272012	0.211591293
0.731908405	0.212504965	0.142431191	0.605805845	0.839598469	0.54639069	0.566684009	0.454841535
0.526969133	0.550623682	0.091374189	0.426986661	0.82418145	0.234228821	0.731068688	0.645120455
0.599498641	0.160992099	0.436088869	0.645455432	0.8165034	0.778374511	0.750045257	0.178100851
0.224686257	0.988168446	0.44325072	0.514773684	0.862132362	0.241002227	0.554347689	0.197461378
0.239665325	0.101490002	0.37592372	0.474490345	0.87555236	0.702391524	0.928734174	0.095446827
0.272968736	0.166394303	0.392083108	0.46546081	0.795755247	0.564118738	0.604218508	0.459479158
0.355148073	0.548948937	0.116476675	0.417344042	0.896802873	0.434369066	0.549985494	0.059367563
0.490392896	0.646270704	0.584657854	0.471619057	0.718542593	0.628899232	0.863872495	0.604425989
0.55819439	0.873744894	0.689870348	0.630553275	0.888790976	0.293025868	0.995203236	0.181116585
0.046432159	0.328913712	0.259067429	0.474209486	0.748119055	0.838304671	0.669071067	0.697385276
0.297693959	0.22104095	0.288691366	0.571592074	0.862132519	0.178335544	0.819244256	0.472481064
0.625944961	0.781751993	0.541224668	0.62367093	0.826127615	0.280660015	0.865402377	0.611233944
0.343387445	0.930606728	0.005494664	0.591346269	0.830801254	0.998118487	0.585970148	0.089132245
0.840897424	0.232536759	0.85748026	0.582908481	0.826971854	0.949419438	0.89366552	0.464405437
0.557616667	0.498627617	0.617978251	0.514388399	0.753885904	0.576087738	0.694097953	0.405687529
0.193411012	0.108194571	0.333068606	0.472185579	0.822482122	0.403576485	0.924503925	0.577740009
0.945781974	0.652094783	0.379707591	0.423460653	0.833760017	0.641419784	0.883388306	0.248359377
0.262819834	0.596031526	0.028306486	0.515768799	0.811811066	0.738239211	0.87097295	0.368619149
0.886389989	0.915072942	0.678215119	0.667914126	0.784755306	0.146315148	0.670112634	0.270341742
0.682361267	0.189166318	0.377280353	0.624430266	0.78067693	0.117331048	0.594623743	0.600270892
0.098247605	0.338826653	0.149932679	0.597363008	0.730707388	0.454067224	0.604912068	0.479230053
0.576444261	0.085859065	0.494675319	0.437645031	0.803918516	0.800846042	0.989257003	0.405041489
0.913620129	0.24591809	0.632494792	0.562697999	0.807302794	0.907392036	0.426520725	0.043880471
0.04234935	0.946855532	0.904440974	0.489873802	0.777425086	0.514740418	0.375010082	0.678537497
0.292228816	0.082065581	0.780596244	0.555689253	0.721352196	0.442945238	0.723995456	0.160509793
0.144173501	0.910361725	0.063241978	0.554840922	0.883187367	0.7975998	0.98204362	0.443092098
0.394714889	0.973386885	0.39016729	0.490189319	0.890077051	0.56508261	0.369701628	0.399366618
0.210535435	0.01864693	0.336923053	0.346022318	0.758780647	0.414904314	0.553370114	0.276757135
0.436852191	0.426624251	0.557590826	0.562910815	0.778063671	0.951726037	0.439855804	0.464192806
0.64660302	0.680642012	0.317762392	0.402945701	0.787972278	0.759413501	0.675327223	0.657252882
0.672950167	0.996069244	0.993633963	0.595864228	0.84073306	0.825908761	0.739075112	0.691147944
0.486098128	0.788856839	0.96022321	0.551536413	0.826907368	0.388049064	0.895382543	0.285829556
0.713544522	0.942544095	0.196349964	0.376500451	0.847758752	0.450842811	0.892866412	0.420200076
0.156265031	0.014618213	0.538070789	0.520147353	0.807195864	0.422818469	0.635540759	0.321975019
0.691217675	0.950018828	0.632997768	0.418203789	0.866805334	0.919834511	0.715865478	0.400567055
0.638300076	0.403360481	0.439141581	0.536294338	0.914800268	0.844513708	0.737056043	0.300099818
0.592555443	0.42326902	0.483022247	0.476470137	0.834122867	0.626922465	0.544848322	0.071947538
0.33082645	0.39583109	0.814881773	0.383929761	0.844931692	0.983047025	0.433415237	0.395641082
0.751338005	0.291032351	0.302805168	0.367208115	0.782388177	0.093958754	0.444282101	0.276555909
0.290371862	0.28900287	0.980735688	0.387876165	0.83093045	0.046684226	0.518865611	0.077441731
0.465304796	0.069504673	0.562410812	0.557892328	0.832460061	0.017489647	0.738764097	0.69715097
0.420115956	0.602341211	0.727589988	0.457645348	0.796034551	0.661608814	0.521857305	0.177316326
0.828713342	0.914487982	0.416297108	0.405709533	0.844659636	0.894154472	0.777934427	0.44662014
0.273633987	0.032670378	0.371994412	0.42087837	0.829106579	0.896139915	0.678506851	0.607822779
0.249009023	0.28449549	0.972186966	0.427799199	0.767888226	0.601240712	0.514748509	0.054566615
0.598896413	0.218241465	0.635795787	0.599131567	0.835966976	0.544947393	0.935451911	0.144258891
0.458043816	0.064038708	0.635719485	0.644491976	0.858760606	0.763212265	0.681553959	0.4232837
0.023776086	0.288043251	0.297072982	0.351302617	0.83134248	0.433784738	0.66818145	0.469534845
0.387431417	0.353449765	0.158339614	0.716989967	0.857267194	0.109955564	0.819269137	0.173703542
0.875678163	0.691916813	0.727728748	0.551334354	0.840832401	0.319500574	0.992371386	0.560294903
0.028925822	0.031157959	0.752696431	0.408159479	0.753309857	0.202670638	0.543635986	0.562821329
0.066976713	0.965772539	0.4281778	0.39332141	0.792341639	0.960470477	0.393419016	0.144626219
0.776123666	0.122213815	0.05251589	0.533386964	0.863907191	0.179085256	0.565532151	0.520949616
0.29873259	0.249092703	0.89104812	0.422373731	0.913782054	0.497846575	0.963255543	0.272481961
0.693951873	0.63452195	0.306501888	0.539373312	0.775699366	0.371672716	0.869589555	0.254037161
0.019567881	0.137555443	0.235979369	0.472998316	0.771460126	0.330890075	0.982665736	0.687679009
0.440778694	0.432602906	0.221742315	0.511115004	0.847847201	0.948164896	0.652235243	0.633699821
0.565727793	0.444860123	0.215500473	0.611739905	0.720517754	0.083159372	0.754931898	0.533133136
0.953907812	0.640521303	0.385256645	0.447746478	0.772256811	0.106061688	0.506709532	0.14310366
0.967952914	0.002476845	0.159985985	0.435369705	0.772397481	0.092124804	0.991573909	0.633585831
0.988547238	0.024776019	0.674354377	0.512662978	0.876140743	0.25269595	0.469381374	0.345973612
0.036667453	0.378840894	0.605836661	0.58956277	0.820380267	0.692707545	0.377199904	0.165733961
0.386112295	0.115988802	0.616694761	0.49454015	0.82839817	0.078260255	0.471944817	0.215212771
0.503756959	0.106028923	0.972431091	0.613744176	0.863661859	0.222780028	0.95930042	0.107567066
0.225564653	0.981208007	0.932950971	0.539348983	0.804589611	0.368073419	0.688554083	0.350465232
0.202012128	0.304183713	0.469107938	0.616922674	0.805093416	0.989923043	0.651465053	0.029857144
0.806816787	0.888894005	0.682725011	0.609331002	0.840307869	0.368845458	0.894781489	0.314585901
0.310484008	0.047981766	0.912657837	0.331228967	0.864297533	0.282441546	0.830603075	0.241927608
0.434497332	0.203682934	0.950339698	0.577741067	0.744692039	0.538996908	0.499108983	0.739535226
0.514538099	0.898384708	0.953768235	0.510071972	0.804675626	0.782795015	0.748796576	0.618230615
0.560593995	0.764966136	0.576668851	0.559339615	0.758893617	0.048005743	0.443452467	0.006856382
0.810082479	0.717045312	0.553948315	0.504039035	0.83528139	0.138718059	0.652143791	0.606980163
0.892978509	0.948650102	0.82502772	0.563233063	0.805463148	0.093148932	0.709706954	0.496832608
0.019888071	0.967365122	0.915652553	0.588387069	0.894910845	0.219191416	0.360037285	0.022666549
0.009957961	0.540836941	0.571073144	0.511675038	0.814624809	0.398025656	0.540214331	0.458595156
0.475224548	0.210135817	0.482655329	0.493475052	0.859636799	0.618091354	0.894852704	0.470960335
0.484447182	0.517193892	0.527161484	0.520602574	0.832604535	0.42786988	0.70062689	0.341646038
0.871539113	0.032640263	0.233920892	0.405763321	0.949841797	0.143580146	0.713186574	0.182780344
0.220689727	0.981982406	0.566249516	0.446292883	0.847611178	0.647655554	0.92119318	0.021945755
0.917345478	0.949685994	0.577494458	0.52431873	0.715488797	0.127232346	0.660572999	0.253319689
0.668617925	0.102872329	0.344909115	0.537898923	0.788390721	0.093529465	0.695749664	0.743910007
0.441070044	0.452474625	0.352348451	0.545371953	0.860481366	0.875172893	0.362613696	0.296956181
0.829974405	0.507298518	0.803823396	0.443267996	0.783245297	0.038691332	0.554255161	0.745614736
0.92734175	0.083320791	0.698662482	0.324791753	0.897936797	0.627093357	0.938189907	0.407093791
0.573974406	0.483410732	0.866791218	0.499123258	0.823355207	0.509291317	0.490085044	0.59977104
0.592727781	0.641929109	0.352009143	0.496512181	0.905671948	0.596601332	0.798980986	0.668070027
0.666847204	0.838281553	0.536060555	0.545524965	0.789165603	0.577545763	0.670209402	0.684495871
0.323971584	0.218475747	0.213262799	0.433279421	0.83972531	0.671778799	0.430157992	0.17759489
0.210144726	0.23272688	0.433125681	0.577256146	0.839709319	0.582800764	0.61996865	0.458817364
0.341584116	0.161457775	0.495718359	0.613727703	0.825357461	0.414938819	0.407427587	0.573899708
0.610249003	0.923679237	0.349787648	0.537067295	0.917151986	0.52616315	0.957722201	0.054193229
0.123052743	0.810894892	0.855040699	0.358848902	0.916870794	0.150479239	0.709197516	0.708614214
0.564134495	0.516635876	0.354611097	0.399639545	0.844226027	0.553199797	0.597096807	0.694114906
0.562477537	0.655854791	0.399420861	0.544135964	0.830382742	0.166349514	0.735866689	0.549279788
0.250333077	0.607048528	0.794706312	0.462655506	0.852781218	0.180285744	0.432303146	0.682239729
0.189838903	0.133302055	0.105540761	0.542501924	0.825823117	0.0857158	0.474467948	0.011238893
0.977263297	0.779413755	0.838640624	0.535225115	0.872481858	0.783891056	0.4933091	0.504731065
0.538984472	0.690923059	0.555263939	0.441002038	0.87473433	0.376108136	0.385700176	0.554186582
0.471564189	0.861402153	0.460501886	0.468668944	0.855155865	0.655130818	0.668895633	0.105096356
0.768546022	0.245113713	0.18119656	0.645963596	0.882722987	0.318383337	0.990838107	0.437628763
0.703066928	0.467060359	0.64933294	0.572240834	0.7232211	0.210149763	0.967425157	0.20622007
0.535561815	0.21697857	0.394416798	0.435159683	1	0.463229189	0.49828906	0.570678145
0.106499458	0.08034079	0.905301672	0.592256734	0.855705589	0.97686307	0.403772668	0.260791984
0.887139274	0.833396566	0.652587896	0.430396061	0.775747562	0.59724494	0.407040439	0.21143158
0.426313002	0.3562923	0.849533022	0.560577212	0.831867251	0.861027005	0.410479561	0.542995852
0.492241236	0.854355929	0.866891071	0.319495526	0.808570487	0.786789017	0.429697457	0.117395154
0.201024817	0.615709279	0.456282093	0.659473176	0.779249364	0.390710507	0.641897279	0.223730293
0.984281102	0.139334581	0.536334604	0.602638386	0.761602747	0.048679049	0.614623108	0.097518467
0.448083793	0.91865486	0.767173623	0.443589048	0.797992782	0.431910451	0.663703271	0.172628816
0.85861669	0.668535654	0.986999128	0.58244439	0.87850418	0.705508125	0.411596934	0.721896792
0.719207128	0.239358766	0.943891528	0.61705715	0.832825067	0.908127164	0.904533002	0.0948571
0.169906117	0.371204996	0.821614066	0.572863691	0.897828638	0.961429894	0.587656924	0.007846231
0.37180189	0.284648549	0.904748461	0.460832128	0.750978807	0.14015274	0.672550039	0.276016829
0.716442288	0.617277164	0.445641532	0.558339841	0.834305454	0.148916411	0.682197908	0.248840151
0.062565983	0.387046322	0.093811549	0.334077819	0.817734978	0.780975679	0.882332121	0.65369182
0.483444679	0.034759203	0.983644696	0.560106422	0.883626321	0.484872057	0.703684434	0.516270499
0.766733219	0.535310427	0.117655256	0.376795027	0.767525042	0.174682293	0.665344548	0.47064736
0.807239311	0.316963095	0.4965113	0.537908203	0.942668056	0.493926595	0.755064371	0.427343972
0.178609359	0.243318442	0.268817272	0.616741731	0.828953132	0.524819062	0.820738677	0.410664107
0.598127303	0.04990434	0.515469289	0.562745932	0.827384785	0.163889755	0.477000147	0.350370255
0.552068897	0.671963855	0.205128071	0.593927929	0.777265393	0.055384492	0.840735486	0.66504201
0.859188647	0.314768203	0.320267933	0.50927984	0.842392831	0.429924817	0.80855016	0.582770677
0.828502336	0.835464922	0.749362438	0.507676157	0.918019753	0.230011494	0.856743976	0.743967887
0.34886256	0.845414514	0.399700551	0.611917529	0.927714544	0.704256328	0.940059177	0.492150976
0.50025076	0.645786125	0.313827668	0.500338823	0.817361783	0.737153796	0.967116245	0.269167323
0.397793037	0.871545656	0.756300772	0.47902465	0.82336666	0.721897055	0.75387964	0.100601215
0.643105286	0.005015762	0.636112117	0.554981346	0.817545487	0.746279551	0.819203226	0.409748923
0.734801161	0.426696809	0.809515914	0.62977906	0.747658576	0.357706372	0.850474492	0.195324451
0.760400493	0.88024352	0.35479355	0.610397526	0.787336771	0.123543589	0.618492918	0.731740772
0.328382387	0.93587924	0.874750636	0.586725617	0.930472688	0.43337169	0.590272819	0.224931844
0.78928569	0.027633776	0.280851874	0.460140368	0.826989213	0.989407406	0.485863802	0.306808755
0.552006369	0.358528546	0.727571713	0.593437684	0.835260099	0.789727704	0.798356942	0.390245844
0.072743009	0.797826458	0.478582794	0.668642423	0.714262231	0.712739862	0.702547773	0.289757097
0.905219483	0.415569947	0.926954942	0.326341881	0.835755048	0.351927293	0.988754622	0.528095055
0.141647555	0.331843746	0.567862141	0.532836914	0.797044765	0.129352987	0.583095961	0.514069195
0.02749484	0.268771594	0.536464867	0.483598293	0.942757544	0.201935643	0.644680725	0.463424074
0.491859599	0.061852765	0.930434242	0.486931801	0.789464676	0.579581818	0.518866798	0.18690803
0.569788485	0.063636052	0.900482166	0.374399355	0.825172795	0.710272399	0.977484884	0.392410938
0.180630536	0.65935731	0.219754109	0.334510539	0.751373876	0.426281548	0.624326625	0.282837918
0.6575729	0.064719609	0.299957956	0.455989808	0.76478389	0.695589872	0.87146155	0.163706063
0.456744927	0.751083954	0.302322938	0.476342602	0.928141042	0.507932524	0.726086812	0.719788023
0.990429115	0.072528199	0.10109011	0.646735366	0.849550858	0.764287146	0.376095264	0.439118733
0.180332684	0.515883871	0.414089058	0.457347734	0.981644796	0.137131926	0.787812215	0.46940373