0.276833528	0.360548904	0.462631368	0.256491157	0.810680525	0.790897456	0.757735006	0.413039298
0.334790323	0.304908878	0.238891367	0.866024683	0.656306212	0.805530214	0.963982798	0.5399153
0.365490436	0.315299617	0.133053248	0.061510108	0.772898393	0.75124808	0.798715485	0.53258336
0.348050688	0.354335803	0.494192766	0.684599672	0.658358384	0.723767455	0.529253543	0.476517443
0.239632481	0.27386045	0.41002128	0.602340534	0.169181803	0.768295989	0.409269348	0.323628627
0.422680891	0.372228977	0.404079999	0.162344554	0.371653392	0.823125968	0.234021436	0.475942514
0.313730194	0.259602833	0.237938353	0.883985778	0.615855914	0.838154749	0.759931291	0.604826865
0.231574799	0.318712224	0.216023313	0.739257864	0.039812391	0.682046934	0.420571063	0.60839844
0.200011814	0.170100038	0.39973547	0.193594195	0.335780163	0.729109544	0.302955018	0.28636565
0.210042591	0.117819182	0.389983546	0.580047838	0.625576615	0.674094251	0.254190979	0.279077692
0.156812	0.21028303	0.501711831	0.650564679	0.090252207	0.692883731	0.492035073	0.29909988
0.246588288	0.205445633	0.448220477	0.112042677	0.20945338	0.772333547	0.1584975	0.543758204
0.275832341	0.200220969	0.077767459	0.617343084	0.14149662	0.665944294	0.80545058	0.432723217
0.238478002	0.235501141	0.112277397	0.492415525	0.502295979	0.749215609	0.378575084	0.495750702
0.090058299	0.419656459	0.124634954	0.321104154	0.509811567	0.653041191	0.896048095	0.576623081
0.343962812	0.252033234	0.417117029	0.704476623	0.645385535	0.809434904	0.194803573	0.401737743
0.094648691	0.226846843	0.443453096	0.90802823	0.939841147	0.860502109	0.102124724	0.404248712
0.427303759	0.153899356	0.444264602	0.425869859	0.487050889	0.748886544	0.431749308	0.381996345
0.392098686	0.286476743	0.405539164	0.541788063	0.928378954	0.779464099	0.463553587	0.395870918
0.241919158	0.295165277	0.023230851	0.706633174	0.048495802	0.836609155	0.3521167	0.562694053
0.163363955	0.413415005	0.403784122	0.121139159	0.390226035	0.659475634	0.498471298	0.442690487
0.263578059	0.236673854	0.396777324	0.169572331	0.513772371	0.939334378	0.142725046	0.495246515
0.139163842	0.154466792	0.342411646	0.005856534	0.007203631	0.613342211	0.077551421	0.47149784
0.190989914	0.485228099	0.340009016	0.595515039	0.356320409	0.793550963	0.448594653	0.581997631
0.267371498	0.440340924	0.358075743	0.409284638	0.014713725	0.763332951	0.721590647	0.377484729
0.121351646	0.37529045	0.107529528	0.311253045	0.337762071	0.772402437	0.633557805	0.430631147
0.297556632	0.218075264	0.512973876	0.210958054	0.90596861	0.82386196	0.24690305	0.463820266
0.117533897	0.176271245	0.466723741	0.000950163	0.424403104	0.894188259	0.769915116	0.543428157
0.26179515	0.206964572	0.334873706	0.463607732	0.668547228	0.7507416	0.167561684	0.579002023
0.35695724	0.302954198	0.065554098	0.790259932	0.010628328	0.843874355	0.478281643	0.460282005
0.276771914	0.200494277	0.155768814	0.91772258	0.864157357	0.664279815	0.57669082	0.497342013
0.283393724	0.314149996	0.105646542	0.744393928	0.273672417	0.71399355	0.446153734	0.432295837
0.058394895	0.478860204	0.406705324	0.391971515	0.319353687	0.733476279	0.417349368	0.491362882
0.202257906	0.234623198	0.165960752	0.983324982	0.071142324	0.746063683	0.415893204	0.478792192
0.174041813	0.463318991	0.468466527	0.169176185	0.189181979	0.808476062	0.384614084	0.462897285
0.205915616	0.2817467	0.003019439	0.164787779	0.418128596	0.683997597	0.915836461	0.455908101
0.170270562	0.153800701	0.014602778	0.908674301	0.288780205	0.755502998	0.36173949	0.484383543
0.096394597	0.41797588	0.117194501	0.336340535	0.17966038	0.550059355	0.03551292	0.271123291
0.273839772	0.146076913	0.047848851	0.821400823	0.614569387	0.750496178	0.435664104	0.460477109
0.136047624	0.244973743	0.297601002	0.018155524	0.259020944	0.695127203	0.40109428	0.496217314
0.259203036	0.243731679	0.159119297	0.626950084	0.803887866	0.874608689	0.687522026	0.526034242
0.269735115	0.358487584	0.497405951	0.711142668	0.083633798	0.878165028	0.443953698	0.516737808
0.413811546	0.284848563	0.181709066	0.994237938	0.955644285	0.662408999	0.833728643	0.512277755
0.234151685	0.386750817	0.512386989	0.106652959	0.587449747	0.752788388	0.451746122	0.339876568
0.282029015	0.2844898	0.022192823	0.05808713	0.540737192	0.733629165	0.408826391	0.41992208
0.064810464	0.217627613	0.123264145	0.232537023	0.079794541	0.689024039	0.605583306	0.373526112
0.21371183	0.229063453	0.450491968	0.584430527	0.649301784	0.725135922	0.380142183	0.430308152
0.085831852	0.167484387	0.19508755	0.332541273	0.350015817	0.786887975	0.702666742	0.729345712
0.388976315	0.238264726	0.287575177	0.662530226	0.032553446	0.664356808	0.041216949	0.462219532
0.206225478	0.151064112	0.016385576	0.414201937	0.492923257	0.607072654	0.23437038	0.339166708
0.225924972	0.277545609	0.071058495	0.161986781	0.338670824	0.760450302	0.614989763	0.346287888
0.245039931	0.274804524	0.306994577	0.241314753	0.169028691	0.697069847	0.650844384	0.482361578
0.325811948	0.292299473	0.53195726	0.208318624	1	0.813706774	0.575316211	0.486037017
0.134887917	0.267321631	0.380959706	0.233672276	0.916092547	0.741673072	0.753225951	0.510608261
0.225543616	0.306325643	0.090274693	0.812873642	0.823977894	0.892083878	0.228929506	0.650228517
0.279749544	0.321427773	0.278250463	0.091949537	0.828588803	0.886811089	0.278927104	0.403780274
0.292462411	0.23047876	0.038574007	0.826929947	0.084877743	0.696758826	0.929894786	0.326154984
0.359154194	0.350970867	0.050233967	0.045886906	0.581007211	0.761142626	0.870244341	0.316059587
0.282960548	0.270868469	0.155873698	0.733503347	0.115487363	0.708384433	0.659540347	0.40164932
0.136682076	0.230646308	0.012352309	0.005474404	0.482341326	0.846539416	0.298763637	0.364031471
0.322975101	0.335989481	0.411725343	0.161281518	0.54667297	0.747004947	0.706766912	0.33210653
0.39274744	0.229374255	0.161156946	0.095470257	0.883304076	0.732311031	0.617535553	0.458034165
0.200589254	0.073056238	0.369118268	0.30386003	0.407159592	0.906032103	0.533825634	0.460939847
0.207444384	0.212247018	0.232750166	0.260919888	0.3176957	0.737173541	0.539452225	0.412360567
0.211447721	0.331771838	0.139895189	0.209729851	0.306286995	0.690995788	0.937180714	0.485002156
0.192372525	0.137587847	0.403796032	0.119905328	0.306171052	0.647004854	0.467933572	0.397915033
0.398839102	0.137302522	0.485077121	0.900946196	0.568932656	0.62577912	0.682941882	0.389917029
0.219187552	0.055148797	0.476505895	0.727069577	0.513207831	0.853391744	0.71827581	0.389582961
0.241279739	0.169601201	0.125552558	0.030070315	0.000155277	0.847389942	0.532870399	0.340979325
0.162734862	0.216354035	0.391900466	0.87496172	0.42408503	0.796538892	0.600272553	0.62845923
0.263239968	0.450026107	0.304527445	0.163081194	0.748021714	0.740564743	0.01064481	0.530104463
0.141029887	0.052758233	0.413276491	0.398320077	0.272155775	0.713152263	0.19859717	0.464002496
0.307709003	0.262237095	0.195942024	0.729672566	0.519607423	0.756287261	0.935683232	0.41929967
0.329019586	0.170496259	0.424636198	0.009763348	0.363122677	0.754746908	0.817245758	0.440773205
0.179483214	0.161657853	0.136360995	0.408692862	0.460648872	0.80245036	0.588371563	0.592329502
0.099266362	0.294979183	0.459943359	0.057376099	0.436901535	0.786213079	0.406371057	0.635406384
0.321927971	0.28562885	0.116229355	0.606764027	0.039884254	0.64236945	0.015485556	0.459637864
0.273981841	0.307232899	0.405714576	0.798400163	0.690125544	0.869818852	0.88889218	0.321680962
0.334227152	0.248543447	0.454094614	0.289654887	0.27446678	0.848607973	0.31490069	0.568627072
0.149673421	0.374741186	0.005775058	0.066766785	0.432468967	0.840189514	0.326109843	0.511479442
0.286207953	0.250531069	0.151547903	0.8050052	0.361605722	0.764701129	0.754594702	0.473055059
0.117509589	0.198600572	0.349435499	0.052245787	0.381786036	0.799366857	0.372910383	0.544698134
0.335608779	0.465994165	0.059552286	0.194846157	0.677053643	0.776945476	0.432471953	0.438684576
0.312803263	0.37370654	0.333510487	0.737973957	0.640396952	0.677680882	0.2931897	0.250698973
0.064000201	0.044659493	0.431381787	0.427287808	0.665007199	0.764276405	0.821724859	0.43728769
0.136612459	0.239213501	0.049588228	0.430616475	0.650462053	0.753623779	0.700190854	0.388799772
0.26428211	0.346059604	0.018949437	0.689523775	0.063399051	0.756920614	0.921276494	0.690871972
0.27938345	0.132630104	0.151251989	0.147508646	0.52104921	0.72157788	0.217068906	0.394717349
0.231011345	0.312005866	0.117167339	0.774512624	0.741279243	0.675771128	0.198287503	0.379204064
0.338395764	0.200437177	0.095222175	0.39802792	0.533111728	0.830209716	0.553285922	0.464164395
0.15234382	0.371241078	0.06021828	0.988425667	0.207829067	0.881507361	0.156487949	0.514316277
0.330998675	0.188470444	0.260838507	0.142278675	0.738848105	0.719447274	0.422601918	0.425503261
0.201522205	0.244830917	0.508633233	0.363213324	0.933077624	0.798068488	0.691825714	0.383913968
0.304583004	0.179925813	0.385553754	0.781239728	0.430202742	0.746286996	0.968651649	0.302822552
0.066789771	0.32727068	0.314014544	0.14477464	0.019703082	0.727481736	0.69665134	0.460091197
0.317523371	0.303036526	0.439334078	0.951903452	0.54904539	0.7892531	0.510953565	0.291551916
0.319659138	0.195774085	0.244186312	0.312760602	0.420049829	0.865419388	0.45266411	0.474766927
0.37452369	0.240872319	0.159088188	0.859321032	0.610946124	0.889550602	0.405393849	0.413733521
0.317703499	0.027756925	0.255935264	0.931006963	0.810313478	0.761398577	0.116071476	0.490215049
0.319015018	0.425337367	0.365631891	0.228025004	0.526547482	0.757442737	0.829529203	0.554749358
0.262438596	0.304044802	0.228577306	0.358731537	0.611556003	0.785546188	0.686215001	0.577871984
0.388724228	0.180676209	0.456467603	0.07231094	0.634674457	0.695542027	0.205353328	0.530915842
0.110611451	0.187999857	0.133090186	0.515437524	0.743406884	0.687673938	0.179948402	0.422185396
0.366307223	0.310180842	0.532217799	0.816558442	0.261923843	0.666674149	0.667448189	0.389579576
0.245372718	0.261198616	0.18749508	0.112737188	0.007710919	0.72135761	0.719110062	0.591356872
0.168433092	0.202113583	0.018951252	0.628324038	0.011399344	0.970909701	0.173126921	0.627878431
0.390803956	0.103529214	0.505344627	0.676251116	0.691622491	0.826146821	0.791155852	0.520403564
0.17192261	0.216979299	0.230881966	0.969349784	0.55955094	0.853303531	0.153451216	0.463261758
0.252155154	0.286419991	0.491321802	0.271237848	0.996372787	0.674016505	0.730995649	0.385787311
0.158314793	0.213759006	0.075003606	0.14202398	0.496293743	0.805190738	0.968477158	0.466262679
0.280486941	0.201043105	0.164613849	0.575072259	0.21458193	0.701833597	0.858338072	0.403504264
0.415363464	0.258959963	0.525105114	0.153943399	0.158242642	0.719292081	0.628233781	0.346772096
0.238390157	0.231865938	0.044809297	0.982854319	0.647919704	0.807923466	0.84877179	0.353995956
0.174302415	0.301828526	0.159562496	0.848658117	0.303427119	0.756050096	0.770854959	0.416191331
0.178122921	0.030379353	0.042691025	0.139081312	0.226180128	0.878806336	0.397514657	0.312669074
0.257614709	0.398333532	0.421708037	0.734960436	0.938766224	0.744523748	0.786695893	0.199093741
0.19365748	0.448936142	0.057790933	0.225823678	0.461160909	0.834932123	0.665534797	0.380283543
0.383382059	0.412430586	0.400614463	0.762712794	0.813699559	0.766089636	0.747945218	0.578789861
0.280415695	0.397853322	0.374312491	0.06230697	0.24708737	0.712284935	0.979187081	0.298730132
0.294860478	0.218696225	0.299022204	0.534596786	0.749159762	0.742296436	0.563998549	0.606782007
0.282822598	0.328688272	0.486640352	0.004823891	0.205316334	0.72774769	0.300729367	0.272064821
0.316289646	0.374109124	0.242778081	0.4660565	0.518530145	0.856325451	0.849438237	0.368886703
0.285341693	0.387161279	0.423965543	0.400129205	0.760927257	0.587433625	0.906463445	0.459110075
0.270714695	0.306706566	0.238280303	0.244418667	0.383104491	0.692659834	0.071341213	0.433897527
0.245413315	0.256656307	0.067403843	0.999552146	0.296158931	0.786781748	0.648975973	0.465148152
0.281417389	0.255452832	0.350148578	0.312828959	0.991790044	0.733680859	0.190735356	0.522719502
0.260289264	0.319657665	0.516196824	0.215108551	0.110445747	0.806477802	0.579280689	0.561855369
0.223408956	0.465155204	0.30507495	0.338725981	0.309042243	0.730069839	0.437019254	0.596307994
0.359661953	0.200933922	0.337465923	0.901250661	0.372866357	0.635861045	0.929448345	0.776102913
0.324564405	0.327168088	0.1897666	0.473268938	0.325168842	0.883144865	0.333509893	0.462158552
0.285779159	0.203168369	0.317809699	0.04595286	0.58969863	0.81484325	0.236962776	0.334773912
0.264612757	0.261526355	0.216189927	0.280788225	0.215479979	0.70171046	0.243979029	0.390124486
0.352286106	0.306055272	0.067552149	0.492047552	0.100450052	0.860208742	0.976661292	0.272447654
0.196647677	0.17024308	0.433343753	0.767059624	0.762645848	0.673834609	0.489200429	0.319825427
0.227863507	0.34143966	0.459800328	0.963133918	0.82643608	0.799058279	0.505824564	0.408253342
0.433034139	0.260354524	0.479411809	0.398201543	0.014600993	0.785300621	0.699562081	0.330166385
0.325813492	0.230570547	0.209468977	0.334027954	0.697865334	0.730453338	0.903154973	0.588731043
0.212962083	0	0.062163839	0.6290072	0.224583929	0.797727238	0.883708246	0.470383269
0.330005505	0.350524086	0.266040729	0.249402428	0.879974957	0.741325507	0.97768727	0.61080595
0.212242243	0.155227306	0.246957446	0.144648251	0.537580876	0.750722237	0.12031482	0.361725109
0.144326413	0.055814585	0.09946582	0.5978727	0.426947393	0.899682835	0.824166556	0.52654111
0.369747667	0.157672396	0.011860116	0.158515946	0.505975501	0.746123715	0.356046931	0.63258273
0.215035511	0.37513147	0.345834799	0.287163778	0.184058207	0.892862349	0.565990296	0.232701335
0.212262346	0.289636904	0.350735748	0.365349407	0.28243716	0.69963273	0.123661659	0.330068238
0.386955072	0.513329297	0.434590362	0.839548447	0.589184547	0.82707844	0.84024141	0.405781954
0.271590269	0.114966421	0.378096553	0.940237614	0.635644974	0.634580733	0.75618248	0.478714683
0.352073702	0.20203597	0.084730816	0.445469303	0.266368077	0.597693658	0.044524438	0.359391643
0.269950918	0.268400004	0.44523297	0.602322708	0.540576558	0.833600389	0.15729982	0.30007698
0.237557995	0.348294943	0.135613892	0.138778215	0.953154417	0.72583231	0.168853622	0.386184365
0.189402889	0.192203411	0.523316751	0.716673737	0.040757039	0.879719405	0.872203152	0.435912905
0.25713873	0.172163854	0.016669723	0.537514749	0.215077462	0.72790064	0.402848598	0.415055692
0.414862643	0.387582681	0.020679059	0.1637566	0.402246563	0.785654331	0.128007504	0.778867582
0.391367887	0.480822761	0.07004575	0.542986388	0.970928596	0.757870454	0.583822655	0.530146726
0.208306588	0.27317842	0.025016427	0.371572466	0.076616256	0.772144671	0.500160402	0.225773512
0.389646867	0.337707534	0.202233437	0.637817165	0.66273877	0.760714298	0.00196492	0.415774802
0.285872639	0.346477579	0.010771143	0.1826002	0.681299124	0.453453962	0.018047664	0.327122678
0.31867733	0.239670481	0.440834122	0.251964974	0.98051424	0.718565138	0.54469979	0.517839114
0.268083282	0.11614806	0.316134102	0.007966884	0.338312491	0.739595467	0.25938982	0.507447541
0.232195696	0.100513549	0.120666528	0.986379269	0.861567113	0.66284933	0.284661209	0.306719686
0.229896277	0.344471923	0.110239569	0.834223859	0.863589563	0.659954717	0.912188901	0.458961813
0.278012545	0.341604027	0.021116433	0.896468814	0.25064276	0.932152312	0.145260487	0.524982601
0.35463045	0.155516611	0.261532187	0.911195878	0.456300079	0.687702862	0.880583291	0.444856777
0.218041377	0.119938283	0.247410291	0.271079696	0.622657334	0.743483697	0.329101337	0.459030674
0.207864417	0.312696928	0.136124298	0.274835064	0.65762145	0.745804257	0.705744942	0.328736822
0.290560252	0.256508219	0.195516597	0.465173607	0.728171483	0.705799942	0.344357542	0.383841824
0.333745669	0.286362068	0.516205249	0.307472261	0.509951414	0.683192604	0.054161447	0.359888806
0.380236838	0.307402452	0.403112274	0.519982324	0.170577223	0.838455637	0.447332521	0.505847556
0.126552243	0.233105982	0.450495334	0.50690624	0.798485169	0.702847959	0.434117469	0.523733404
0.291171121	0.094445646	0.465802794	0.859453201	0.931176947	0.790395639	0.586803432	0.592340205
0.295434721	0.140295953	0.030526686	0.801299647	0.15839019	0.809136675	0.955839696	0.260449483
0.326834937	0.281120596	0.322414279	0.417742486	0.611138636	0.865691591	0.921862191	0.572143841
0.411320681	0.2273754	0.433153675	0.230520782	0.731604901	0.719151254	0.489711929	0.432631274
0.240515924	0.198486888	0.47925838	0.763764861	0.379870064	0.876684219	0.46826725	0.54722332
0.288198882	0.405197111	0.221959377	0.279339437	0.995093209	0.759892937	0.482114898	0.394167757
0.308309413	0.254412739	0.495338556	0.050443387	0.803241073	0.668382852	0.508938818	0.252162714
0.325617834	0.277346616	0.445089001	0.619500567	0.412330924	0.760783313	0.948147421	0.614179144
0.348589301	0.261521344	0.166481135	0.443190294	0.151326198	0.708795873	0.155344972	0.543687106
0.240626779	0.300274247	0.316988866	0.066688228	0.603430236	0.715264238	0.94136498	0.606853022
0.330606883	0.327647756	0.116165066	0.537755039	0.299993184	0.819335116	0.482504995	0.610053882
0.256046833	0.304946237	0.295050245	0.36170411	0.594859359	0.791613922	0.115206178	0.529356578
0.370027091	0.411142004	0.150942779	0.290577081	0.367043496	0.735732559	0.24824883	0.559016431
0.328960718	0.482703196	0.399659948	0.867784818	0.326182043	0.741786245	0.965866468	0.400087962
0.109727154	0.169641578	0.246467184	0.541363672	0.861736596	0.712657354	0.537517023	0.263797467
0.234276001	0.268924857	0.229660897	0.118244175	0.624018218	0.756526545	0.244760092	0.384131556
0.230686573	0.12800485	0.374739965	0.204842916	0.113885203	0.687971953	0.108456901	0.499123973
0.10851879	0.273678082	0.221675284	0.152064043	0.085069485	0.766251591	0.297407632	0.524469883
0.287309762	0.327092665	0.081865626	0.166015605	0.721993043	0.634085852	0.448206295	0.427819013
0.114258597	0.186819844	0.283645359	0.378088254	0.435712973	0.815837284	0.302899387	0.479014179
0.3417389	0.192353434	0.146739691	0.369598267	0.134869319	0.729589114	0.650948689	0.631155613
0.248296342	0.326261489	0.105681665	0.52047846	0.119689623	0.691225288	0.714802217	0.440349459
0.281354446	0.327725918	0.101789828	0.677560682	0.273630814	0.806645265	0.489868323	0.356375956
0.352021743	0.290268843	0.274709171	0.417187715	0.210719287	0.699938903	0.908837825	0.392454418
0.186293375	0.314700482	0.257985437	0.774322582	0.93849302	0.680385897	0.344478531	0.445430385
0.301042529	0.477044022	0.07007309	0.417471344	0.557091881	0.718738664	0.866146119	0.444406581
0.238677974	0.503248292	0.226743931	0.82717191	0.276521108	0.826432844	0.302292864	0.5106534
0.358806963	0.171549342	0.355628818	0.73354494	0.926752106	0.792581556	0.419875069	0.455121673
0.281582915	0.230773014	0.185505724	0.580228016	0.476312913	0.63505101	0.367223715	0.420211891
0.275770918	0.363102842	0.186720025	0.784925196	0.781298382	0.789771076	0.106077248	0.459933971
0.386289398	0.221088212	0.385560848	0.304504463	0.453813465	0.600184506	0.609391375	0.309017086
0.284981338	0.185206626	0.319032439	0.64510431	0.632857244	0.654636092	0.823989522	0.53232194
0.359707487	0.302774559	0.434361702	0.839656088	0.698344247	0.550652183	0.2509327	0.571692608
0.378524168	0.222180995	0.319450452	0.65087983	0.993367577	0.837957764	0.425108395	0.567335184
0.327519128	0.230439701	0.001062428	0.054562919	0.191953814	0.648033104	0.599155278	0.391250172
0.244726622	0.189990245	0.226742919	0.037024742	0.855244079	0.821103023	0.184542766	0.364750334
0.212771065	0.35388358	0.271452061	0.811551453	0.791542482	0.843680966	0.209548129	0.425636495
0.109526869	0.236268552	0.399255078	0.995151532	0.100193103	0.913334943	0.206443145	0.272098387
0.189389704	0.323742296	0.444521973	0.797681566	0.997314307	0.828992742	0.923532229	0.270396559
0.211068978	0.333858342	0.086699713	0.690680354	0.488464383	0.768087168	0.113246288	0.641684112
0.148047688	0.256341685	0.120643036	0.852479453	0.71646073	0.733428983	0.055391672	0.591745937
0.037027541	0.303957241	0.372202306	0.501492889	0.225614302	0.775999607	0.83680687	0.467557384
0.171650524	0.358211312	0.243973814	0.396309264	0.226101348	0.777200705	0.934657065	0.544109957
0.254487699	0.284905091	0.397224589	0.837751209	0.407607522	0.754321683	0.540141875	0.397535383
0.305878515	0.187107993	0.491515223	0.25571137	0.718329992	0.718787959	0.283881969	0
0.3648713	0.284451478	0.403965364	0.250164361	0.278371462	0.734405519	0.092645297	0.468871603
0.272954573	0.275124883	0.530646514	0.597671205	0.288629471	0.813974726	0.643089177	0.461799014
0.312460177	0.463872156	0.522876986	0.157224725	0.890708619	0.737376109	0.400107171	0.593314026
0.156412815	0.254420407	0.183528813	0.818777361	0.119497418	0.917952339	0.765584653	0.534125487
0.189756539	0.263566295	0.380020445	0.652245853	0.527914921	0.772790485	0.315417764	0.461309891
0.254337155	0.169805482	0.283750426	0.539454507	0.290029426	0.803500942	0.076667346	0.550299927
0.174325368	0.199114879	0.117512507	0.267741036	0.317726049	0.693304395	0.331019711	0.420081289
0.188114001	0.383686999	0.061928501	0.766752809	0.749431132	0.531239055	0.794294294	0.408263689
0.200510243	0.281303072	0.329477636	0.055428337	0.241548618	0.824290847	0.902604964	0.366502519
0.30830758	0.21080795	0.019770154	0.635788266	0.374825898	0.739420678	0.193160687	0.363089567
0.26489623	0.149461569	0.222073521	0.513766403	0.136637331	0.777743227	0.353601299	0.285428822
0	0.147458815	0.258207101	0.270096743	0.963485928	0.748759629	0.903203889	0.369961298
0.292524025	0.302322803	0.066098099	0.850100146	0.81212371	1	0.675943529	0.640509069
0.204968299	0.287551144	0.306876574	0.206261255	0.82072764	0.81104299	0.905598452	0.476489131
0.19283358	0.15034849	0.347216987	0.632126936	0.426604667	0.824920937	0.363454693	0.273213667
0.222778917	0.134760148	0.214228778	0.995501441	0.993938488	0.694567408	0.207092703	0.368812823
0.189647099	0.208846437	0.044581986	0.60814661	0.41534555	0.80853663	0.51951994	0.460580269
0.270380695	0.245015494	0.52507926	0.198260565	0.16400699	0.751073456	0.329414014	0.496471735
0.344864907	0.192967214	0.493165355	0.310501878	0.32727844	0.793001166	0.114388345	0.513112667
0.284563604	0.306610833	0.28278401	0.408034934	0.466746339	0.729921501	0.353417046	0.396931195
0.161711305	0.18054173	0.439350121	0.510937882	0.819323679	0.858317908	0.182078012	0.416083997
0.333315728	0.163035083	0.237904841	0.698037569	0.82396627	0.797135902	0.416461927	0.416798519
0.188122764	0.253298535	0.146963882	0.051352243	0.922095928	0.885773856	0.811209616	0.419144351
0.209855566	0.334569452	0.375484667	0.816144137	0.61930674	0.69764159	0.551403877	0.717004951
0.217513376	0.261552584	0.102837003	0.287976125	0.821334426	0.659102793	0.496087605	0.431392539
0.166869525	0.044076362	0.499847184	0.424723732	0.747468442	0.820928893	0	0.57888957
0.291486747	0.212122633	0.499854503	0.002526081	0.005295458	0.728735411	0.214152904	0.388747925
0.353380896	0.303422687	0.491374244	0.087212006	0.292841131	0.660010543	0.275538227	0.442816604
0.275109868	0.31081097	0.391338056	0.021402756	0.634271951	0.549362445	0.242131221	0.611121045
0.330028491	0.283330544	0.155355692	0.907773001	0.829054374	0.760759045	0.967736733	0.439566121
0.29125993	0.169341567	0.447945858	0.577727859	0.796180284	0.822671475	0.638876498	0.398226306
0.23421845	0.249896519	0.212113107	0.207289371	0.434664229	0.903898689	0.749497041	0.55098758
0.204912861	0.361880386	0.384836267	0.235986233	0.443847055	0.759167307	0.162421218	0.589652484
0.448230007	0.271814007	0.112754898	0.962742428	0.847175741	0.666566336	0.429874276	0.364793596
0.085205467	0.070428877	0.443095021	0.643997346	0.348067726	0.672288125	0.574533964	0.422420667
0.348125597	0.369279189	0.274551184	0.827503593	0.720077659	0.77022957	0.007549779	0.494620021
0.24875154	0.294522749	0.06252925	0.472156689	0.532824273	0.728136277	0.817519021	0.433810562
0.244798288	0.113334166	0.527943312	0.82259124	0.604998387	0.742047009	0.642977948	0.393094889
0.288147196	0.302569313	0.453015919	0.02383617	0.743698375	0.690928495	0.903696569	0.279640105
0.277616936	0.022172647	0.005848455	0.279609296	0.286457869	0.906865948	0.536943586	0.425043476
0.350986825	0.251106078	0.004571342	0.453208867	0.788077811	0.730088569	0.160601282	0.379453402
0.273881752	0.30908301	0.24569777	0.672811606	0.762195118	0.865260308	0.904537508	0.713010646
0.365555478	0.354388071	0.070344788	0.363499173	0.581418485	0.629376243	0.884318436	0.3346384
0.317466174	0.153830125	0.410580247	0.703425689	0.487974442	0.830726855	0.097779693	0.369024086
0.23878628	0.190632851	0.138309121	0.461667503	0.585947771	0.813566586	0.148861589	0.533330777
0.431752073	0.274709607	0.453802943	0.125392633	0.932598938	0.687980855	0.310849225	0.577291653
0.325186507	0.448454687	0.144071119	0.25941002	0.389026999	0.824805448	0.609057346	0.417245389
0.315334436	0.335157607	0.025451813	0.107905655	0.671665993	0.807313362	0.217149231	0.34069773
0.246495393	0.280697099	0.17376937	0.842068813	0.719134575	0.744433543	0.18116991	0.453254173
0.071949808	0.20301653	0.168663722	0.482761155	0.889580023	0.702970851	0.055066408	0.656552012
0.227275195	0.269196173	0.070035028	0.65377274	0.83690277	0.948696498	0.422933368	0.371620183
0.342413721	0.315754695	0.056173319	0.691521274	0.458950793	0.776901032	0.686619209	0.50930013
0.496472073	0.32723291	0.27788485	0.757677713	0.239450088	0.875276332	0.569639353	0.422437217
0.199898663	0.358498607	0.005296591	0.152187398	0.735152751	0.696338511	0.35360507	0.402446891
0.178771762	0.239337303	0.387277254	0.12897246	0.26538248	0.803917375	0.662462219	0.467813371
0.206912897	0.232909921	0.271020616	0.694023123	0.61773655	0.817790773	0.456333231	0.360048395
0.336889303	0.096213103	0.357706807	0.230421962	0.065590855	0.632543233	0.90897919	0.460943719
0.331231046	0.468384407	0.013425042	0.268758738	0.502822147	0.74771163	0.705226776	0.480762598
0.272272145	0.310592436	0.072063789	0.211413685	0.460309767	0.778752793	0.886777567	0.309860662
0.200629913	0.315833186	0.446525346	0.818844267	0.658554785	0.830278219	0.896286554	0.553321351
0.207748892	0.247531342	0.049307783	0.270221465	0.705115604	0.624793641	0.065592826	0.50541839
0.08109907	0.081409244	0.064128219	0.356466563	0	0.637370876	0.674569951	0.509974567
0.460710837	0.406121004	0.404659467	0.731300043	0.292157105	0.920773471	0.441234258	0.477089732
0.184670724	0.38375918	0.472275143	0.604921534	0.02204293	0.74461283	0.699504934	0.386021402
0.129996645	0.14198897	0.526198527	0.735868413	0.721141946	0.751117535	0.829712766	0.164232276
0.194325501	0.391558365	0.316745995	0.155171308	0.516377745	0.818018621	0.02611352	0.580897437
0.373280945	0.396195207	0.273001453	0.161080909	0.077641005	0.855194326	0.419754708	0.538097332
0.263774533	0.400712847	0.342522196	0.559845793	0.687873668	0.576344089	0.551764326	0.691119369
0.267866494	0.277595559	0.068280514	0.888723339	0.321574199	0.803463017	0.395703683	0.374951923
0.164151695	0.294538815	0.269680376	0.138858583	0.860743003	0.756565058	0.581524271	0.380784114
0.315226258	0.312011973	0.010784736	0.742148984	0.449265874	0.722560092	0.803550502	0.255359351
0.315698414	0.374456033	0.238392099	0.881813933	0.194521571	0.779016037	0.781370456	0.51323885
0.243937207	0.020117977	0.226075825	0.600537819	0.791842195	0.667561824	0.729829184	0.387745112
0.167017637	0.269180432	0.133352011	0.652008369	0.420367235	0.866115146	0.274074315	0.370608473
0.493625559	0.401906515	0.287395187	0.108450179	0.137971416	0.71597082	0.896766586	0.417236026
0.207923317	0.281941601	0.423852629	0.898337659	0.090646883	0.913603491	0.098923493	0.411297208
0.207531446	0.18837446	0.300034828	0.339667568	0.384441618	0.760527177	0.720619584	0.494239611
0.286748862	0.244283522	0.534392351	0.190776387	0.133309903	0.737079724	0.469008746	0.46863464
0.284348364	0.19779396	0.519899218	0.147232255	0.336301081	0.921737905	0.324133408	0.710007731
0.292664204	0.411454555	0.331109377	0.563589585	0.287416649	0.89016525	0.380348641	0.460020607
0.182820161	0.319061239	0.103042371	0.297365953	0.451564154	0.829429342	0.753359273	0.397314811
0.215025185	0.275758126	0.342051117	0.624268005	0.962418661	0.748139337	0.484191129	0.444266465
0.354435655	0.280633013	0.010456535	0.644186473	0.598711885	0.74498738	0.7052614	0.48718544
0.150108011	0.204520762	0.327058478	0.920359099	0.064461107	0.711058265	0.548691023	0.559132194
0.149082015	0.295059342	0.43031452	0.570591587	0.840806884	0.902324857	0.486194273	0.470357616
0.323795366	0.207272982	0.050750175	0.795280696	0.254861162	0.759568824	0.725689342	0.506895936
0.226138477	0.257284425	0.53269477	0.47375121	0.519150892	0.674405983	0.975903729	0.34719059
0.263471716	0.16258624	0.381905773	0.524731119	0.137095367	0.763313503	0.695615638	0.406198448
0.188415664	0.343532375	0.21089792	0.010781289	0.12367739	0.573074917	0.297916591	0.590683297
0.345032557	0.331177546	0.121348884	0.883687111	0.197715869	0.641776538	0.633865891	0.414239968
0.277472614	0.143858288	0.113738447	0.184540673	0.851521492	0.869388579	0.607389118	0.600834716
0.239137569	0.454763663	0.429669981	0.37586629	0.393767251	0.562145728	0.599952462	0.469476546
0.291061557	0.319117577	0.286507449	0.777091569	0.581297168	0.809903985	0.917186805	0.548648578
0.241777353	0.255121333	0.122839117	0.17028143	0.944783674	0.741713815	0.945478796	0.480917282
0.205565488	0.367494805	0.044528906	0.918892474	0.536575953	0.986757033	0.970468119	0.635061587
0.331640069	0.285104943	0.501239636	0.95969579	0.272908297	0.84807382	0.804493449	0.448320593
0.233638286	0.445728568	0.192306829	0.206655241	0.746834267	0.799033428	0.68231221	0.574713499
0.214855261	0.289988742	0.29394724	0.60999462	0.544053135	0.833742872	0.105867204	0.491622531
0.363790355	0.11207486	0.094113013	0.203069574	0.087659374	0.791581791	0.556134218	0.560323822
0.313344888	0.223337357	0.414808759	0.200012411	0.493017171	0.754525148	0.081697691	0.487919264
0.217365163	0.326054982	0.327069014	0.772553683	0.834141519	0.632337289	0.986331661	0.571637543
0.321892226	0.22453216	0.300885779	0.085386872	0.012402903	0.775653727	0.470378774	0.417126702
0.266107002	0.135301719	0.003412557	0.13160152	0.479247214	0.913902933	0.206771824	0.514634452
0.247205192	0.270143707	0.359422258	0.612229392	0.054262949	0.846189104	0.491840294	0.527138346
0.134956562	0.291759742	0.15368641	0.061096257	0.524899187	0.760653836	0.25415684	0.518722864
0.30535405	0.369497435	0.119890537	0.116196431	0.834856625	0.803817187	0.763995635	0.371055225
0.339727408	0.319578859	0.316904109	0.182222945	0.675231574	0.852861879	0.392241283	0.241536726
0.239567256	0.34438436	0.277505658	0.078914495	0.862200603	0.803969792	0.875493357	0.316644881
0.164402413	0.500380345	0.080681679	0.730129011	0.72884726	0.884034809	0.438943538	0.437269319
0.302849383	0.517378474	0.30227965	0.003222349	0.429167656	0.731595822	0.721756745	0.411085514
0.25581249	0.441547535	0.389773571	0.625913414	0.062088653	0.793720423	0.788234206	0.27811992
0.154148887	0.242362609	0.137537818	0.494035597	0.750419431	0.795620664	0.031721302	0.33907657
0.222820778	0.267151306	0.421705332	0.746200013	0.2630251	0.750769465	0.768966174	0.436007012
0.259070495	0.072877552	0.464512864	0.191443253	0.094497257	0.692662828	0.826455385	0.259680532
0.25060173	0.176630425	0.314649186	0.32852606	0.171834713	0.683834911	0.681517771	0.279269056
0.243715959	0.32892462	0.188844374	0.608450888	0.143062082	0.778113344	0.073664278	0.478211473
0.218064683	0.408683977	0.015627038	0.985175381	0.734961168	0.69405358	0.254958428	0.564676445
0.264285179	0.205122439	0.086381064	0.102588447	0.424535713	0.643419466	0.749448545	0.429013677
0.307162851	0.301247577	0.23459772	0.186676512	0.600806944	0.779759189	0.911790119	0.463855624
0.145676383	0.268555065	0.325988722	0.489242743	0.684958994	0.671738973	0.932261899	0.510708551
0.264672762	0.342277115	0.502455115	0.332887295	0.028435907	0.684322154	0.474907101	0.533205381
0.363149532	0.148474013	0.158209924	0.617467549	0.095132485	0.776273318	0.803260057	0.315578239
0.081866992	0.251674652	0.000249779	0.847893098	0.332709054	0.779651679	0.687503854	0.475489158
0.373939331	0.376324984	0.381142198	0.048822422	0.443112137	0.666627092	0.089762443	0.430689949
0.509741701	0.337575388	0.496341425	0.718273149	0.448133162	0.862976322	0.327065805	0.389114761
0.406632175	0.468923769	0.121734378	0.348464763	0.979128629	0.72084348	0.54765426	0.478454213
0.083721029	0.234319983	0.370285162	0.922138914	0.02158516	0.892274264	0.097583158	0.52568666
0.287592295	0.225711369	0.512210046	0.330810052	0.987223332	0.825870247	0.769057484	0.642359851
0.136264858	0.213057153	0.107144687	0.960633405	0.030936755	0.837653823	0.229952508	0.439001505
0.155447273	0.138729665	0.422736971	0.786553688	0.65317196	0.621751221	0.030163083	0.434018108
0.285402087	0.248101773	0.447540854	0.774313828	0.473610371	0.729990369	0.849065097	0.458721949
0.332184047	0.2415663	0.44533155	0.844092768	0.492239404	0.63429319	0.577766136	0.534125317
0.182793048	0.262502821	0.380100051	0.494029934	0.481205605	0.712069046	0.664152817	0.636267779
0.302676593	0.21596917	0.318679084	0.969303409	0.832582678	0.725467009	0.088880435	0.606519511
0.367327751	0.2736648	0.438348904	0.88516224	0.124205564	0.787802153	0.906625142	0.506119955
0.185840017	0.190773558	0.351233568	0.50534192	0.539821135	0.683128369	0.837557548	0.34196836
0.134395572	0.22130492	0.08047232	0.581798258	0.585445446	0.760799299	0.227091864	0.376587471
0.312590887	0.436662507	0.518077016	0.018597531	0.835158902	0.933394731	0.768407928	0.516440197
0.208275887	0.29103767	0.161359707	0.300926041	0.906641555	0.788152987	0.722182974	0.624110328
0.321440003	0.198062496	0.332618136	0.729362718	0.796984182	0.699014059	0.576099256	0.523333692
0.296797526	0.157425754	0.527174016	0.918269968	0.181360559	0.609652776	0.289163125	0.461509641
0.22716874	0.258056754	0	0.810471845	0.518219682	0.796304717	0.150925148	0.435997452
0.247201129	0.319031917	0.350023769	0.094239259	0.552426934	0.811850229	0.603513617	0.375173147
0.335267175	0.148932162	0.421886524	0.192641565	0.741995727	0.622604641	0.39027379	0.485509414
0.058789114	0.387052923	0.024990834	0.629911474	0.604967296	0.635048353	0.005739748	0.532882162
0.238112455	0.132309189	0.526265609	0.778639454	0.795376398	0.833161006	0.226923842	0.51404795
0.197149319	0.244663133	0.481500104	0.232731344	0.344471462	0.730069532	0.6661003	0.388434185
0.154128653	0.300571344	0.12343429	0.902427046	0.415905871	0.675407075	0.110755392	0.299229751
0.335458605	0.302567608	0.451784058	0.379315469	0.798306963	0.754158396	0.677462843	0.269545702
0.228589446	0.143680654	0.451108459	0.228690007	0.708025392	0.844681897	0.879428814	0.468496109
0.306122854	0.138639703	0.185630564	0.311636298	0.36317108	0.805883647	0.811842985	0.455966159
0.135791015	0.205812679	0.222902327	0.179188481	0.342313831	0.770293627	0.150108521	0.38806049
0.286037786	0.228294536	0.420626723	1	0.211219706	0.893657443	0.789337248	0.257459113
0.263437184	0.290856908	0.402725332	0.15607872	0.612638164	0.797579153	0.781360607	0.597114292
0.399923078	0.323638097	0.183232526	0.841944398	0.137087012	0.779535801	0.411126672	0.470574986
0.273531584	0.262308191	0.507956244	0.006675877	0.929168297	0.660284172	0.683560554	0.599711473
0.352254067	0.362450341	0.382827447	0.18961461	0.160375651	0.638209679	0.865031374	0.472019255
0.203807464	0.37034326	0.09202945	0.164831246	0.793735299	0.654184459	0.022999568	0.496447405
0.083771195	0.262334125	0.02722121	0.231833749	0.226399769	0.729910443	0.593028549	0.507790843
0.15041722	0.325465471	0.330249646	0.322831113	0.467972041	0.634719241	0.596883185	0.347727239
0.134630594	0.296188774	0.077905016	0.701949014	0.491709775	0.741608325	0.352772928	0.463503877
0.167336929	0.401556822	0.246847408	0.463236453	0.505359383	0.806974779	0.559259435	0.472681364
0.385414425	0.295723198	0.207335421	0.567400437	0.960208391	0.766907615	0.041196181	0.396966427
0.191486099	0.378029973	0.342573994	0.610469227	0.303384185	0.755117648	0.13194888	0.470651399
0.294009097	0.362740017	0.010364397	0.269511553	0.100630208	0.714049037	0.347700347	0.456134705
0.259444817	0.374486687	0.363646953	0.961938344	0.743691474	0.725368204	0.854473828	0.458496786
0.246473771	0.278223923	0.193444878	0.818322572	0.095746755	0.734606215	0.878248664	0.374560101
0.144023508	0.223701459	0.528457447	0.269022775	0.161999738	0.726346435	0.850959239	0.415069671
0.372653478	0.278507548	0.146409334	0.526940163	0.887365658	0.668788281	0.789995512	0.432460357
0.200738016	0.284470304	0.371645263	0.25128598	0.509537355	0.809270323	0.877751268	0.534796619
0.255670902	0.355581448	0.242657406	0.074499189	0.945302787	0.704442114	0.89517327	0.45462162
0.334318896	0.152686115	0.020144831	0.102349304	0.648611579	0.753683052	0.141900343	0.410016569
0.186716422	0.162678416	0.224240571	0.897149352	0.317804613	0.821266372	0.710036324	0.289217646
0.311812775	0.259587725	0.168869558	0.552492048	0.624322294	0.722336374	0.551642634	0.391047305
0.233923339	0.292366171	0.36684431	0.363370968	0.53626274	0.773044949	0.922512658	0.471349814
0.292237736	0.245117791	0.098655113	0.700990186	0.000202923	0.720631132	0.030147342	0.430756951
0.340451454	0.368876483	0.333221334	0.276445444	0.276411138	0.974569313	0.543815403	0.387750123
0.23439179	0.223004066	0.162251783	0.470182296	0.354929849	0.772768996	0.659825036	0.489569675
0.028763388	0.476728459	0.47183204	0.327832699	0.643168167	0.824897637	0.684234276	0.357028064
0.244617334	0.296979785	0.348091887	0.809448094	0.679369788	0.723226208	0.139608104	0.521069065
0.105422959	0.362826138	0.470152588	0.365301091	0.269532725	0.761899662	0.352177473	0.382176632
0.299094041	0.377562656	0.370955431	0.323467531	0.623007026	0.854603005	0.300388325	0.362856061
0.213416066	0.269280228	0.401224471	0.501918895	0.620011358	0.796822486	0.094680638	0.462780749
0.439215908	0.275575753	0.129102742	0.568064188	0.751241609	0.777993196	0.02463537	0.388137455
0.255976158	0.164307646	0.409588621	0.034254355	0.686900163	0.678838028	0.336952621	0.54453722
0.276586611	0.199201761	0.510550789	0.636402665	0.17690299	0.652703286	0.139471104	0.474337143
0.246274652	0.486009193	0.24326502	0.882311382	0.267816097	0.681540013	0.573067801	0.467442906
0.251988087	0.217902125	0.092590096	0.22446629	0.27929015	0.780363058	0.265164227	0.628428952
0.31014468	0.232543965	0.360049266	0.809188513	0.787809206	0.690041424	0.312031968	0.251334544
0.244237712	0.137773967	0.39583186	0.26314763	0.89996472	0.670131537	0.788942467	0.350785956
0.277342202	0.12444384	0.473850133	0.157631703	0.386170217	0.827661359	0.352931692	0.457423792
0.212308723	0.342410472	0.03658919	0.814689302	0.118178716	0.799760482	0.388113857	0.582456754
0.247390387	0.263203715	0.285286318	0.117931645	0.245367107	0.606186834	0.068504305	0.274318078
0.16723547	0.299211628	0.511914649	0.676105849	0.11508716	0.767384845	0.538395524	0.415542684
0.047291415	0.092644192	0.076273281	0.327110488	0.510100342	0.82045716	0.764414446	0.510222256
0.139549659	0.246508207	0.451435951	0.88817087	0.486986995	0.729251176	0.568418743	0.536621493
0.446247037	0.364388598	0.29115634	0.148350571	0.104454691	0.766079854	0.166033273	0.562743819
0.165417347	0.158071728	0.068214777	0.587173708	0.123192132	0.771929015	0.691698754	0.639689654
0.339285801	0.373661881	0.443344542	0.675595481	0.870703165	0.910807376	0.068394974	0.448962824
0.355608105	0.34275729	0.019502662	0.771195039	0.457863003	0.827773993	0.453187264	0.411294613
0.2109436	0.38246704	0.430779569	0.28867671	0.572489029	0.737223498	0.265051815	0.34879501
0.019586954	0.195259957	0.296655864	0.159262731	0.79865515	0.805652365	0.103267288	0.302963102
0.281857343	0.347580237	0.280521416	0.57818943	0.633291842	0.696896491	0.767199382	0.43259217
0.14940607	0.22226026	0.168522183	0.87154388	0.58091447	0.805534317	0.414233714	0.47699217
0.188353354	0.203117453	0.273994713	0.095851956	0.05864074	0.852226952	0.153073085	0.263990181
0.304998369	0.268260858	0.298897208	0.513720196	0.481251764	0.903445823	0.00182844	0.443908498
0.157165822	0.273497161	0.475560152	0.192895929	0.459518311	0.65764064	0.281559394	0.57069682
0.22776822	0.164540468	0.308229524	0.458114753	0.130989798	0.828040828	0.841432329	0.556234974
0.221898091	0.233841616	0.248540366	0.956298684	0.515502099	0.751508333	0.938562949	0.447834287
0.181919291	0.173176249	0.39673146	0.742133949	0.113965471	0.655106491	0.125709917	0.531322975
0.338548047	0.135261699	0.458977648	0.043245401	0.746608381	0.593150041	0.898435335	0.465122726
0.153552495	0.142865525	0.14407351	0.301090471	0.959588271	0.800840013	0.148826718	0.413624059
0.31498414	0.313267083	0.39740121	0.547742108	0.77421477	0.675408597	0.21811642	0.511874785
0.387728375	0.300581384	0.523623744	0.437929717	0.897182061	0.73333882	0.19003031	0.5318313
0.237564962	0.287255529	0.105501775	0.353609994	0.830170237	0.615320343	0.636524086	0.311638879
0.374706931	0.218231793	0.517404138	0.01188116	0.892385728	0.727563446	0.015997472	0.515454614
0.364831509	0.302157817	0.497279757	0.176102807	0.513443831	0.729319911	0.794895664	0.287258122
0.105714052	0.345319051	0.474535787	0.056669767	0.259846199	0.658363879	0.60413938	0.138913086
0.130583889	0.27984248	0.009695926	0.050116697	0.313301364	0.721344493	0.127675372	0.490208895
0.286905949	0.329567603	0.298968351	0.644004652	0.94358168	0.735149637	0.814133878	0.405811129
0.299447542	0.171742342	0.200516381	0.795842802	0.175050932	0.838741172	0.38098479	0.428933081
0.265261103	0.311262149	0.468038824	0.359791124	0.414650764	0.721859578	0.489905821	0.491554926
0.29710282	0.298177293	0.459951321	0.822083094	0.555932436	0.650693995	0.722736559	0.581030642
0.324302831	0.376549484	0.445540106	0.908648083	0.151083184	0.799123189	0.474589949	0.352961287
0.314294085	0.349519513	0.412497547	0.629967888	0.933483946	0.87249244	0.250187444	0.537366015
0.213140798	0.161511819	0.388491594	0.288666322	0.117609828	0.640602587	0.415753043	0.471486905
0.403531028	0.309554835	0.26600102	0.676371854	0.463289817	0.746775086	0.843919062	0.449776431
0.288169213	0.244179765	0.533881123	0.903074012	0.699201609	0.847917983	0.888753268	0.460307115
0.100475145	0.167359766	0.512961939	0.508576275	0.435201614	0.857321422	0.202929816	0.578391571
0.388814971	0.301363936	0.436213243	0.183333664	0.88859599	0.685796472	0.456651703	0.435340934
0.310551604	0.30912865	0.019189223	0.919637495	0.477406347	0.704148784	0.928568842	0.283520152
0.099835881	0.299106282	0.136083083	0.903823469	0.636545486	0.744981448	0.607855506	0.357331936
0.371402745	0.136968458	0.336977958	0.225351194	0.940650924	0.638164885	0.136896374	0.382079971
0.367896838	0.388631301	0.259645254	0.649331432	0.493755339	0.818784668	0.482796659	0.480995494
0.375169328	0.263226435	0.086174562	0.1054642	0.200314413	0.816707558	0.220280654	0.23223563
0.304110823	0.369433366	0.05476249	0.830470577	0.969488387	0.721033245	0.638950629	0.379644055
0.24314358	0.160047161	0.049897389	0.643250832	0.728975203	0.690044449	0.957708083	0.483194547
0.234390974	0.192123995	0.042989442	0.725775247	0.742158985	0.743647967	0.486135151	0.505386894
0.244292194	0.23934826	0.071506997	0.320364012	0.519992698	0.723241855	0.143289274	0.562269317
0.362879865	0.234671652	0.318480335	0.218028498	0.901083697	0.754699609	0.234044515	0.250611891
0.166711071	0.370207112	0.035422753	0.562821171	0.565850339	0.673902918	0.54454718	0.340066731
0.273384242	0.19540262	0.41292549	0.166351486	0.597910279	0.753502432	0.401906151	0.4252866
0.187961817	0.276780397	0.07677287	0.153902804	0.537035614	0.689886787	0.852824753	0.518990404
0.183768449	0.340451241	0.21972894	0.670941139	0.135766411	0.552205186	0.903481649	0.470097821
0.073769151	0.313135282	0.485565495	0.008043431	0.355825849	0.577713428	0.393622253	0.492368306
0.312664504	0.232094531	0.026168475	0.731598237	0.816527152	0.708304495	0.327994369	0.454053143
0.260768955	0.269243148	0.284839932	0.016230248	0.530695735	0.609534134	0.11145094	0.414108141
0.29985978	0.297010702	0.414129596	0.917306027	0.952826048	0.815068927	0.614575618	0.455424927
0.2138279	0.231703746	0.437341513	0.793116496	0.08712151	0.765768607	0.779381984	0.360745711
0.332599655	0.130058453	0.246262372	0.764704153	0.080843125	0.579238023	0.864420101	0.440162373
0.400678883	0.15707495	0.254599129	0.137718676	0.695753588	0.623232328	0.170046642	0.476451635
0.363765799	0.374592949	0.322739822	0.7203324	0.250350771	0.896242402	0.875729447	0.511443159
0.310064151	0.260036843	0.170517099	0.58923571	0.617648498	0.737424707	0.276616514	0.662819334
0.234468406	0.3287899	0.098743718	0.56154198	0.737075949	0.763996794	0.225616745	0.523304229
0.089435752	0.217506113	0.13318149	0.296041251	0.167692275	0.748411208	0.214760759	0.324633574
0.21194174	0.279476148	0.169459162	0.611466966	0.10201773	0.827807979	0.593021496	0.340959363
0.298195442	0.179901555	0.238290793	0.566005308	0.50782768	0.729899099	0.793744553	0.121015854
0.297841394	0.20565473	0.203802761	0.129164147	0.738464564	0.801332412	0.620635083	0.631831778
0.260915212	0.447122213	0.352407418	0.352302091	0.140827237	0.692819229	0.647649963	0.489182398
0.108944314	0.203965012	0.259763783	0.962736722	0.147625941	0.776437708	0.721870708	0.285258818
0.23655358	0.287171037	0.516535542	0.969679273	0.401085005	0.820708389	0.017750155	0.272481982
0.322136924	0.368514342	0.406785134	0.746678067	0.993127245	0.797729484	0.561866763	0.385713552
0.236271079	0.148561578	0.486994786	0.882494697	0.986428688	0.788229451	0.308344636	0.619920863
0.221633606	0.255620112	0.261444065	0.609989566	0.738162547	0.620140608	0.955239891	0.675210409
0.232909538	0.335952572	0.333516747	0.639055644	0.289575454	0.906937928	0.429112117	0.515123003
0.278755973	0.256542656	0.226724224	0.5439157	0.095983687	0.77003113	0.662666453	0.275457541
0.207202823	0.319250421	0.438212242	0.862228389	0.330830642	0.753674781	0.902214204	0.456734581
0.125286179	0.241505088	0.480334581	0.894311663	0.959453601	0.656752556	0.767276078	0.647949423
0.406545758	0.307477813	0.392428089	0.522353497	0.387830592	0.813682306	0.574369531	0.437288945
0.175104978	0.649839003	0.302703074	0.582115388	0.525146335	0.682842621	0.38069073	0.602926586
0.138702432	0.233313517	0.036891538	0.886994546	0.293487061	0.598450203	0.480865022	0.490495135
0.277557111	0.215746926	0.438223527	0.359893484	0.621971386	0.763379859	0.205751321	0.245225095
0.135054824	0.305836388	0.155098592	0.172940369	0.606196029	0.700823786	0.443405675	0.505502833
0.233004749	0.2709862	0.018567688	0.844160354	0.299023683	0.755334496	0.138225581	0.392168905
0.411394107	0.210860848	0.381939917	0.884681282	0.684196058	0.700690869	0.717487172	0.406820413
0.157531583	0.283839478	0.462689223	0.281257269	0.020331093	0.683301218	0.053765675	0.519833944
0.085090955	0.057646837	0.505481876	0.446090986	0.463132118	0.75709463	0.812897947	0.526337014
0.339960226	0.263488468	0.322381381	0.472624249	0.52240084	0.786958006	0.721012655	0.507376456
0.280146208	0.356458904	0.207057928	0.790811433	0.175279868	0.786897298	0.59844511	0.361166085
0.359031595	0.21005508	0.404641291	0.639797231	0.042836093	0.828233558	0.565107322	0.407314918
0.487092802	0.281018549	0.533260323	0.873339414	0.132960717	0.762463162	0.164892174	0.370130019
0.221983117	0.302272649	0.078753857	0	0.887933399	0.853166649	0.157606832	0.605496783
0.21220452	0.333756373	0.122043899	0.011632914	0.362592651	0.847461969	0.44214249	0.483062929
0.338283116	0.209088137	0.052718835	0.142821329	0.653303638	0.719028384	0.55895404	0.423825099
0.46114473	0.31577405	0.25452294	0.663056514	0.678392602	0.789489294	0.615107256	0.316746756
0.221814352	0.521749049	0.462149573	0.920078093	0.400714329	0.731387053	0.272820698	0.574301663
0.290218497	0.211279453	0.352154812	0.870820145	0.232115447	0.6929825	0.887101814	0.489674813
0.738007968	0.698114223	0.84245113	0.298746875	0.23163273	0.271558515	0.067595652	0.93064122
0.801833761	0.713828959	0.782255654	0.29379158	0.130204774	0.69090692	0.51207926	0.968922215
0.531744361	0.706179247	0.766424194	0.159063269	0.75944609	0.576843915	0.154400536	0.912982712
0.60300288	0.654348392	0.784636563	0.220247355	0.078642472	0.098462813	0.597752485	0.805287768
0.691222256	0.810182464	0.779886515	0.252009928	0.58164054	0.638500158	0.558143486	0.540861942
0.715414449	0.70868864	0.806296234	0.305598629	0.553948002	0.337864361	0.127540732	0.458245281
0.770733964	0.611104652	0.711519394	0.24457952	0.467158916	0.641138982	0.534226408	0.852744308
0.8442678	0.804660454	0.913143944	0.246734847	0.482312326	0.452912492	0.311438779	0.860582843
0.64714294	0.821140594	0.784342791	0.239217004	0.045067693	0.346592773	0.816629933	0.52553875
0.696028505	0.806257109	0.82481457	0.300993258	0.079035078	0.291122797	0.186073694	0.755469142
0.745544056	0.762793577	0.82687142	0.263428712	0.744408953	0.185684337	0.399761005	0.463872816
0.774315959	0.880602218	0.71768589	0.262409219	0.721472412	0.030304105	0.310352503	0.734219869
0.723570721	0.663357648	0.762089613	0.267724897	0.173381915	0.459428687	0.882524694	0.518054553
0.766773694	0.671396188	0.854212289	0.266293936	0.894155177	0.612644874	0.782322447	0.830469623
0.853179231	0.759169832	0.746128515	0.312178649	0.258434212	0.345317981	0.312829269	0.839353141
0.722891569	0.75025769	0.823123203	0.263212127	0.755157536	0.113409448	0.063968952	0.654416002
0.712526358	0.782324543	0.777382685	0.25285752	0.541095678	0.569856675	0.766029752	0.989376933
0.698204354	0.637593132	0.85851418	0.287936051	0.810500424	0.706741434	0.36948789	0.735214143
0.522784837	0.679450315	0.769454692	0.201265404	0.029404928	0.078504085	0.540952318	0.992986746
0.696847319	0.746168609	0.791292585	0.184114274	0.566512734	0.744182077	0.875664515	0.55587516
0.786352171	0.740902463	0.829062918	0.260385493	0.263915854	0.517606592	0.243066855	0.488302134
0.824407623	0.697383994	0.835492363	0.315072986	0.13323177	0.512296682	0.939066417	0.85254211
0.829226723	0.769000464	0.872105388	0.28623782	0.2767766	0.671242266	0.10400773	0.949839334
0.759158026	0.594767508	0.756180113	0.352345604	0.517556337	0.369015876	0.428989456	0.784174309
0.781206331	0.713570356	0.709019124	0.191473404	0.097388712	0.722426824	0.285611205	0.48134065
0.723878929	0.742118398	0.826959512	0.218243516	0.478664501	0.728824946	0.752635225	0.665200568
0.711869709	0.945378233	0.882436191	0.322418989	0.476410869	0.506417781	0.025325328	0.633714149
0.724361639	0.710581327	0.815669318	0.218836722	0.280166634	0.547086474	0.945523995	0.647312669
0.674317105	0.789731177	0.684023093	0.276708787	0.165147708	0.283931833	0.362755421	0.87834668
0.698006598	0.569395278	0.808905204	0.341827574	0.789870358	0.689489714	0.671374976	0.781239443
0.791094939	0.585495767	0.795218099	0.226039706	0.581675152	0.339361289	0.533373465	0.731069772
0.626548592	0.813805162	0.786633387	0.296130995	0.318367095	0.107052059	0.908851925	0.553107377
0.674371781	0.919199566	0.805442656	0.182661545	0.856836102	0.452457394	0.159030197	0.948669509
0.796204522	0.854313502	0.768992366	0.219460282	0.117538244	0.652839198	0.536158868	0.874706906
0.579016768	0.731026587	0.778954846	0.259288595	0.143538886	0.59714272	0.635854697	0.690723303
0.679089879	0.660280833	0.857680885	0.265553127	0.561371472	0.036329552	0.383380166	0.765954088
0.744105831	0.756743481	0.747141469	0.253543883	0.45309735	0.706206597	0.321382225	0.721672259
0.684663611	0.585993128	0.806432714	0.20053654	0.827635716	0.357925204	0.902268852	0.71350216
0.742571833	0.698583661	0.892724021	0.25815233	0.005428091	0.331679052	0.882655971	0.965523779
0.620856971	0.73527532	0.848184766	0.235213231	0.247230056	0.755370073	0.027750353	0.515682694
0.628673173	0.65073756	0.779803643	0.293721446	0.711176538	0.125298105	0.847696701	0.717594382
0.69056829	0.799161528	0.78448633	0.234481939	0.569469538	0.604432529	0.39373413	0.840344237
0.808885485	0.767329611	0.816127333	0.247887658	0.076244414	0.595263386	0.283343112	0.503388514
0.540518068	0.79801323	0.707546864	0.1954646	0.212061713	0.368935798	0.527797995	0.674722899
0.650630719	0.883019606	0.773656619	0.268007166	0.800426044	0.152291223	0.873578755	0.575066036
0.698022525	0.777145957	0.817089131	0.222950891	0.502902352	0.425358053	0.1551177	0.702706474
0.764377957	0.719800206	0.854168267	0.32279292	0.79143375	0.476109039	0.089046128	0.922776234
0.898503018	0.701571131	0.750378444	0.264818872	0.016224492	0.678208282	0.175136078	0.498874052
0.634986834	0.686091637	0.930522086	0.346589541	0.467123854	0.746176235	0.909690266	0.90065456
0.706266462	0.686439893	0.685514378	0.254443608	0.983962292	0.336651162	0.030008155	0.788835047
0.608925414	0.702238059	0.886383652	0.279798826	0.917772651	0.323070763	0.731179958	0.658949625
0.617412417	0.785393803	0.75360204	0.274234762	0.629990301	0.356114712	0.269487074	0.515112381
0.595572984	0.637451185	0.832095824	0.096730679	0.656856109	0.646675638	0.341976846	0.949476498
0.775518676	0.910085879	0.725501965	0.311309673	0.592487602	0.318022557	0.448073544	0.560724478
0.735110087	0.882111406	0.784606865	0.195613545	0.839623119	0.758325059	0.311934256	0.883820094
0.852086963	0.64972536	0.697994969	0.230276484	0.313424309	0.126343112	0.182935493	0.568732348
0.618060349	0.796678369	0.840305634	0.199967135	0.920503612	0.441052048	0.516538495	0.663689887
0.734338622	0.606239136	0.854754096	0.337885399	0.762810208	0.572215529	0.308000797	0.936470999
0.562710916	0.795438603	0.665310633	0.248719683	0.757602475	0.077223836	0.014962955	0.645616718
0.723844604	0.801453986	0.805906646	0.264973993	0.786563033	0.508199829	0.312124144	0.912313741
0.692539577	0.798115788	0.856310424	0.30291569	0.327830254	0.728633252	0.391927854	0.972194438
0.822258204	0.79785137	0.772988117	0.192213092	0.392484816	0.34957924	0.407079418	0.523072472
0.671853111	0.541154721	0.80029427	0.312365401	0.365547615	0.25651099	0.399825721	0.861493775
0.654649993	0.720528857	0.81506402	0.217445311	0.217843078	0.503844195	0.390454822	0.497116032
0.717636093	0.697172302	0.801336599	0.23542115	0.080805576	0.037959309	0.830651683	0.530355479
0.791271928	0.801137748	0.799159511	0.205290061	0.493098212	0.289032548	0.003185451	0.824584664
0.704609361	0.903623188	0.794552633	0.176388124	0.987904025	0.346058286	0.874860596	0.858190598
0.636806011	0.751035152	0.869347384	0.304274166	0.107188733	0.365419721	0.559066472	0.880373227
0.688380295	0.626533176	0.770249324	0.20800128	0.724292538	0.52027549	0.412452688	0.523873478
0.585912716	0.61698864	0.857292507	0.313997722	0.410685895	0.728838482	0.857649575	0.527225847
0.816145848	0.678907093	0.696498345	0.31136052	0.764451348	0.138598055	0.664292624	0.705770603
0.706515742	0.688708333	0.734139398	0.307035298	0.591314773	0.145915948	0.909946539	0.746189777
0.658560167	0.580890334	0.904393596	0.19612718	0.651257486	0.15512905	0.024260917	0.496569579
0.748306782	0.712036129	0.875011528	0.231718437	0.04482566	0.492764671	0.514082629	0.499681923
0.696767111	0.754538784	0.779521895	0.24913687	0.175652826	0.105545071	0.633802431	0.484557442
0.665692795	0.893056655	0.806967784	0.280598724	0.262100078	0.165352898	0.094798849	0.76696796
0.740960318	0.648910957	0.741634148	0.218243658	0.027150515	0.196349966	0.600368964	0.665874484
0.623880831	0.703447322	0.818958666	0.205335453	0.348381103	0.208699716	0.622619144	0.681921006
0.530314076	0.795688123	0.757488969	0.216676054	0.169197126	0.305647828	0.072392207	0.613284543
0.735668642	0.78331779	0.804021181	0.253765529	0.297518732	0.619852643	0.240391539	0.785141876
0.636976387	0.660721567	0.758192715	0.213340258	0.523937922	0.673372484	0.647596982	0.9139287
0.658514249	0.593023725	0.702569061	0.265269418	0.079637061	0.451412605	0.698884108	0.672610926
0.637183849	0.849458619	0.773620682	0.257716379	0.011656058	0.103953591	0.06694694	0.583075467
0.539631785	0.686970771	0.743506506	0.256299283	0.384374476	0.206541113	0.551690683	0.675709825
0.78570865	0.684057749	0.856477979	0.161202456	0.271746456	0.370459618	0.183808959	0.563447464
0.698657247	0.71426582	0.830832734	0.175751647	0.390683175	0.450967426	0.404605344	0.894581351
0.696462912	0.817586743	0.840382426	0.284688673	0.47516495	0.712923308	0.591977438	0.518809958
0.711084612	0.715619615	0.899343711	0.166286373	0.727546431	0.582738649	0.674802968	0.544539471
0.598231745	0.836811493	0.800260993	0.268127214	0.819417481	0.367913785	0.537246538	0.543113308
0.830993267	0.788862308	0.798922962	0.257360615	0.761455537	0.478023601	0.628407427	0.760911879
0.579663523	0.63978368	0.837018453	0.217264521	0.064571665	0.351939773	0.263557762	0.773453045
1	0.695449768	0.75084706	0.294855547	0.444209127	0.206857281	0.020409893	0.986382212
0.545399226	0.777410308	0.832186922	0.369067131	0.903770958	0.274311073	0.210581061	0.694290832
0.763981269	0.593691508	0.784184743	0.349766993	0.325581657	0.077669532	0.105777602	0.854277001
0.708181573	0.833527918	0.731479733	0.282756743	0.008539887	0.128266634	0.463227904	0.823600857
0.609623206	0.682731021	0.843556684	0.234817514	0.862069872	0.389289506	0.348215355	0.88601379
0.733610553	0.762020375	0.870818767	0.220224959	0.816748488	0.419515609	0.52538234	0.631502209
0.828340925	0.870475362	0.836411854	0.230188129	0.773468155	0.678158113	0.276304276	0.536937134
0.707227727	0.717387844	0.756922434	0.241828378	0.007303329	0.227674496	0.309487209	0.842571412
0.737108942	0.805056892	0.778882993	0.163827827	0.200930475	0.507267052	0.202443848	0.72592348
0.78471772	0.742395766	0.751595229	0.24704755	0.831574594	0.307947737	0.711866222	0.733625144
0.722244136	0.746086691	0.809987909	0.273892143	0.671932713	0.012550484	0.284869827	0.65701859
0.659697094	0.687389807	0.874814725	0.280307099	0.450885385	0.322013689	0.757431285	0.846823644
0.701914378	0.764426526	0.913000459	0.214048356	0.500143375	0.609542702	0.916028441	0.756074822
0.718045272	0.663000751	0.858765372	0.286001146	0.677378539	0.253735538	0.536264922	0.755712511
0.744102068	0.647803289	0.862529243	0.248988672	0.490074442	0.364091917	0.74921339	0.807280869
0.753179663	0.707743767	0.787783177	0.247970068	0.642476071	0.103959276	0.436965702	0.602826712
0.664459128	0.657395954	0.789318959	0.195512699	0.796816291	0.568964047	0.735104053	0.933338525
0.633613311	0.730499478	0.883100028	0.271635522	0.181218008	0.542673088	0.280438397	0.920044247
0.776388032	0.500412475	0.801366478	0.177708618	0.670734421	0.536691265	0.756398863	0.878455569
0.681097839	0.651634667	0.778570238	0.163590624	0.650810826	0.13089774	0.45644458	0.762371195
0.753048723	0.841693768	0.798576797	0.205435552	0.207304737	0.357028738	0.919813763	0.974291447
0.680891226	0.752799262	0.880159222	0.23432305	0.631229547	0.285779867	0.761263564	0.871463962
0.626543641	0.741255296	0.808485979	0.214899619	0.661206141	0.332361267	0.938705329	0.984936724
0.705968611	0.825434864	0.832077762	0.311353531	0.118072129	0.428843953	0.209785437	0.915683395
0.69191908	0.688083988	0.745458392	0.174200774	0.331117967	0.60527724	0.884282428	0.773702303
0.543441373	0.803837623	0.706182539	0.235224963	0.156138877	0.254534114	0.699150091	0.666610386
0.771604116	0.657601346	0.696910732	0.210995797	0.61292081	0.596268715	0.988245188	0.605393792
0.59939158	0.767565711	0.795485312	0.240392754	0.462573082	0.258099033	0.604602579	0.73349027
0.863067771	0.688957824	0.704658631	0.296822088	0.139424161	0.633945988	0.068287225	0.682195018
0.791899687	0.618852139	0.753220085	0.204606396	0.087105947	0.123388605	0.2691882	0.616875059
0.649023486	0.681160366	0.831821117	0.331204018	0.631715313	0.55017894	0.774197555	0.926424628
0.710799208	0.838354372	0.893800652	0.175018998	0.674426117	0.441004062	0.209756513	0.745131897
0.795271543	0.774394037	0.787073622	0.332438148	0.852571451	0.436141253	0.800308847	0.874521509
0.880569564	0.75367072	0.806408844	0.278373792	0.802320381	0.617780617	0.549541985	0.781149608
0.794402333	0.808954809	0.741381363	0.227436943	0.127026195	0.620482244	0.473038162	0.771968149
0.703372509	0.730842531	0.903109188	0.322270804	0.390853115	0.163730019	0.273430964	0.729591842
0.784879944	0.772543826	0.788239206	0.30782818	0.192585393	0.195528295	0.714938065	0.989310319
0.664321058	0.81291823	0.826654107	0.2732025	0.88078557	0.141039337	0.378776364	0.81108739
0.714881875	0.686757683	0.833804678	0.175324739	0.985720114	0.630705134	0.586017661	0.934999726
0.535197905	0.682427482	0.82145952	0.291459916	0.122543897	0.381291791	0.662194026	0.555821745
0.538379977	0.774209628	0.891277731	0.361842341	0.388605927	0.080664862	0.184370879	0.586702086
0.676926424	0.667028115	0.838420842	0.331634976	0.960354512	0.751006814	0.756778668	0.469420304
0.662312184	0.827448749	0.810137539	0.188443425	0.556790437	0.029328386	0.033381218	0.956057573
0.648238074	0.737314833	0.843874625	0.26673925	0.6835095	0.119844395	0.867708061	0.945316298
0.578764965	0.71462978	0.836575983	0.280621357	0.2836227	0.33292629	0.93485662	0.469709375
0.723751434	0.78375628	0.874461084	0.309896765	0.711569646	0.584152667	0.074522645	0.902538425
0.841826813	0.568737108	0.925483218	0.155059622	0.63997974	0.267635198	0.302975558	0.519973737
0.547690788	0.705454716	0.760483218	0.210714842	0.7931737	0.477805969	0.837420611	0.577036167
0.805316493	0.793359783	0.727141632	0.306307771	0.71989223	0.518360576	0.615561616	0.853005009
0.693321182	0.847674241	0.733024118	0.315896384	0.084092188	0.470238336	0.217133461	0.947383567
0.684825334	0.840080235	0.78119274	0.226329242	0.253083885	0.156254173	0.832754761	0.574018926
0.692754023	0.794556787	0.746853278	0.229289605	0.973782475	0.744684008	0.534792225	0.715228105
0.709751385	0.743108489	0.832384127	0.189729802	0.644164338	0.36198904	0.608686762	0.5404964
0.740716639	0.66496312	0.843035218	0.318033399	0.010513333	0.654882937	0.472765528	0.647406826
0.489552113	0.801868405	0.820958727	0.271801347	0.027571844	0.533726998	0.957106254	0.683794821
0.777300448	0.654694924	0.803096972	0.306089964	0.558294117	0.736940993	0.136956711	0.542175948
0.56793744	0.743831905	0.759297947	0.129763635	0.812724048	0.070537301	0.605076914	0.815328264
0.663629716	0.446373035	0.724462188	0.209607461	0.472975472	0.440074559	0.112114301	0.790369475
0.695874987	0.702015391	0.687534622	0.242912376	0.020068439	0.565750924	0.642122729	0.574405763
0.744561266	0.684227604	0.71291193	0.318856976	0.171346215	0.597708574	0.182763704	0.543178337
0.610761948	0.830583287	0.874558317	0.2557812	0.659955875	0.578718989	0.672669333	0.679203234
0.810762205	0.771272039	0.736426485	0.18740248	0.381472984	0.118057856	0.676489783	0.901074519
0.616926015	0.735987488	0.884896765	0.213816163	0.336378783	0.014533583	0.147095487	0.813794286
0.695148225	0.820670468	0.801541022	0.301864261	0.693372157	0.615859565	0.297889806	0.729545858
0.674968709	0.762641992	0.785035499	0.32827115	0.671354322	0.728129763	0.930642143	0.733565548
0.60198451	0.69423464	0.814399144	0.305859646	0.062391501	0.109257881	0.812320579	0.635069533
0.738574425	0.798328314	0.77118545	0.281446871	0.463790703	0.741406476	0.957175655	0.606722306
0.696848563	0.883069103	0.805322367	0.22943753	0.476133778	0.710233876	0.636170129	0.83915279
0.609944137	0.726463369	0.817726826	0.285722533	0.777953038	0.202052015	0.150281056	0.646346131
0.815597505	0.80097537	0.778037638	0.239647675	0.349119741	0.284242088	0.543343645	0.93811524
0.777177754	0.743061114	0.799422577	0.236901496	0.502449538	0.73183518	0.313862081	0.884092573
0.685894751	0.791606553	0.829596908	0.261108058	0.232465803	0.23106132	0.111524555	0.852138015
0.69439623	0.785143751	0.770272154	0.268941079	0.064023708	0.245696703	0.636635518	0.502575014
0.819867453	0.757441641	0.893302321	0.218707649	0.899449739	0.137044021	0.607910104	0.541313826
0.568696127	0.81600671	0.64260725	0.31880225	0.623213288	0.430399433	0.477038842	0.637961284
0.790926657	0.833067281	0.774836404	0.359808243	0.68811543	0.656530022	0.133610565	0.98315017
0.552258801	0.794207247	0.877821106	0.201900195	0.541132816	0.195421768	0.82627467	0.808840335
0.805696161	0.802302875	0.772096594	0.308401204	0.163460584	0.527272937	0.545803912	0.614063945
0.72059172	0.808578689	0.792387948	0.228808583	0.734291839	0.73203827	0.041633336	0.46065517
0.796681366	0.730672953	0.852168334	0.218235078	0.575465531	0.385215158	0.240021043	0.489937431
0.656236691	0.841529126	0.821761398	0.279674284	0.997879736	0.453341356	0.912760644	0.728157826
0.719884476	0.86554402	0.781370957	0.196631552	0.918782486	0.506229787	0.292710717	0.624180812
0.570609371	0.658346208	0.819164642	0.232257411	0.748376401	0.377823192	0.246815573	0.502497401
0.563846234	0.722630344	0.708439653	0.19686392	0.179319568	0.5352291	0.132991654	0.693993241
0.861154599	0.679681399	0.789243679	0.311748727	0.061975096	0.574368639	0.185901164	0.686010096
0.573563165	0.753080995	0.893145647	0.212053357	0.276366784	0.312162129	0.606461141	0.84699567
0.685182983	0.645598974	0.753626181	0.288034991	0.195490443	0.14657805	0.414816627	0.859648906
0.799533658	0.759154203	0.849356792	0.304063978	0.683876578	0.414887855	0.280767247	0.65092519
0.804739423	0.694149945	0.814611152	0.242674574	0.66967354	0.147694708	0.198133079	0.912551258
0.771700436	0.782011566	0.810945276	0.201979964	0.443280986	0.648068823	0.730561505	0.963610415
0.686390946	0.839092655	0.850679568	0.327951538	0.932724845	0.65507743	0.368173198	0.969840003
0.709582009	0.838288601	0.767816285	0.261963918	0.426462249	0.064626619	0.404542006	0.670066529
0.644286927	0.891352925	0.750926305	0.25509867	0.645770075	0.017865002	0.107389278	0.813562916
0.716831748	0.891894034	0.79733201	0.268551545	0.105040279	0.591271461	0.16562834	0.493279475
0.751685101	0.653446538	0.838713904	0.209842091	0.81303258	0.266495195	0.723313793	0.673984368
0.777937228	0.755950776	0.822403354	0.224324039	0.343886254	0.007511363	0.712638723	0.87251459
0.637856123	0.81503839	0.78926901	0.214948171	0.541829156	0.234722476	0.442781305	0.937787058
0.644881185	0.715600256	0.758510983	0.355689275	0.437304153	0.388280435	0.160536218	0.484860744
0.621289847	0.815928952	0.817672221	0.301590623	0.146638215	0.4959457	0.309360051	0.988335736
0.766358687	0.67381472	0.860964736	0.243232301	0.949344477	0.401082056	0.665712991	0.788476764
0.76059109	0.834354224	0.761831025	0.301101674	0.795389278	0.214681116	0.101468908	0.623935436
0.714726387	0.617398824	0.813489339	0.248971275	0.764329923	1.11022E-16	0.794798354	0.590870964
0.599989493	0.877958565	0.854012689	0.274155498	0.214250863	0.080049448	0.755667565	0.455110131
0.645124292	0.762539165	0.880184698	0.177277166	0.14410368	0.384746618	0.654208376	0.892624605
0.790169436	0.831506286	0.8062571	0.239466241	0.150565498	0.369311319	0.50994739	0.692973169
0.798858314	0.714521963	0.855365253	0.263188277	0.673746169	0.202451379	0.588796034	0.972833552
0.684081827	0.735770379	0.863339681	0.255061013	0.386152063	0.62825663	0.649872452	0.918131064
0.708331251	0.918809316	0.823254901	0.263865117	0.778710685	0.375959185	0.524153511	0.84484243
0.627878669	0.872801338	0.699727791	0.245369289	0.27288502	0.568006255	0.250480197	0.786820809
0.704717117	0.598764039	0.822711125	0.168709331	0.342702012	0.510264676	0.48544892	0.59779689
0.803793342	0.747645679	0.84916368	0.203391974	0.56302996	0.124770214	0.885080687	0.861060083
0.810821724	0.783146022	0.812799877	0.146414031	0.839899323	0.152299489	0.866038932	0.908570466
0.615578698	0.766397809	0.775197033	0.201364197	0.367361931	0.015571432	0.537750026	0.581484943
0.79387074	0.69995374	0.730293582	0.214622567	0.448345678	0.258559194	0.699468737	0.927125324
0.706671514	0.66862157	0.760237706	0.268094098	0.941142234	0.513672426	0.096752387	0.932958556
0.777326686	0.672146094	0.792794011	0.319540372	0.497527417	0.121171684	0.902729584	0.78871919
0.696907409	0.722673746	0.82481326	0.302253211	0.774592992	0.758665474	0.343729403	1
0.670458763	0.732345197	0.866422388	0.296759323	0.004426927	0.156086789	0.45374666	0.990621514
0.804708563	0.758834447	0.742199534	0.222432665	0.213800006	0.277033494	0.241498205	0.992129641
0.737460133	0.953737112	0.822616345	0.227856138	0.715461222	0.196107238	0.545889085	0.811053549
0.761497239	0.841402077	0.797399065	0.248158942	0.184213334	0.126881612	0.723786882	0.933887885
0.745649844	0.861690352	0.848276114	0.221480981	0.810603942	0.151541019	0.431045383	0.634540282
0.829514077	0.632946219	0.802145431	0.331079595	0.628605221	0.729251536	0.814237925	0.562846369
0.646391035	0.798326514	0.82984403	0.201300553	0.76526767	0.146816245	0.854985991	0.540937711
0.658859455	0.792359915	0.814088594	0.184094574	0.616908283	0.141014784	0.017561027	0.981769911
0.690101071	0.793053844	1	0.235066526	0.621392709	0.387274064	0.953564467	0.820986287
0.642323377	0.862778157	0.877236	0.159765749	0.211099354	0.467502003	0.939398867	0.985030058
0.737429542	0.66405495	0.839916511	0.221688133	0.135585077	0.087591888	0.300822401	0.65357723
0.547139436	0.710106745	0.922804578	0.192617433	0.844053506	0.234493048	0.842466061	0.795822516
0.739148812	0.874028522	0.783487344	0.220762745	0.365284396	0.167536604	0.096699275	0.724502029
0.675300175	0.675168559	0.8162765	0.173079862	0.128163522	0.176294739	0.196533609	0.619723181
0.594568994	0.837081029	0.818737328	0.217281769	0.92070914	0.408604843	0.330918757	0.895839051
0.827844894	0.648406824	0.705471871	0.22272982	0.422586834	0.388224929	0.089455063	0.816694937
0.723635197	0.644782289	0.90535861	0.236786017	0.596554366	0.037568188	0.974223189	0.848564781
0.795606369	0.964290852	0.823413568	0.259220814	0.965914532	0.247667127	0.884050412	0.654524033
0.774946131	0.642978407	0.756938435	0.250130644	0.788303014	0.253977292	0.784810454	0.480207632
0.802066702	0.68135502	0.788688984	0.251151712	0.261188526	0.004952295	0.195495364	0.643501702
0.833661182	0.656712734	0.781399749	0.163863781	0.762434547	0.6112881	0.591537549	0.861557931
0.821049441	0.669571954	0.812276884	0.211739516	0.459644892	0.118954008	0.785424258	0.919702222
0.687210301	0.754618657	0.794744619	0.285201136	0.422231193	0.592322791	0.946429522	0.913946133
0.833745133	0.766893012	0.78226225	0.258734661	0.643982237	0.106772124	0.445010855	0.986236622
0.617248923	0.776900573	0.928623397	0.243300865	0.678855255	0.460247951	0.778786003	0.74493945
0.856510996	0.762830245	0.789725976	0.268675832	0.734050851	0.026540869	0.91709718	0.833337555
0.536969457	0.771162012	0.820510095	0.259921724	0.965538774	0.115795147	0.829783008	0.669226363
0.630307355	0.832440608	0.893624579	0.314652687	0.083107009	0.461807811	0.712187026	0.965941307
0.779259792	0.658768841	0.748223544	0.325862282	0.287982615	0.744506648	0.852038276	0.502154539
0.834835856	0.732929253	0.817671021	0.235280909	0.928415202	0.644836885	0.489377331	0.938780598
0.559551652	0.727976634	0.819947551	0.209840065	0.28083274	0.143541319	0.637508626	0.939683183
0.601341506	0.83262569	0.803750778	0.204259279	0.164237556	0.686596069	0.739446287	0.673361146
0.693604782	0.804976334	0.795577072	0.227258588	0.078965399	0.650549213	0.209543454	0.602797805
0.600104579	0.791284181	0.827351453	0.330340831	0.74938455	0.713259249	0.127424478	0.559303679
0.787189334	0.784577941	0.840442409	0.283421655	0.539846759	0.107920704	0.547030425	0.890705567
0.727652353	0.888656952	0.790845655	0.199442521	0.07789549	0.072161411	0.908930425	0.721553435
0.553256083	0.60282108	0.896153772	0.254453619	0.611577345	0.141915412	0.47829291	0.944347738
0.82278945	0.808001944	0.835063225	0.158637693	0.553899641	0.358424905	0.412919747	0.577625091
0.653978069	0.894172553	0.871660467	0.168380698	0.534292387	0.140440735	0.233451139	0.786248208
0.803181874	0.481918046	0.670222777	0.256187563	0.88746698	0.200562356	0.799437345	0.525211934
0.746067818	0.741881513	0.714602182	0.250731445	0.441403558	0.625341157	0.337459577	0.702258462
0.688250724	0.9109347	0.804046264	0.250850782	0.099118117	0.186389971	0.000402973	0.776124676
0.682962631	0.852181842	0.789419949	0.248877842	0.463698793	0.4232506	0.947106996	0.701362205
0.671485073	0.744168152	0.816606011	0.279279061	0.158855208	0.250727106	0.222590059	0.547991341
0.600460736	0.711600763	0.767976359	0.231972383	0.572207444	0.321723707	0.677471243	0.883494572
0.766626894	0.571635538	0.846409755	0.273141	0.76210402	0.463350617	0.534514672	0.576085094
0.542700025	0.717107498	0.790823497	0.234739353	0.858575773	0.193915083	0.219933826	0.873339688
0.586146383	0.692576632	0.851416315	0.208717653	0.624287016	0.172928815	0.791249403	0.70835637
0.633356532	0.854659802	0.854986805	0.233020552	0.549576595	0.277871719	0.496894525	0.576695285
0.682146309	0.664960618	0.717134107	0.227765809	0.078423791	0.469373588	0.622447495	0.570634389
0.637122733	0.65880594	0.752388208	0.210927688	0.302959784	0.707495929	0.369515382	0.641251099
0.774360027	0.770806846	0.775686583	0.267192477	0.180792231	0.163200434	0.536157036	0.571179615
0.836538757	0.853438659	0.779024725	0.297245178	0.587589833	0.288543388	0.032250411	0.964096059
0.884695047	0.763820197	0.776541392	0.260725659	0.460490731	0.062486857	0.547374459	0.713949256
0.890134658	0.595791597	0.850316053	0.277717327	0.122988689	0.709050202	0.189309306	0.540886252
0.632727651	0.658013914	0.735220327	0.213270332	0.968956624	0.242118482	0.757672124	0.614309109
0.589771801	0.700310585	0.832383154	0.218040659	0.963007763	0.036092788	0.922158558	0.592796047
0.77642538	0.739599056	0.791973016	0.193942234	0.117397869	0.555904387	0.8331112	0.715838609
0.724514655	0.608084367	0.794044617	0.140801061	0.232860968	0.493115436	0.400246363	0.849413628
0.767719904	0.646599827	0.847165148	0.320637433	0.358425466	0.106864249	0.069921635	0.796372234
0.778627421	0.706572276	0.835403744	0.243270312	0.79551046	0.096462232	0.935108434	0.522805672
0.809578818	0.847286263	0.772898925	0.275847279	0.798388019	0.538073904	0.788544593	0.896579983
0.880133828	0.747203407	0.793938603	0.296793678	0.384250383	0.336785946	0.261009691	0.785904418
0.622853808	0.682503388	0.814444368	0.251799663	0.016230663	0.335653444	0.147126444	0.755689897
0.67855092	0.67784217	0.771907659	0.206249128	0.233418941	0.192758628	0.415019099	0.721341873
0.809352886	0.876550399	0.770486644	0.268755753	0.33755334	0.08052417	0.613465601	0.58589518
0.667879015	0.732584948	0.74409317	0.236120889	0.320357738	0.676552891	0.708863403	0.629577413
0.582247852	0.778009698	0.83239202	0.232083326	0.369545242	0.510746348	0.350470137	0.704833434
0.664850178	0.846244385	0.80958588	0.250078744	0.704126591	0.482063763	0.704030278	0.703009545
0.79082628	0.730270465	0.735866655	0.292635367	0.007355139	0.619385034	0.434931237	0.666824885
0.586792745	0.766886466	0.895374981	0.250293081	0.178566718	0.383543097	0.669696592	0.527413851
0.593511861	0.699028977	0.790567335	0.236335102	0.949123103	0.754850436	0.439297206	0.60529275
0.819883092	0.827091683	0.812505888	0.244480206	0.640439554	0.354213277	0.453984777	0.68819173
0.727246395	0.560767765	0.767592584	0.225125807	0.228143335	0.078355541	0.738671442	0.585969254
0.737649116	0.664805016	0.746454089	0.253984942	0.609741689	0.489899911	0.460196992	0.811712935
0.565131419	0.829349661	0.72911065	0.423767543	0.711427825	0.532831518	0.228014025	0.501304908
0.634094517	0.61737218	0.730270799	0.304099159	0.485761012	0.227853498	0.012717949	0.744280674
0.672027477	0.818070739	0.760471146	0.264069925	0.556555181	0.230099235	0.57786871	0.719890955
0.868690585	0.899884583	0.822724509	0.274292668	0.210450772	0.72239682	0.344449666	0.705641894
0.687517833	0.862641331	0.820382862	0.13101576	0.354660975	0.569908465	0.745025463	0.832812314
0.690700671	0.579851413	0.771184494	0.101490321	0.410721431	0.01713848	0.416209155	0.785823277
0.906925097	0.47455685	0.837987567	0.329072219	0.885906739	0.322352903	0.012803197	0.708776507
0.666679889	0.752802239	0.823096144	0.257999016	0.221464059	0.334978591	0.111408451	0.709975137
0.688795641	0.75424522	0.822198729	0.33795788	0.928040014	0.331481211	0.273205996	0.971148943
0.691802749	0.658565001	0.827533674	0.287311539	0.048803306	0.157134424	0.199747794	0.687661676
0.782307541	0.802771823	0.784355378	0.134563585	0.051675767	0.022415509	0.936075569	0.627243942
0.66844439	0.806350401	0.769101197	0.318796865	0.342152791	0.270117406	0.144419628	0.918721454
0.851211323	0.811722719	0.72263622	0.322302092	0.28625602	0.52012745	0.054387918	0.542544093
0.650820934	0.817326488	0.83435335	0.271162162	0.878374653	0.288095579	0.293884431	0.463230002
0.721720689	0.773799152	0.888700081	0.287396564	0.085359999	0.54620861	0.663708357	0.626203683
0.748849968	0.908441061	0.809352281	0.15604705	0.372402505	0.111670235	0.034700895	0.844780183
0.822320131	0.834385484	0.892823003	0.272317606	0.398913199	0.294313389	0.475077621	0.88757806
0.424483029	0.724648165	0.901426325	0.23984628	0.876142039	0.258843035	0.255180447	0.710327183
0.820633742	0.722997455	0.794132054	0.251944219	0.957111028	0.224144787	0.235082243	0.61277753
0.66933478	0.775399641	0.814635024	0.191555039	0.416071617	0.035708561	0.165822919	0.899047718
0.647894684	0.793174249	0.774407124	0.267441059	0.978331662	0.573914025	0.708425099	0.660517306
0.624254331	0.66552724	0.834535302	0.172414728	0.638746896	0.253116871	0.056995039	0.473112777
0.801865421	0.759045564	0.79487541	0.282977452	0.36361876	0.102151117	0.44244516	0.98418556
0.792943651	0.990468619	0.820447217	0.24325496	0.921902264	0.540307398	0.058821373	0.679143745
0.685853047	0.768227022	0.889196431	0.178280271	0.243601288	0.043570045	0.71660058	0.766398045
0.707688101	0.90348809	0.725182398	0.247270244	0.711355458	0.718510994	0.844357166	0.649659963
0.744305014	0.677727195	0.896767553	0.355133094	0.337322064	0.318779417	0.960305353	0.614023738
0.656585803	0.625608856	0.821508914	0.285069508	0.357499515	0.142283865	0.368956398	0.607323683
0.834665101	0.723016109	0.743659245	0.232325506	0.464605217	0.380018516	0.964084553	0.970476961
0.728706694	1	0.847704177	0.235891322	0.923067701	0.013994999	0.544601818	0.652898994
0.621872634	0.739119832	0.74531051	0.276180086	0.896572366	0.500848407	0.2658533	0.651815584
0.687364793	0.815523247	0.801217775	0.261489393	0.155873912	0.611639603	0.602031149	0.955140636
0.765713183	0.799312855	0.832080302	0.304239899	0.201251294	0.000312216	0.522723407	0.516811212
0.613180699	0.770669587	0.847533747	0.315022116	0.27621226	0.550416896	0.014928392	0.682225387
0.791819768	0.800122871	0.891536547	0.245328799	0.486075621	0.361079026	0.566028613	0.639196722
0.641816863	0.736089258	0.758543452	0.199588805	0.512840948	0.620945734	0.891683202	0.989891363
0.676360305	0.853785129	0.795521141	0.35217008	0.183574176	0.323343603	0.981068572	0.948472012
0.66668726	0.523145716	0.877293943	0.262248297	0.304831692	0.045603808	0.223681211	0.798722822
0.808633843	0.859937005	0.814972907	0.244651323	0.357791194	0.602566474	0.117825041	0.632922678
0.769046415	0.879734088	0.688425573	0.295291489	0.841582083	0.568602511	0.973853497	0.729626706
0.71623908	0.741717918	0.808481906	0.333412312	0.930262694	0.272257284	0.692017652	0.902717749
0.616386407	0.707771337	0.856871265	0.295000177	0.932577154	0.45489251	0.078650448	0.53229063
0.835258624	0.700428746	0.804208027	0.311246877	0.341775077	0.632610407	0.347309541	0.917028057
0.7648831	0.688630726	0.849181646	0.269884576	0.148580542	0.054006728	0.055391668	0.65445452
0.819772988	0.752803094	0.714829932	0.310203517	0.85898963	0.753721137	0.742212904	0.733212975
0.765546697	0.744051803	0.806603753	0.287570362	0.440596334	0.21211318	0.560803721	0.536883277
0.591439603	0.609069389	0.737434829	0.241999508	0.449060216	0.112221906	0.978195252	0.748522806
0.670565594	0.828313949	0.786789769	0.254344979	0.292548668	0.696739985	0.060355766	0.876313997
0.734183582	0.728912209	0.817271735	0.256961336	0.075912933	0.550610093	0.836071174	0.873803629
0.863078301	0.584995922	0.776466142	0.258427949	0.775757581	0.331197685	0.630142952	0.757282814
0.778877349	0.852342701	0.756118874	0.170872998	0.361574075	0.061291929	0.823437197	0.651699422
0.604282086	0.743977947	0.801032396	0.188416025	0.396122637	0.359897487	0.976874279	0.92363193
0.621309391	0.699450879	0.790227794	0.199338371	0.569988769	0.695979942	0.113078375	0.772583854
0.63587454	0.736298367	0.793351162	0.28996045	0.497684229	0.001374382	0.117641701	0.861655759
0.839815281	0.729562929	0.709248671	0.254972201	0.804868801	0.711775549	0.386732276	0.894333403
0.570251596	0.582369855	0.742758027	0.281167414	0.514780524	0.45124877	0.787378497	0.723084802
0.734164563	0.76495681	0.826063827	0.293792573	0.563137919	0.439393836	0.573323024	0.480135836
0.450664666	0.684528775	0.748137559	0.327920973	0.294832686	0.25776905	0.223637138	0.875837063
0.858229654	0.578693491	0.836800411	0.321043645	0.489021838	0.114018962	0.409296156	0.837260573
0.682138225	0.658009246	0.869770466	0.209758756	0.129244881	0.540591975	0.783334655	0.869629336
0.636901378	0.763086036	0.815461046	0.295486597	0.850875313	0.482234227	0.218122383	0.543284886
0.667929901	0.905967118	0.760532798	0.178927718	0.27998202	0.69060533	0.779663062	0.978467204
0.736789616	0.910146466	0.811254498	0.314170305	0.801640162	0.370089549	0.051140072	0.637636017
0.701251323	0.825666135	0.923647379	0.282074606	0.21672455	0.163885689	0.890642892	0.851786317
0.703347051	0.70849242	0.836097032	0.224916002	0.573467283	0.71685345	0.547782315	0.560106809
0.589186154	0.792637865	0.7690947	0.316291544	0.012958649	0.041587531	0.275043986	0.866746472
0.754084435	0.601654326	0.717761471	0.211849866	0.913785324	0.306352365	0.660743249	0.789099254
0.631823674	0.760953012	0.79071446	0.299029604	0.145421618	0.41442842	0.367057793	0.67953564
0.754903458	0.63485877	0.811267964	0.156583778	0.691119396	0.327922309	0.231011856	0.67769963
0.856522077	0.572734382	0.784944976	0.193481656	0.449729652	0.050868784	0.587021319	0.722905494
0.794018259	0.621856768	0.859121917	0.248943604	0.01426449	0.671275112	0.550743359	0.822219589
0.733739198	0.63610876	0.839908469	0.223469318	0.85643176	0.149421014	0.40159226	0.563632811
0.686486112	0.680559108	0.757561893	0.344024228	0.22553109	0.012079945	0.768559295	0.775682653
0.715019731	0.660722284	0.840831089	0.233388017	0.325794153	0.544868741	0.367127004	0.912836072
0.747150303	0.766606566	0.825965832	0.272565365	0.329955494	0.580937868	0.132405897	0.666139988
0.756032822	0.759873319	0.858700474	0.189024844	0.306105704	0.108799828	0.958020503	0.840196508
0.687385385	0.431549845	0.715288466	0.245854942	0.191137173	0.498509692	0.953211702	0.723938153
0.612931203	0.865974726	0.799713073	0.217155894	0.993248309	0.362748829	0.532191009	0.942804689
0.715546454	0.789624598	0.731585773	0.318366526	0.370528226	0.048264357	0.779808687	0.761054634
0.788052337	0.757442106	0.724151566	0.247398455	0.003239962	0.195469534	0.052350721	0.949577238
0.601610701	0.642914058	0.69700028	0.316921286	0.736603895	0.552567311	0.943072077	0.891406253
0.808406757	0.779071149	0.821000029	0.322036131	0.47539549	0.181844951	0.47694925	0.484770919
0.800024909	0.594793531	0.855290385	0.271651849	0.865078248	0.574010604	0.281599509	0.948613293
0.580955401	0.88869423	0.799737821	0.134617007	0.190523739	0.376667107	0.358354293	0.919373002
0.741289162	0.71623605	0.824283949	0.28666063	0.578503908	0.004601937	0.466933491	0.909775484
0.698959208	0.778932619	0.750517005	0.299078662	0.1248267	0.748744606	0.161377249	0.675116993
0.768051143	0.790425212	0.724746178	0.199577548	0.542624329	0.535663052	0.591130711	0.46501671
0.642574178	0.732547219	0.853873041	0.28636295	0.267883615	0.311598796	0.461224915	0.666761654
0.662724157	0.799373452	0.857880125	0.264858742	0.565979102	0.227744842	0.310281803	0.856763025
0.630431616	0.759259721	0.760868634	0.315993865	0.840512886	0.552659122	0.319634294	0.502362443
0.817765173	0.837638922	0.764841686	0.33836266	0.805531759	0.724472915	0.395324985	0.796245882
0.72769034	0.537243159	0.846046246	0.25670303	0.024777685	0.686791566	0.707484265	0.915967191
0.683098308	0.7634241	0.761425653	0.327608514	0.306148676	0.659323206	0.74174432	0.501846806
0.745600568	0.714486173	0.80042099	0.211864097	0.864825682	0.675156638	0.657230073	0.806736737
0.694982497	0.725886579	0.864859381	0.311981718	0.920389752	0.308586136	0.060348971	0.556373631
0.766243236	0.793653042	0.807609375	0.261915676	0.106779243	0.147328729	0.384316552	0.500328896
0.680839649	0.76760603	0.701077019	0.206744824	0.023210895	0.276995849	0.796037667	0.993962121
0.741471845	0.669570972	0.90009096	0.229083335	0.071477381	0.597380408	0.476086231	0.514572018
0.757272906	0.730718892	0.82906037	0.234102942	0.304075264	0.570845532	0.199305722	0.838669655
0.742655333	0.577441637	0.778054486	0.213982115	0.563314558	0.207780679	0.935010366	0.751041292
0.542255183	0.633948487	0.774942684	0.257331506	0.181729973	0.343928114	0.648744408	0.510361717
0.874174899	0.807187747	0.697893297	0.329738362	0.064869833	0.125073025	0.051887775	0.701858237
0.895054066	0.63969441	0.876002945	0.229807136	0.405676256	0.477226269	0.466262722	0.906859378
0.715010825	0.933081031	0.890784115	0.337854807	0.79641845	0.007546126	0.638658058	0.738464305
0.72947934	0.737843774	0.817487379	0.164597026	0.959087345	0.091764695	0.81465411	0.544627142
0.579962928	0.70463115	0.789720413	0.226755229	0.986751866	0.248401881	0.714759484	0.534229915
0.523721798	0.605038416	0.770682808	0.298062304	0.712883014	0.49340332	0.697934623	0.544713103
0.664419328	0.710366546	0.827702466	0.239932784	0.873071977	0.142512632	0.136109279	0.655689587
0.722731926	0.711791907	0.839516386	0.254607573	0.354784573	0.585113129	0.404371102	0.616774448
0.758833915	0.650330463	0.837919253	0.251154438	0.02087022	0.495672209	0.054637495	0.606620703
0.650029194	0.813300473	0.768764032	0.156988295	0.779983972	0.592137796	0.236970555	0.814726831
0.711970779	0.779905812	0.798156952	0.268176665	0.918472173	0.274605834	0.053289454	0.505640121
0.681953159	0.636284103	0.766311841	0.275887766	0.865881602	0.690145335	0.991096089	0.966951147
0.745420929	0.751279129	0.876071283	0.267690305	0.441570062	0.626687749	0.486688834	0.588057
0.561582363	0.804707472	0.852702004	0.186922871	0.00625392	0.463502752	0.050422821	0.67589043
0.729674456	0.678136015	0.840739008	0.288081193	0.745707127	0.169774053	0.735274427	0.737587912
0.700789809	0.872446232	0.752742066	0.195110902	0.113980964	0.236016227	0.01951079	0.761201154
0.789842274	0.740733875	0.844783549	0.244600394	0.911499866	0.071037444	0.902826723	0.977333926
0.621719403	0.647068567	0.911738018	0.124108995	0.834721403	0.601073644	0.439097337	0.788396309
0.734104442	0.750850452	0.859236014	0.247429587	0.626548667	0.243484155	0.319791984	0.465816947
0.728677857	0.737479395	0.881340886	0.274321827	0.759006864	0.656191551	0.958398538	0.698751715
0.780284361	0.757276783	0.873184704	0.195113067	0.141895485	0.156714182	0.279876277	0.584685321
0.81714345	0.803430725	0.849612353	0.334491173	0.036014751	0.260294893	0.991649372	0.664828058
0.831267857	0.664290067	0.81829992	0.350057923	0.926522253	0.195920047	0.551400079	0.725404595
0.72362629	0.793163212	0.845644722	0.285616176	0.128277112	0.754472691	0.851605577	0.822475987
0.653189502	0.845469613	0.899021184	0.31928926	0.74597232	0.570285543	0.136050581	0.878193622
0.65436398	0.719957145	0.812662029	0.291844485	0.104311898	0.287521567	0.137646057	0.695466117
0.687479012	0.878026251	0.831947035	0.292346594	0.981027296	0.607834793	0.612336677	0.572610139
0.81010146	0.670461274	0.94453789	0.285448942	0.601836101	0.578792506	0.405048479	0.992407649
0.590575675	0.935448654	0.7870872	0.283598272	0.217961502	0.540876237	0.075025622	0.989189495
0.643559967	0.695201559	0.766419084	0.203407088	0.56058142	0.539193673	0.052629838	0.719617732
0.814250347	0.842488457	0.840156638	0.289879713	0.568487443	0.500401012	0.434674908	0.673710352
0.698782631	0.663928372	0.752587825	0.266305043	0.942137335	0.692322096	0.269752756	0.70984894
0.762464329	0.529633994	0.794442332	0.275596101	0.020422502	0.075359347	0.313140644	0.996211753
0.653651715	0.640443181	0.805323881	0.229941006	0.009356378	0.099239896	0.470212145	0.949498218
0.592827966	0.85750813	0.827448388	0.27550822	0.022545888	0.286085785	0.480181612	0.890521805
0.678942493	0.787599316	0.744799735	0.302736318	0.666395461	0.712061607	0.536642768	0.914433142
0.815536862	0.745653526	0.842078435	0.21502348	0.3285717	0.730481128	0.200265662	0.807131682
0.645516069	0.912693228	0.859538944	0.252387855	0.914688928	0.707703739	0.783001622	0.987961587
0.67047427	0.697537185	0.847375263	0.335366146	0.807506887	0.617459137	0.892571739	0.892172316
0.672568493	0.71814227	0.852050337	0.261379134	0.306531594	0.504921809	0.413165071	0.579285341
0.605584991	0.709848164	0.882756736	0.246255265	0.756129596	0.005922267	0.423526946	0.595200409
0.66439485	0.890268055	0.714962576	0.194817615	0.446185708	0.105606218	0.781498788	0.676220376
0.639324394	0.744722478	0.808340143	0.240309486	0.094638942	0.711314991	0.796223186	0.553668373
0.538047905	0.966800537	0.814979338	0.267397339	0.687176834	0.749665313	0.662215232	0.989849585
0.635274825	0.819372405	0.81367887	0.186405144	0.11277126	0.422743979	0.1975841	0.681811113
0.603344975	0.753699042	0.865119552	0.336080458	0.158620021	0.327187941	0.842020135	0.678245867
0.583773725	0.612194142	0.843100783	0.262468919	0.858278174	0.437790115	0.514743536	0.813801032
0.485680863	0.805872533	0.841923957	0.221300948	0.19299542	0.074427059	0.504589318	0.872611495
0.706600119	0.849032145	0.788971912	0.162858652	0.339396331	0.310615268	0.961538248	0.656274303
0.552900562	0.814162362	0.771776606	0.241585771	0.363569762	0.369165881	0.585494356	0.629716351
0.684867531	0.694045669	0.729387941	0.283625817	0.574851524	0.110604908	0.139251308	0.455225697
0.663131467	0.850139091	0.844747281	0.25064593	0.13673804	0.575976713	0.320589561	0.65971107
0.693755462	0.752670756	0.759790367	0.240145022	0.926467019	0.604304043	0.457900246	0.800466209
0.772744765	0.69663456	0.728549805	0.33038082	0.391558828	0.013650898	0.760779056	0.791221989
0.777312089	0.902275437	0.756951361	0.21650443	0.488433017	0.144751337	0.88146127	0.692167876
0.59643815	0.618438022	0.774430611	0.211000598	0.421549504	0.581370126	0.262485213	0.476935258
0.748780208	0.644021993	0.833299176	0.179921054	0.440505831	0.007729189	0.951165617	0.911176362
0.823050408	0.83548794	0.775200874	0.388169473	0.40378486	0.753854024	1	0.522491626
0.676036648	0.892820323	0.823516078	0.266670216	0.600171195	0.742855692	0.386967807	0.916401012
0.717126835	0.712464373	0.797917512	0.236805798	0.316859548	0.423390264	0.916899374	0.904932901
0.767428716	0.80458739	0.834214514	0.31655227	0.812194899	0.290892565	0.694402835	0.920722093
0.77265123	0.731253064	0.801035776	0.394643946	0.679847557	0.394728944	0.961192459	0.479646076
0.58992801	0.681683656	0.896991689	0.276457524	0.66328888	0.075043883	0.122567504	0.462075144
0.690668967	0.605250759	0.739327399	0.260114424	0.207840284	0.133304694	0.740451974	0.771181797
0.780187221	0.832159181	0.745842199	0.227592398	0.013909572	0.187076198	0.359261532	0.475328583
0.753991935	0.695769361	0.844303272	0.257262287	0.74436759	0.363592103	0.535888847	0.804801734
0.736168555	0.8008863	0.872654177	0.168563091	0.030868934	0.607026099	0.911984536	0.82123959
0.779484256	0.816478554	0.842846261	0.265398426	0.469192117	0.629268902	0.448107709	0.955856597
0.704761038	0.801180196	0.756890385	0.352453001	0.220199522	0.110152131	0.710844885	0.794527947
0.663695396	0.787199612	0.853752964	0.23184225	0.356644871	0.249455351	0.588616104	0.892807526
0.713214874	0.863971201	0.771311576	0.214530904	0.087891557	0.615063128	0.917664658	0.824882045
0.659003224	0.693856107	0.773142172	0.207572809	0.254013477	0.313956327	0.644790364	0.948262648
0.660950657	0.698106375	0.902816782	0.277387647	0.197687722	0.051531379	0.468920974	0.548770407
0.814854018	0.853385091	0.762664794	0.199631321	0.068216126	0.081930331	0.433471352	0.662874128
0.743691254	0.736240955	0.737718754	0.340203864	0.420333635	0.089790814	0.404137438	0.745386528
0.790820415	0.733384813	0.820925535	0.248671848	0.071549421	0.70473011	0.389658061	0.461695421
0.761711619	0.750164412	0.784467913	0.151281696	0.795359675	0.06984349	0.133994598	0.757399011
0.686770181	0.5515621	0.89958377	0.3254106	0.831035928	0.359582304	0.509514529	0.637063912
0.707362568	0.709660685	0.817271145	0.181514282	0.977706644	0.738359922	0.810402142	0.465892068
0.576665199	0.80364854	0.811145336	0.217626038	0.923951262	0.417936253	0.177829085	0.708570159
0.744194787	0.739690098	0.762829455	0.27450759	0.543915932	0.196404613	0.670771794	0.787503667
0.67101109	0.915139013	0.875700635	0.236495162	0.650910467	0.170152481	0.333109553	0.985304745
0.621050961	0.728746971	0.846977575	0.229255894	0.706056046	0.21244737	0.73316978	0.924675825
0.85645081	0.664775454	0.958639877	0.218389428	0.485514714	0.293403285	0.388638901	0.582078268
0.852604038	0.852696341	0.771744358	0.278716917	0.052352685	0.250800665	0.187950721	0.988298005
0.674682377	0.517616875	0.8563505	0.305129012	0.547032795	0.475818765	0.849519871	0.684606288
0.712761401	0.66661431	0.735522892	0.337298192	0.877773875	0.020464983	0.05023163	0.535144314
0.813116176	0.874256599	0.776551941	0.222067848	0.24328424	0.125146822	0.348522609	0.504740608
0.668169239	0.781991847	0.771177417	0.229588504	0.958405404	0.753209578	0.934974785	0.531208442
0.773245706	0.59477413	0.8247843	0.227257244	0.890501971	0.7012237	0.602051154	0.511096092
0.71498441	0.948850485	0.897859585	0.24386485	0.782883614	0.179275566	0.336831487	0.575378144
0.590569606	0.788586653	0.740859329	0.220680837	0.198081486	0.633852358	0.785289124	0.538564915
0.854247923	0.546210279	0.694361319	0.284232779	0.180988799	0.172094129	0.626559887	0.608201108
0.869802572	0.816892152	0.840372807	0.308430568	0.048223316	0.065237338	0.922457466	0.727488692
0.69090213	0.735495018	0.750391122	0.219247546	0.029121389	0.69753457	0.990352131	0.824464542
0.760746539	0.655103819	0.887070209	0.158682961	0.009612827	0.657154531	0.450409832	0.710202452
0.761415221	0.751239038	0.811164029	0.218167	0.874289039	0.33874468	0.286845786	0.596539121
0.735792119	0.820876476	0.807079926	0.295037965	0.202067204	0.741418355	0.509887365	0.595816278
0.720160701	0.606282771	0.684758488	0.224845583	0.174334274	0.142000433	0.710986141	0.792419029
0.527767999	0.628200088	0.835760966	0.296370347	0.139212386	0.340603779	0.80625621	0.929955168
0.481460983	0.915391233	0.733362042	0.323147861	0.618996068	0.222501427	0.822733773	0.609722873
0.696636529	0.684668837	0.724230444	0.196930718	0.506260874	0.638203804	0.876745413	0.858160828
0.71047557	0.705840784	0.81977907	0.274815934	0.198702087	0.233227087	0.535866734	0.625933802
0.792063525	0.7856534	0.858064149	0.256802097	0.798078564	0.693267323	0.563519248	0.724565049
0.603795123	0.817541797	0.875237643	0.217491306	0.608338121	0.374079739	0.079442927	0.986650654
0.729053413	0.51370057	0.805885162	0.262941179	0.614463117	0.592517265	0.971940109	0.478418633
0.787493676	0.719822609	0.837977646	0.212967148	0.439441016	0.446210136	0.619445771	0.914467555
0.713632829	0.639494932	0.7977731	0.196918745	0.484053708	0.502349541	0.067736938	0.640490076
0.628078476	0.735046426	0.818514817	0.245160086	0.155025253	0.647610431	0.916129011	0.694468552
0.673257108	0.786119027	0.784794612	0.23410253	0.291070107	0.444449352	0.324344029	0.782965673
0.68295039	0.84117792	0.817899039	0.296899214	0.534283735	0.216230317	0.022879481	0.553163769
0.794776369	0.765684948	0.809698679	0.251054106	0.117171004	0.44305149	0.425440864	0.573428286
0.617463742	0.819318124	0.716481183	0.184160188	0.766099534	0.024204166	0.527996228	0.500465493
0.773632879	0.636484593	0.803311622	0.288261616	0.762933767	0.732595652	0.882029826	0.497082961
0.648092829	0.807189049	0.726371505	0.264899359	0.122240343	0.345554544	0.986474704	0.72389663
0.83314381	0.834956327	0.775247198	0.217812478	0.280163949	0.657398835	0.294838319	0.588561928