0.23446026	0.318375606	0.382814795	0.079151351	0.429626572	0.107859453	0.109381885	0.3773365
0.425741904	0.314770645	0.683806352	0.044125759	0.426648493	0.415734437	0.294822076	0.087088274
0.027693265	0.306181892	0.817596664	0.073468638	0.390902653	0.542242439	0.086069359	0.278563063
0.237526187	0.325260014	0.139596634	0.151925814	0.403717599	0.065944619	0.01367609	0.512513574
0.136727938	0.372377063	0.061615109	0.789736519	0.355104662	0.185291719	0.231296401	0.448641744
0.219737194	0.40939398	0.878464105	0.621681766	0.445958267	0.045224309	0.055724526	0.294696727
0.108844027	0.336489523	0.073429993	0.068863111	0.347186406	0.063941995	0.342721884	0.487570479
0.230184049	0.307008414	0.48327121	1	0.427877814	0.072835103	0.299178055	0.345450123
0.182378318	0.293024339	0.818040018	0.413912995	0.389668466	0.515895035	0.552714404	0.168117917
0.260507173	0.303989444	0.086036339	0.108278958	0.377078142	0.039649132	0.048364899	0.28699857
0.060464431	0.387369668	0.539834712	0.362093879	0.435660423	0.732569883	0.286337639	0.291100574
0.050662078	0.360541438	0.641475512	0.984690204	0.398541615	0.339560678	0.481596551	0.385637838
0.159450328	0.301095936	0.683808155	0.44061325	0.346690723	0.25954314	0.322462909	0.386320838
0.217809189	0.346098386	0.969860157	0.550758387	0.338271182	0.135783396	0	0.491515222
0.413485275	0.364272006	0.577417205	0.785487967	0.439457175	0.49618724	0.525348444	0.180595628
0.109026427	0.361844749	0.979657411	0.745188872	0.423806788	0.347998093	0.184548299	0.442423364
0.134300585	0.337706023	0.371263312	0.413973744	0.318220082	0.283252339	0.178423751	0.334932264
0.147054989	0.352324681	0.682798503	0.592815134	0.4235578	0.022307962	0.326325105	0.228362429
0.094665664	0.352128445	0.7564033	0.276088025	0.354254	0.681444314	0.374161006	0.445422776
0.08960875	0.283703486	0.063238141	0.50810168	0.416605102	0.596862157	0.194493466	0.40272475
0.291986919	0.331532458	0.736927575	0.390366251	0.42411181	0.634319653	0.557883148	0.450306836
0.022802103	0.340206915	0.429124198	0.506255637	0.428875108	0.140038767	0.395971322	0.323037083
0.386763397	0.272614906	0.648379755	0.79605259	0.416961051	0.316396681	0.349514574	0.4246132
0.209356927	0.343757739	0.652331508	0.923535713	0.413822307	0.245918301	0.259555508	0.450792699
0.291994644	0.322922024	0.846995382	0.959512292	0.419623149	0.026629383	0.562675638	0.458819918
0.015678922	0.320941488	0.809388025	0.340762153	0.456834688	0.137335731	0.292328774	0.278933636
0.345244103	0.340760738	0.078564041	0.6385128	0.423508268	0.314855133	0.375529731	0.37276407
0.305876408	0.319867741	0.389147024	0.589116186	0.400000759	0.480476848	0.157214567	0.474506763
0.004482685	0.362231644	0.71695581	0.520861544	0.365048479	0.264768318	0.552468752	0.458516616
0.272261641	0.401952642	0.746011403	0.753952281	0.406903382	0.573820915	0.047502693	0.22780675
0.125017656	0.364277874	0.136712918	0.301487311	0.397988402	0.000550137	0.175373915	0.408427238
0.023486145	0.338454365	0.639805717	0.2893347	0.305561173	0.542421256	0.462257297	0.390440198
0.15112588	0.327552503	0.402924643	0.185619456	0.332410163	0.643311309	0.118599482	0.513560941
0.140940697	0.313987176	0.466391058	0.506935999	0.429996594	0.484909739	0.099243243	0.523339348
0.320631345	0.343751259	0.127206505	0.710238706	0.394074758	0.153167172	0.500064644	0.358058746
0.115654922	0.264171266	0.780914869	0.576069552	0.39949884	0.724351648	0.022963648	0.346906969
0.369748782	0.267287669	0.922237144	0.133871388	0.423963585	0.594787449	0.228805179	0.309702402
0.132243976	0.368922128	0.640985082	0.68458846	0.363315316	0.153541675	0.228839706	0.265221886
0.093720336	0.372594042	0.604121463	0.863182972	0.411198773	0.500879825	0.247747483	0.625509164
0.361856713	0.31181563	0.297657338	0.815577919	0.414943547	0.007808184	0.419929752	0.599294155
0.305102683	0.28487485	0.666122227	0.276743702	0.350784113	0.400450429	0.441717883	0.464295493
0.03918462	0.296684166	0.840597151	0.695156165	0.367576953	0.424714622	0.049340132	0.287860156
0.117642383	0.380257757	0.908509603	0.486991702	0.47070415	0.290716797	0.143722157	0.290505694
0.289686493	0.338964001	0.777404235	0.011077086	0.488377878	0.279431498	0.464322015	0.526688249
0.386247545	0.360828924	0.787464389	0.761308917	0.428012546	0.178822895	0.086733084	0.521509126
0.055329577	0.351786488	0.932516096	0.223493097	0.367038874	0.706062194	0.452415785	0.489563861
0.047452955	0.343156557	0.304873845	0.380556665	0.472610259	0.559374922	0.274070535	0.377993109
0.363690354	0.289003771	0.959926564	0.01231308	0.398112523	0.503675922	0.576849748	0.216476367
0.02634896	0.316988778	0	0.946432654	0.318461451	0.562045755	0.564336408	0.36041194
0.054105254	0.353636666	0.239953063	0.829887043	0.430897915	0.199719777	0.271662134	0.4042462
0.163980394	0.315047483	0.003954756	0.560635858	0.456042323	0.146691827	0.471989831	0.349041839
0.015957127	0.292750115	0.116801707	0.45771219	0.453013981	0.663345799	0.056141835	0.390598729
0.085849512	0.347192106	0.828519156	0.384975269	0.411209834	0.118639358	0.424230367	0.083089904
0.084258668	0.363452933	0.680572743	0.922100989	0.438947508	0.5974491	0.260222713	0.269085797
0.411992699	0.400006574	0.409214639	0.848854024	0.390388598	0.161516399	0.29268608	0.320703124
0.112414714	0.383927278	0.689847928	0.178342395	0.38406268	0.655627544	0.218524381	0.19063667
0.189809002	0.298222775	0.088564802	0.798226315	0.365630511	0.186103867	0.05014619	0.114062119
0.100077779	0.330600399	0.230578574	0.888403028	0.389617393	0.143627952	0.479526943	0.432535595
0.27012316	0.326715043	0.220419489	0.009653511	0.339245069	0	0.244747077	0.239306636
0.112981446	0.379227153	0.815359894	0.343495113	0.445144119	0.621758526	0.335661738	0.312976076
0.236178026	0.365433925	0.20482942	0.281394503	0.473533811	0.509406614	0.063849838	0.461824311
0.395547466	0.360169697	0.943277188	0.535812637	0.419276164	0.328167187	0.359438471	0.376027795
0.288917237	0.357524341	0.83943197	0.0630081	0.37105959	0.542118724	0.476385974	0.397696953
0.228096169	0.327342229	0.533942464	0.068645844	0.362461304	0.24206961	0.225176555	0.319381191
0.15674803	0.309544517	0.6034476	0.480702536	0.372425076	0.695780107	0.526918382	0.356218363
0.125647508	0.364459558	0.005285725	0.141954055	0.356879363	0.23452545	0.460894115	0.254043386
0.32905255	0.378598824	0.018196831	0.286703228	0.408845894	0.718929693	0.390539328	0.410915018
0.139277868	0.320086284	0.185479788	0.0907496	0.449885509	0.612570079	0.047063708	0.372095582
0.306575255	0.389972876	0.0471905	0.945014908	0.386594531	0.73250307	0.18242497	0.267627333
0.082610878	0.276166601	0.78147621	0.060629721	0.422475685	0.213650813	0.393204056	0.403011221
0.105049021	0.339710576	0.062401233	0.45701827	0.346276174	0.603693744	0.004152033	0.48540681
0.367388442	0.355353287	0.901976523	0.685067038	0.394580662	0.042427824	0.531093726	0.40032299
0.013539695	0.283432983	0.314857754	0.37280451	0.393283134	0.170531252	0.529822451	0.386708857
0.423944523	0.347838413	0.004317907	0.319494351	0.493394437	0.299555399	0.370178443	0.198781322
0.292176446	0.310825162	0.351816679	0.981347452	0.413317207	0.099467949	0.068600906	0.316793699
0.126622163	0.370797463	0.074902945	0.464778789	0.417282087	0.425188572	0.162576244	0.403621215
0.390167871	0.378621617	0.257271366	0.132625116	0.468764846	0.673779871	0.525272385	0.52852824
0.289060979	0.328246203	0.602400608	0.65323055	0.399616871	0.58420581	0.050823898	0.49949641
0.011025551	0.301134393	0.429111782	0.593061189	0.378607027	0.601330765	0.57430538	0.256361295
0.048113499	0.370032319	0.588354287	0.276822191	0.370854621	0.68443208	0.274941741	0.499301945
0.217468713	0.328767763	0.874861701	0.637861602	0.344075745	0.598248556	0.565858925	0.475513249
0.156751597	0.309860558	0.610699856	0.076824216	0.405083387	0.385838438	0.189170197	0
0.086502255	0.328493281	0.815811955	0.34701464	0.394401749	0.415078079	0.198150219	0.2729356
0.25730347	0.362405142	0.918846439	0.671202778	0.424848152	0.686640475	0.316395031	0.44931681
0.317998233	0.286693867	0.209177931	0.989685897	0.393896684	0.460408099	0.047100962	0.453642308
0.233590963	0.382566567	0.495761379	0.499463358	0.419973219	0.023831744	0.332608584	0.060999587
0.284762301	0.365369245	0.847165879	0.851595773	0.369203066	0.376333228	0.570521378	0.23698703
0.20390549	0.320474652	0.670847515	0.409379728	0.476190347	0.592805777	0.41361239	0.687842975
0.192652027	0.368411146	0.352228477	0.944774997	0.457936635	0.414811334	0.455569862	0.191134719
0.407871345	0.302079631	0.756386229	0.860990484	0.451236691	0.338940272	0.092929342	0.260822487
0.143038034	0.297351854	0.278730306	0.663628639	0.525785643	0.464193258	0.518000389	0.327530766
0.410428999	0.331093013	0.164008517	0.265795353	0.447373711	0.728088149	0.483252193	0.480331761
0.282515755	0.352090745	0.246737716	0.694775239	0.374050222	0.017103661	0.26261467	0.347725371
0.41908981	0.296998239	0.881008774	0.741924082	0.436061157	0.508842543	0.523171987	0.413930426
0.102291057	0.340360909	0.464553775	0.095260002	0.36780748	0.223468112	0.473853056	0.506136305
0.226614751	0.346116072	0.529469073	0.111915708	0.320674114	0.161590711	0.146323556	0.235770859
0.172714086	0.358588557	0.880631924	0.579027542	0.360797277	0.48292823	0.563567822	0.251514291
0.32821086	0.400144228	0.806220275	0.584020111	0.410289184	0.122907887	0.404680025	0.36132303
0.124112452	0.321494538	0.220252716	0.035271361	0.388009684	0.500419704	0.073280415	0.302314267
0.38009994	0.329078934	0.850111365	0.339409516	0.394451651	0.01284387	0.2245976	0.308014094
0.0769302	0.340450582	0.352197648	0.627290733	0.336135723	0.733423929	0.482069609	0.377378365
0.09185433	0.264404836	0.084309206	0.613071382	0.540124914	0.333396485	0.53577248	0.398676436
0.008162344	0.349693822	0.256199148	0.657280345	0.371151387	0.594537621	0.239191319	0.27870241
0.137830918	0.31916314	0.309376133	0.67632714	0.435606768	0.191770896	0.34281401	0.223301181
0.290708594	0.33957318	0.54030974	0.640173344	0.507814554	0.031207983	0.052946523	0.352488056
0.009396453	0.358006258	0.299940873	0.37813582	0.459898508	0.103876195	0.549100955	0.248668367
0.364463344	0.407148344	0.450628686	0.860583398	0.317394726	0.285759311	0.018424209	0.367211275
0.227351921	0.343297564	0.664866788	0.44574076	0.447293072	0.014879502	0.553118213	0.449911896
0.219558112	0.326251045	0.738591883	0.662798249	0.393736593	0.399159475	0.474927938	0.05233563
0.344500611	0.332464107	0.465045635	0.789154554	0.505821697	0.43644924	0.066792925	0.387379511
0.166374206	0.355927464	0.198086054	0.082646386	0.439914657	0.227216798	0.533371635	0.381435387
0.341340457	0.362328817	0.606074606	0.853557762	0.458807569	0.511695426	0.247869876	0.179655209
0.370838767	0.258187058	0.423816604	0.770451521	0.388151435	0.176646681	0.025245129	0.511444741
0.222925326	0.361156501	0.775724688	0.519587749	0.385566989	0.746107881	0.510341201	0.491639082
0.383258367	0.301200363	0.991497797	0.59317751	0.390064145	0.175360903	0.013214695	0.197286133
0.122979866	0.322466475	0.486238471	0.309757306	0.35550614	0.238913659	0.303284885	0.561578736
0.281602123	0.345611825	0.755606408	0.934644019	0.3588694	0.707732591	0.464703116	0.316021234
0.071580192	0.354008309	0.447750702	0.045805696	0.378105185	0.059110287	0.327567544	0.173549662
0.121122473	0.225807562	0.062499208	0.170210239	0.488631076	0.375920957	0.216276601	0.155345984
0.199982482	0.332798075	0.392010188	0.881685181	0.379114162	0.23693616	0.289304454	0.398215386
0.295894667	0.405130558	0.293965734	0.424958166	0.425311705	0.003332446	0.139534557	0.611505719
0.152981677	0.280593477	0.661512647	0.966813185	0.438081723	0.415019926	0.387358653	0.481923706
0.028008586	0.337292625	0.866576735	0.840694543	0.364087497	0.3167891	0.190947941	0.351221956
0.405054625	0.331493281	1	0.203332089	0.450688492	0.655155305	0.181363604	0.244056349
0.316318548	0.404755749	0.694362766	0.899402425	0.355982954	0.348561672	0.309827875	0.46671411
0.573748795	0.610640764	0.015122292	0.652108072	0.449917213	0.354829787	0.963756323	0.818198062
0.594800197	0.427018254	0.331693883	0.391161753	0.615788995	0.316811853	0.870341187	0.649765374
0.62149457	0.535143791	0.574651978	0.738929937	0.539054788	0.282749102	0.885345294	0.703672078
0.585660091	0.838396654	0.582380458	0.51414144	0.496356022	0.360934884	0.892713749	0.599812681
0.640037486	0.622328373	0.143883623	0.480860232	0.431611224	0.319673585	0.882164412	0.97007961
0.670922994	0.966925808	0.073253747	0.391460963	0.502145002	0.273435086	0.919031078	0.983782303
0.636359407	0.899527365	0.137681807	0.114834791	0.501297891	0.3851273	0.905747786	0.986605321
0.641653955	0.363039876	0.140624602	0.398030528	0.461806168	0.363048128	0.899717968	0.399091808
0.64301592	0.576168405	0.368423678	0.522221831	0.501390696	0.468467541	0.883397269	0.822246043
0.584335679	0.694925961	0.917442088	0.470374	0.46143579	0.288748386	0.814963558	0.688045775
0.580357806	0.696104321	0.152214992	0.632224718	0.490821981	0.251446007	0.821770728	0.468520385
0.584772504	0.367152724	0.012349199	0.296839467	0.521154831	0.410891135	0.860925419	0.750194174
0.664983893	0.437557165	0.649002694	0.941226807	0.536628906	0.371909507	0.865667859	0.504718826
0.636857998	0.968763134	0.766434561	0.548696046	0.511351727	0.3069574	0.900684354	0.48925038
0.629523072	0.533491037	0.848367608	0.672654704	0.407616421	0.334105207	0.867405232	0.814251307
0.667912253	0.431889093	0.562944863	0.493977245	0.615867211	0.356247173	0.9504739	0.749615748
0.605379824	0.856842336	0.826291034	0.545315901	0.59810087	0.389841998	0.891873575	0.750846857
0.681902311	0.842817992	0.393401833	0.118368492	0.40266328	0.278161645	0.920512536	0.503295529
0.652468175	0.873172989	0.831298314	0.771673341	0.483987184	0.356244609	0.824559758	0.505750301
0.701465591	0.41961983	0.224181712	0.031649687	0.549363161	0.383910133	0.910677236	0.973721545
0.784860104	0.592412165	0.893464643	0.672810903	0.590447287	0.440575261	0.798562498	0.802076788
0.655888246	0.638543426	0.767433452	0.414449297	0.401503565	0.301558023	0.894644671	0.702291233
0.636568972	0.827559639	0.581549586	0.146840444	0.584940723	0.433102714	0.876661095	0.77211644
0.621712513	0.672354554	0.576378838	0.127014068	0.528982167	0.544091862	0.789091164	0.610761074
0.619931231	0.629142546	0.513577084	0.900953826	0.416955409	0.341453897	0.79662969	0.987735802
0.641933398	0.872893409	0.367359053	0.406612382	0.547453959	0.436118358	0.858518267	0.613597759
0.660199657	0.970983935	0.82715816	0.232966934	0.503472696	0.473276743	0.949814722	0.867332423
0.655580143	0.66905127	0.532054402	0.603499192	0.406314285	0.480698904	0.869753594	0.953993456
0.691683401	0.519757351	0.248640256	0.933661508	0.447637182	0.345055995	0.884146708	0.837247844
0.603507958	0.738514752	0.343884346	0.280768067	0.547961398	0.366439271	0.884701878	0.503280135
0.704455246	0.350462025	0.043149387	0.584164852	0.579417115	0.233120523	0.822591544	0.645419675
0.56562356	0.599941652	0.966861173	0.023993174	0.414407193	0.367883546	0.807426653	0.579601433
0.687074732	0.79344477	0.402254065	0.002930912	0.554698686	0.327517924	0.93382996	0.970898505
0.614948423	0.35954458	0.25307304	0.022721409	0.60130358	0.212928436	0.87836242	0.813224983
0.57619608	0.345967495	0.63545445	0.532350953	0.475527106	0.498658664	0.88937362	0.794269831
0.598372009	0.348128152	0.444577539	0.470345575	0.609059996	0.362249474	0.813714677	0.519287596
0.593118054	0.840556453	0.524632093	0.26649691	0.547304969	0.354336334	0.934246925	0.556948149
0.599605195	0.863849297	0.308117344	0.293834796	0.50086103	0.365824367	0.813184956	0.809541462
0.600200144	0.700684748	0.889312381	0.325105268	0.528439618	0.490712996	0.821472434	0.584027668
0.660489255	0.558087342	0.132219248	0.204833432	0.486983986	0.338677827	0.89816159	0.553529156
0.600465556	0.60220807	0.32909459	0.476148674	0.53154541	0.400843981	0.949744613	0.389941119
0.745453421	0.926411871	0.171801412	0.290911941	0.420562058	0.314139914	0.796183984	0.703015694
0.647820881	0.668854484	0.572897856	0.639892857	0.452184558	0.430584267	0.849903036	0.792519226
0.6039578	0.565469208	0.811247155	0.025398678	0.595919893	0.387606687	0.917186262	0.588376896
0.605571373	0.801560262	0.831470054	0.024631719	0.556391317	0.429629457	0.874436125	0.503659005
0.673868395	0.501759771	0.041014855	0.985822528	0.549872776	0.483165909	0.912084744	0.679283161
0.587085388	0.724137097	0.927722008	0.788884234	0.542754948	0.352272602	0.786922047	0.958482096
0.582533301	0.691427362	0.431165448	0.768857195	0.559453818	0.420005272	0.902583466	0.679404018
0.642117611	0.626156799	0.415860185	0.402728934	0.534588643	0.412867783	0.764373405	0.710669304
0.695191831	0.555503389	0.429339	0.220008856	0.554207688	0.478395839	0.904923435	0.634575426
0.757335393	0.689477682	0.3494573	0.59141204	0.528921519	0.395756606	0.854395936	0.509281921
0.64482636	0.994538082	0.9805869	0.352171645	0.583100832	0.35690217	0.809967364	0.791421871
0.611128169	0.897523499	0.21713918	0.455844898	0.415531262	0.319328994	0.893553621	0.368013339
0.631881523	0.955417954	0.709140981	0.890345481	0.516322323	0.378778401	0.842229544	0.830668863
0.65387253	0.441096355	0.350156025	0.130985049	0.548861203	0.36422555	0.846678749	0.498347409
0.60723209	0.635732926	0.768761772	0.948025371	0.509110254	0.437719562	0.891673599	0.927100572
0.666251168	0.462359342	0.198281302	0.228436226	0.433755736	0.288448396	0.817219637	0.520173493
0.631730315	0.975110616	0.921243692	0.190666859	0.407372548	0.343392834	0.92764143	0.919554912
0.589779459	0.909748791	0.488456505	0.522496888	0.444872611	0.325299576	0.889747363	0.720618067
0.589742459	0.597269527	0.877959712	0.262209458	0.612677588	0.356716969	0.880981234	0.614883615
0.679248842	0.912791358	0.680235325	0.446184215	0.55895151	0.282953997	0.860658971	0.823100979
0.661506748	0.361858996	0.93268483	0.879828153	0.56121536	0.349681064	0.789206091	0.375519094
0.594586274	0.773013743	0.280665112	0.805530792	0.497882731	0.42059614	0.969416895	0.459510282
0.596766022	0.837193923	0.025595682	0.67357817	0.447029345	0.405235521	0.818641968	0.796982163
0.62418694	0.942673824	0.314545409	0.957052285	0.529326705	0.347504786	0.781398701	0.830538116
0.726184439	0.515289613	0.996149302	0.532333408	0.431083207	0.52461847	0.879147434	0.461552569
0.636871566	0.51725356	0.559590091	0.814732935	0.511280944	0.414009292	0.906813625	0.417324372
0.684590345	0.877778524	0.733225969	0.107332056	0.504689248	0.250172786	0.895031079	0.660625026
0.685866465	0.915049712	0.222123004	0.021748135	0.532519978	0.36035495	0.866129853	0.582776615
0.694055731	0.665853051	0.441979547	0.759973535	0.559132326	0.391408574	0.949301768	0.918608554
0.692111082	0.591091184	0.612388771	0.654062292	0.461306512	0.309402845	0.953184412	0.492003563
0.627323697	0.837749996	0.91969795	0.264110839	0.593606956	0.42035566	0.811429052	0.425757755
0.615899524	0.883539832	0.758898609	0.935566502	0.410459008	0.409038587	0.912744934	0.723058034
0.582955506	0.958815947	0.826594772	0.516590928	0.56821942	0.524072963	0.89531185	0.473589486
0.747920772	0.339546711	0.095742419	0.64387236	0.487507034	0.368284147	0.857528103	0.782001132
0.624528738	0.753268517	0.984713371	0.567808086	0.614902297	0.358615316	0.857275109	0.558914304
0.674486159	0.380112908	0.786102223	0.083542555	0.413136032	0.374263295	0.856478222	0.52708933
0.62450661	0.952769935	0.181982791	0.347629473	0.434792826	0.337790148	0.853929312	0.643374457
0.638077745	0.638206992	0.642923241	0.140101163	0.474630693	0.462639638	0.881383414	0.552631234
0.606506861	0.810669384	0.155784589	0.535701596	0.570584048	0.228523913	0.96193971	0.79108978
0.664953608	0.562324686	0.626329405	0.97495816	0.611676331	0.456668281	0.735537951	0.747314412
0.557988377	0.918194923	0.259000955	0.961023125	0.536178913	0.384287331	0.883723497	0.805899912
0.620023935	0.794364654	0.617772745	0.992041465	0.591150675	0.327218156	0.791335009	0.450007669
0.667335063	0.931208873	0.445624917	0.577242827	0.411153728	0.357104013	0.789292481	0.427078788
0.699532979	0.985624631	0.592976818	0.930647922	0.598849599	0.268992874	0.898364996	0.804010301
0.556587418	0.881407515	0.499708509	0.796433672	0.464989179	0.452918595	0.951087607	0.518656
0.617600073	0.370164233	0.757094924	0.832511956	0.500951905	0.31666248	0.992376105	0.808813228
0.64853919	0.78699301	0.138280154	0.694701878	0.540293956	0.291351478	0.874508565	0.9432412
0.634661331	0.721412752	0.348711701	0.541756569	0.469062678	0.385366799	0.830580653	0.661566328
0.679306328	0.661562509	0.350957217	0.211480361	0.583818167	0.477280968	0.913552154	0.442891626
0.605950935	0.954949017	0.350352386	0.175271502	0.602174383	0.284449043	0.849024601	0.529454365
0.646823885	0.762297831	0.767651052	0.053292826	0.407192576	0.291502948	0.849498513	0.981965123
0.613850926	0.476770025	0.24406963	0.432321172	0.548285327	0.363972236	0.851599216	0.875421089
0.628577946	0.450469261	0.922810538	0.516697625	0.477593947	0.386773532	0.895664475	0.576858778
0.585641977	0.370033448	0.005909869	0.49311273	0.575045229	0.485456594	0.951580469	0.431478189
0.614911823	0.837384068	0.847874374	0.862189607	0.437364704	0.244629654	0.864228714	0.821387842
0.65547662	0.37524242	0.646511713	0.200495798	0.48152425	0.479051834	0.773897003	0.376863221
0.609292888	0.622250524	0.532418045	0.373098425	0.422808382	0.42850501	0.970104806	0.981562126
0.593014826	0.833868651	0.289095031	0.632813478	0.591921132	0.355720286	0.860184914	0.723325107
0.583307123	0.938426271	0.872377243	0.62393902	0.538465146	0.367555731	0.906136349	0.871217474
0.593798169	0.572042499	0.229295441	0.645019981	0.582824064	0.338064544	0.892313951	0.629969168
0.547556197	0.401092648	0.941310809	0.556720152	0.439317639	0.392830706	0.899476327	0.730766072
0.643671445	0.859907324	0.063620544	0.697624224	0.503072486	0.274178815	0.923305273	0.80945116
0.617924981	0.895942401	0.962821486	0.278142065	0.530437817	0.492346219	1	0.587054822
0.657252237	0.763102305	0.26339309	0.58387445	0.597356345	0.436418474	0.97894731	0.805297284
0.607978807	0.789457182	0.09997418	0.452700068	0.462440146	0.441739657	0.828182486	0.46785111
0.676322107	0.507359224	0.076746641	0.420229643	0.474100915	0.397271678	0.834149293	0.748766931
0.733393238	0.449935818	0.927395362	0.330837496	0.490837539	0.500274101	0.814540748	0.593363679
0.641143367	0.979547284	0.333497477	0.712460406	0.536027369	0.418112137	0.937070653	0.822751469
0.604185534	0.993414005	0.14245956	0.629889306	0.533224362	0.434815462	0.899769613	0.973392822
0.690241551	0.715239851	0.171181184	0.603112459	0.54372084	0.294744555	0.851555009	0.922923833
0.631065697	0.390789975	0.393720289	0.865201632	0.561247653	0.344995669	0.948516821	0.425399696
0.609603013	0.529944263	0.603933071	0.713246663	0.599190025	0.453731794	0.835447045	0.840171977
0.639181968	0.782151288	0.859907875	0.040862261	0.492345034	0.328801806	0.86121455	0.794264298
0.615334518	0.840271148	0.766743014	0.585853146	0.510566759	0.356667042	0.833975576	0.920698682
0.687616654	0.519743113	0.318791802	0.071082447	0.56778077	0.398884869	0.917712703	0.385159758
0.639862442	0.78856531	0.007323281	0.97698963	0.433586257	0.24867722	0.809752037	0.469676755
0.657140265	0.827427018	0.767599147	0.515361703	0.59410699	0.305054063	0.869303312	1
0.629254401	0.926051081	0.048904369	0.686166114	0.430646187	0.28636411	0.839760839	0.648058014
0.630941267	0.986313951	0.957429681	0.505799967	0.503049559	0.385162286	0.918515833	0.461285442
0.618015539	0.487459094	0.176604106	0.153700502	0.587766236	0.280904508	0.829369485	0.924949366
0.57892024	0.653873924	0.410308654	0.087606603	0.409366316	0.418486322	0.971413344	0.467118577
0.61139034	0.988780319	0.154314763	0.693817614	0.432300593	0.327708214	0.840728234	0.616559602
0.646163845	0.891437779	0.005130212	0.379481144	0.47588458	0.286670936	0.856948116	0.657018256
0.603943746	0.553980745	0.43088691	0.611173068	0.594588418	0.386722859	0.907442636	0.597632911
0.22110899	0.140213887	0.984459656	0.046007783	0.122752789	0.291367213	0.155920904	0.58645014
0.251736932	0.118565819	0.295575632	0.191754361	0.077530192	0.518767647	0.121721094	0.535796941
0.135045987	0.09298525	0.96839348	0.185888655	0.08355231	0.119247477	0.273166527	0.937550916
0.367334322	0.094517043	0.540877944	0.151039158	0.137142853	0.448672726	0.144424841	0.761198569
0.05550382	0.119472381	0.424240283	0.094107483	0.069804664	0.19859571	0.274558873	0.830018788
0.376960171	0.110888008	0.716519512	0.820838464	0.136725861	0.446997057	0.101719366	0.748313744
0.054652073	0.173378626	0.257349953	0.617308022	0.043645836	0.651437917	0.215166119	0.425260918
0.028034238	0.102119079	0.398740012	0.66266606	0.088057351	0.644469854	0.197139112	0.869967628
0.088679452	0.078520356	0.335808031	0.85520101	0.169745307	0.424045271	0.200369938	0.534341534
0.16667406	0.113865147	0.415618398	0.245716208	0.005648783	0.012826982	0.184156471	0.844682117
0.238634141	0.105321558	0.947404288	0.476141952	0.084169421	0.249956206	0.124179588	0.863327142
0.137209376	0.096744761	0.345400488	0.816477102	0.077883592	0.73010778	0.243123932	0.958915698
0.061803644	0.101516859	0.628361706	0.325823879	0.23003123	0.108936626	0.074039595	0.601464664
0.095689695	0.094363764	0.44888425	0.208483971	0.04239067	0.333450276	0.185168788	0.628050005
0.287754742	0.129187223	0.553094676	0.286254337	0.089654383	0.715358803	0.101250179	0.763806108
0.187388067	0.120733282	0.683568121	0.004526396	0.058360351	0.4451383	0.149417078	0.514009505
0.341654614	0.147337156	0.648845628	0.413981714	0.068824626	0.127681147	0.106732675	0.519244378
0.387264757	0.100871888	0.459960779	0.174313522	0.079818773	0.316829942	0.193651559	0.461815605
0.31255498	0.087072254	0.86560185	0.160510993	0.135659296	0.575463405	0.146022042	0.499091873
0.142126768	0.044603489	0.422456131	0.956218524	0.14090607	0.037933818	0.088230577	0.776619483
0.18564697	0.091066887	0.893378343	0.757963006	0.084810369	0.60977864	0.183320321	0.417017693
0.336176073	0.065335173	0.567104003	0.973607037	0.180440895	0.693206442	0.107885423	0.913633618
0.296216932	0.11102758	0.489243598	0.171066058	0.120344824	0.377689864	0.246692778	0.596576047
0.12240699	0.081876652	0.212150565	0.571403574	0.186188319	0.65770103	0.185316827	0.402434133
0.05346033	0.148578108	0.017031305	0.474808413	0.054748862	0.549928156	0.107812417	0.392214829
0.364265444	0.098133464	0.142853658	0.718219713	0.135534279	0.277343392	0.17372556	0.780074538
0.284362367	0.086270528	0.016301818	0.972849027	0.105447717	0.208239533	0.052205795	0.385457955
0.044818738	0.133447087	0.273747794	0.201526126	0.057308478	0.285760034	0.148585078	0.39771285
0.385732641	0.126963119	0.576002193	0.164412446	0.059053461	0.118115123	0.270146236	0.754398611
0.046106045	0.091581295	0.823374221	0.891651339	0.085523187	0.586883337	0.152533276	0.99069903
0.391031193	0.072586139	0.474945988	0.828862712	0.007872477	0.013709594	0.076231047	0.470503631
0.170698355	0.088375292	0.499327583	0.205443922	0.112955562	0.070084409	0.170977235	0.734950333
0.342286641	0.075580812	0.752950744	0.73209172	0.065886661	0.014377588	0.22069882	0.724826686
0.132348808	0.153672089	0.912346701	0.556797569	0.149829757	0.556107701	0.211950904	0.985846833
0.2880076	0.098922959	0.77829655	0.603561299	0.075288282	0.485230824	0.140098802	0.368917486
0.307287518	0.113320542	0.179633685	0.515418339	0.124046885	0.64453239	0.155960531	0.430029046
0.003343643	0.11418091	0.259338207	0.513983861	0.162845821	0.237814449	0.176887474	0.761385106
0.261743328	0.177311425	0.079411042	0.022387632	0.085014625	0.089250245	0.231317941	0.797671781
0.335541904	0.105197334	0.553976538	0.131111014	0.070958876	0.069485275	0.147055516	0.855572005
0.300932717	0.077940237	0.021500825	0.505384389	0.081263751	0.074627426	0.265785951	0.876405545
0.158655884	0.142998401	0.497615118	0.051647038	0.00950077	0.675598091	0.234714622	0.701206356
0.412771406	0.146406812	0.775743752	0.380688733	0.028811954	0.620948087	0.224163179	0.519752954
0.135389257	0.132522546	0.313176965	0.490180668	0.100787904	0.205854403	0.169928157	0.716619932
0.164638923	0.082908938	0.46565239	0.553354901	0.155213027	0.554257715	0.195224561	0.551965801
0.399662392	0.129635939	0.353931947	0.024935078	0.119561114	0.275253694	0.250450698	0.949472796
0.161199412	0.117503542	0.935150072	0.54246666	0.131954709	0.110678022	0.086297473	0.49993667
0.415125606	0.132636727	0.057084538	0.283685695	0.098385919	0.416287661	0.127429748	0.730376705
0.103344818	0.07805446	0.157713872	0.31783135	0.041975894	0.568747684	0.163536262	0.788120562
0.177977604	0.103847364	0.148439981	0.548650276	0.114883414	0.265107695	0.212400412	0.474409866
0.221994711	0.166574507	0.760320194	0.073906244	0.048098551	0.071601412	0.168502182	0.913458429
0.112577377	0.138716124	0.248709622	0.620721291	0.073767426	0.255812495	0.154520767	0.714023354
0	0.001124555	0.583445689	0.939046914	0.073787311	0.722463196	0.133461934	0.999510368
0.390625594	0.115987527	0.718382708	0.00069174	0.030491049	0.378990215	0.133772164	0.953520764
0.355952694	0.133429429	0.853073533	0	0.070190202	0.682139605	0.224606621	0.737645221
0.106579448	0.063981772	0.06347417	0.806087302	0.126944195	0.609240051	0.112496299	0.932929944
0.371978328	0.076414113	0.08126392	0.420539648	0.049657459	0.546194646	0.24773765	0.602933923
0.246162277	0.077023478	0.110899903	0.992756876	0.101249572	0.375561115	0.133928347	0.44126117
0.339711113	0.085993117	0.257862049	0.161154997	0.088783138	0.534414149	0.195154455	0.911718939
0.177558629	0.158752655	0.431143493	0.839613701	0.098752	0.520375051	0.163609341	0.398591681
0.176121181	0.132986375	0.006886805	0.917333264	0.060184014	0.732821466	0.16584884	0.620569072
0.052249813	0.110455675	0.030134824	0.423783742	0.11872949	0.3708022	0.137468987	0.721987954
0.35483036	0.075154046	0.209005142	0.610138148	0.112900134	0.487878083	0.138370019	0.942607564
0.312653696	0.048485523	0.002876268	0.405944491	0.230448189	0.674973936	0.109609142	0.540838095
0.059399735	0.080050317	0.653669663	0.359914402	0.082990925	0.416292443	0.160435783	0.69353961
0.270977409	0.084361657	0.713149924	0.240624987	0.117926265	0.56028364	0.174414718	0.396439748
0.018042522	0.120282938	0.789475929	0.19525863	0.093167248	0.103786314	0.215275024	0.935825124
0.312440245	0.105320883	0.125621523	0.646976324	0.10504461	0.419224972	0.086889764	0.531354426
0.406133761	0.073423696	0.951233097	0.121937346	0.180376254	0.157296682	0.127680202	0.98986112
0.336064224	0.188480622	0.21214164	0.646513269	0	0.207867542	0.13056865	0.989370767
0.319348028	0.086022952	0.027652078	0.459750262	0.114247481	0.740469861	0.107151758	0.668263203
0.026685279	0.153670296	0.256464729	0.153551132	0.090495491	0.545670759	0.124871201	0.404255565
0.227135568	0.115416183	0.230874108	0.696236333	0.087828859	0.428131963	0.06322452	0.92719462
0.027570259	0.060196186	0.622462039	0.348578442	0.13709978	0.72741148	0.220816076	0.801160259
0.072972946	0.131056121	0.841914023	0.417107096	0.037185672	0.364076863	0.185668761	0.399689627
0.244135943	0.056185856	0.782142218	0.226097172	0.10872548	0.644677937	0.233257888	0.835633719
0.384608311	0.094681958	0.764772172	0.568780765	0.151991965	0.111190644	0.139742191	0.493326201
0.095172239	0.088971738	0.963200083	0.258857541	0.128438722	0.605065532	0.193361603	0.368607306
0.389819966	0.130421406	0.335910464	0.231584773	0.002820518	0.455382884	0.159294196	0.458830195
0.331522899	0.081415446	0.887641784	0.344789107	0.089648288	0.67720995	0.19034157	0.564769646
0.22789673	0.098568637	0.626549219	0.617127524	0.117232206	0.505301802	0.158095894	0.909534157
0.086794184	0.10935962	0.910879251	0.197515017	0.060283554	0.430913177	0.165957233	0.464079239
0.321940619	0.133464843	0.944550818	0.074280594	0.083135695	0.452349028	0.149593985	0.430969964
0.154777984	0.111067287	0.153808373	0.155028507	0.109117401	0.004208177	0.109107241	0.962567712
0.415694714	0.099705598	0.163081362	0.686055913	0.11873571	0.568880942	0.192417933	0.464423917
0.375958521	0.08500656	0.614192589	0.914212705	0.083733662	0.396298153	0.159509062	0.93361074
0.422471544	0.05750218	0.134624439	0.87556397	0.198832667	0.687604956	0.079288461	0.778208756
0.287119651	0.12699406	0.215758656	0.038349527	0.132187259	0.405606109	0.168489723	0.374159458
0.183316683	0.101068222	0.901713939	0.216746183	0.177680334	0.025935842	0.110965719	0.425785528
0.323350236	0.090061269	0.726395863	0.047338054	0.111356756	0.52232982	0.051397793	0.894848415
0.189197133	0.120294277	0.711494628	0.303363767	0.062522554	0.380437883	0.16475233	0.691554139
0.346792605	0.116373417	0.958160493	0.258220528	0.098609835	0.368695146	0.208873948	0.870201186
0.230951237	0.0736445	0.537985432	0.922499403	0.115631274	0.429389614	0.139585812	0.657794763
0.114377502	0.127861293	0.393872633	0.366459078	0.119057149	0.153061035	0.232545965	0.93364969
0.300046195	0.088180029	0.348151438	0.785515823	0.008561604	0.262012022	0.244471158	0.443454614
0.256262577	0.099554592	0.797203396	0.210843504	0.07556481	0.375200183	0.197469711	0.785811328
0.22730578	0.113921663	0.061450569	0.840137777	0.098427371	0.128605565	0.13925785	0.430067429
0.369991569	0.105234706	0.313808869	0.358793559	0.07349088	0.087577924	0.194610431	0.992597173
0.075426687	0.124745535	0.35626437	0.504575131	0.137208107	0.58047253	0.16571459	0.67866992
0.294660213	0.100311508	0.20787442	0.145655025	0.135647332	0.483753852	0.198646576	0.425027223
0.312540406	0	0.317463536	0.089102358	0.135520256	0.703735312	0.253640744	0.709404247
0.261308227	0.100970176	0.74207702	0.1907698	0.086786494	0.515562051	0.119969944	0.366718398
0.407119783	0.092042365	0.457365069	0.512183745	0.116295635	0.318663442	0.238805492	0.359297466
0.3553534	0.113290281	0.638752629	0.475799703	0.052403788	0.577621341	0.043839965	0.982287735
0.146067859	0.131146241	0.864015735	0.527287898	0.055873745	0.286706356	0.277854262	0.665315948
0.140008672	0.082889473	0.717503149	0.385030593	0.059729104	0.74156773	0.169798287	0.892042852
0.137045811	0.092267278	0.616023231	0.259450221	0.11599805	0.38513464	0.155022454	0.765484697
0.195092176	0.154719574	0.316042092	0.828492153	0.121360734	0.554377904	0.199755245	0.654573034
0.389347651	0.048529009	0.720212914	0.597028168	0.028785256	0.07170973	0.149880589	0.587024001
0.081229529	0.096328045	0.625553003	0.753114203	0.10937406	0.250509779	0.266672875	0.861337737
0.418734463	0.09052945	0.574604294	0.328793328	0.098571874	0.74116038	0.16880383	0.81217235
0.065190764	0.104430701	0.839279756	0.369009219	0.12520922	0.33263355	0.196161856	0.859247407
0.324682317	0.095716937	0.669276524	0.982217116	0.110787986	0.016251544	0.232268663	0.890420151
0.006572365	0.09373847	0.783531574	0.87191563	0.080535852	0.03018496	0.274227729	0.413148206
0.206793195	0.134540887	0.35212834	0.025659515	0.11691755	0.434471353	0.196594584	0.916120754
0.157836482	0.067898646	0.920631281	0.83173916	0.083301162	0.501422198	0.172488232	0.433184405
0.209984395	0.096463678	0.255960384	0.194503753	0.043676499	0.367496266	0.214881373	0.443907824
0.148481842	0.100234444	0.495227615	0.813704619	0.153609183	0.570953777	0.204862148	0.931248722
0.068618689	0.150598365	0.627519633	0.74206343	0.047356846	0.427883802	0.217512138	0.913853582
0.24891217	0.051726826	0.156520875	0.310806536	0.157512343	0.302849147	0.234183801	0.928678978
0.393671151	0.125917087	0.202305956	0.826807434	0.012922343	0.099653969	0.161244326	0.654284876
0.312950007	0.057740765	0.473610468	0.732044711	0.065002294	0.135453038	0.235017154	0.571437144
0.373627907	0.098208009	0.702201014	0.771378019	0.100379932	0.068145623	0.270176048	0.997911679
0.229298718	0.087150487	0.634366239	0.590820716	0.078344348	0.663102052	0.113264348	0.804258423
0.036781724	0.110053133	0.116065855	0.411190817	0.148011103	0.741993828	0.058989709	0.785541226
0.383185742	0.120599148	0.156971728	0.358162531	0.016775002	0.410265257	0.219183426	0.936251518
0.930519559	0.350221218	0.208740246	0.455276397	0.869371393	0.783626064	0.015028892	0.866816043
0.89809382	0.359069484	0.471952567	0.369078318	0.930544964	0.862113431	0.110740916	0.902123931
0.907909265	0.687183519	0.459265965	0.143554469	0.817738197	0.852896574	0.323547209	0.593516341
0.928283098	0.741171382	0.462997981	0.408822036	0.860350477	0.807142293	0.168155707	0.44442184
0.840734215	0.364145911	0.092621891	0.824808187	0.869109925	0.817249016	0.499298129	0.475507762
0.923198015	0.57066242	0.643042857	0.914623358	0.841259493	0.828110186	0.290916104	0.609037196
0.800312547	0.641864463	0.826505061	0.531347139	0.847505466	0.731781978	0.440805014	0.777077346
0.913872293	0.575278727	0.662536274	0.720931057	0.875737138	0.892880822	0.330692308	0.962908398
0.877920075	0.583677906	0.67317756	0.620124092	0.817451687	0.838343257	0.208789363	0.581607341
0.942614871	0.523709245	0.231154647	0.866084386	0.894281016	0.888642342	0.408824158	0.673460934
0.894214382	0.654391103	0.021181272	0.521939294	0.889262115	0.946373495	0.33155544	0.67707598
0.985577659	0.535521264	0.616559432	0.774365065	0.87315365	0.864871594	0.321462491	0.364469141
0.91007303	0.683595626	0.700853465	0.606804339	0.792453334	0.623325266	0.473227117	0.759266649
0.858929068	0.967319047	0.669365426	0.501373186	0.843420089	0.846777185	0.04930039	0.445211666
0.812065722	0.946207437	0.854347818	0.682567507	0.888439939	0.73156977	0.550535105	0.824492375
0.931097628	0.869002609	0.379487142	0.157065428	0.849013989	0.890423684	0.183355811	0.418665735
0.925196086	0.423237676	0.885743321	0.378124861	0.869250445	0.768955496	0.372365203	0.572679417
0.927775764	0.634580669	0.999373593	0.26635036	0.891295345	0.920305631	0.387900848	0.939992412
0.898446855	0.567512055	0.331098357	0.731761535	0.869439505	0.716675526	0.00145313	0.935393441
0.85980011	0.545466227	0.757138676	0.065997627	0.897950754	0.822058853	0.191464975	0.94699719
0.897951356	0.447117423	0.235892164	0.079148966	0.945512726	0.743594409	0.3185571	0.55328946
0.893283169	0.558594771	0.713084967	0.421704918	0.898194047	0.796330242	0.279557608	0.658376277
0.928057762	0.747439404	0.331547842	0.946929614	0.826929285	0.760952461	0.348821809	0.768233477
0.86567404	0.645132324	0.519097066	0.013473696	0.861487664	0.862024474	0.080836203	0.687435357
0.888870554	0.458718346	0.857683632	0.803792242	0.876236332	0.803190503	0.016036607	0.989209218
0.958722245	0.361180637	0.467799255	0.88004904	0.869785162	0.827335439	0.485995958	0.767806498
0.909999684	0.942215457	0.285161061	0.672861626	0.840870414	0.868799826	0.220376213	0.559330954
0.892732226	0.943527381	0.983188269	0.452061782	0.882983925	0.880367699	0.261012299	0.518592828
0.808161452	0.925423086	0.173060283	0.764066476	0.857170169	0.876408202	0.573758895	0.482812984
0.933888455	0.36383126	0.447361527	0.520645358	0.772080029	0.67457194	0.16636969	0.820366563
0.883930877	0.871017824	0.502285963	0.593973895	0.923001502	0.779953151	0.05361521	0.727813496
0.972923926	0.921859306	0.123918073	0.822200824	0.857928299	0.838588213	0.559766063	0.68118823
0.891631346	0.530203876	0.976335955	0.351016589	0.910795019	0.737407628	0.482586428	0.921559572
0.968299414	0.657159263	0.000793728	0.828022536	0.898673222	0.775245492	0.48713365	0.601020397
0.942762458	0.53135497	0.132880454	0.228132494	0.809705321	0.808427977	0.573285692	0.517041197
0.922899672	0.752121261	0.595152291	0.94265788	0.879090584	0.85362938	0.563322064	0.483969246
0.895512707	0.426665558	0.533406646	0.242181661	0.800121252	0.758017425	0.059996499	0.809737791
0.864976652	0.802425065	0.332083786	0.703611301	0.850172717	0.682844092	0.378173024	0.743651499
0.882680911	0.616379303	0.401879317	0.581957792	0.951411055	0.744332957	0.017022295	0.564716255
0.926775012	0.974327998	0.450014899	0.111522431	0.836578755	0.86700258	0.235546205	0.357133351
0.924282763	0.645786774	0.206375646	0.360756243	0.90569104	0.775278164	0.34966625	0.827134182
0.839131352	0.573495457	0.051840209	0.303856841	0.838851303	0.801465254	0.177215053	0.716098256
0.918521309	0.874392994	0.72531463	0.087283797	0.863789091	0.874252344	0.05206991	0.505476204
0.848436572	0.859244694	0.723914607	0.833299741	0.873904927	0.918456437	0.564215031	0.430772861
0.956835702	0.718380839	0.38790743	0.559399801	0.9413812	0.842400789	0.391045184	0.457932011
0.931806115	0.686811284	0.691942875	0.770825518	0.840303083	0.876891231	0.005654149	0.667599951
0.868925252	0.816924891	0.782863399	0.709161153	0.938642581	0.868075883	0.059621579	0.941395577
0.888903448	0.477368042	0.730143417	0.639351285	0.851143554	0.843164512	0.395824502	0.644714693
0.895649358	0.707895946	0.451353432	0.990033566	0.916067012	0.841500582	0.303633856	0.816196469
1	1	0.815587702	0.984047388	0.88136633	0.729518958	0.536343749	0.887812868
0.8506413	0.896590894	0.560187457	0.931609914	0.863252506	0.767260049	0.373538475	0.463224216
0.873879103	0.579821369	0.109656978	0.125185815	0.907109257	0.815662212	0.454017837	0.444861679
0.924793086	0.347554923	0.943002731	0.398213737	0.942248995	0.702893722	0.39098142	0.966144822
0.934020765	0.619893169	0.035099791	0.019453641	0.798611429	0.674281312	0.537254069	0.447388518
0.908122324	0.585919412	0.738180895	0.98244206	0.836031865	0.722388955	0.109017601	0.52097767
0.784114154	0.507125611	0.609772383	0.087218512	0.862353345	0.824035853	0.107782971	0.980307338
0.914989157	0.94706699	0.956389268	0.146186005	0.916018865	0.747920895	0.292745015	0.955895501
0.908275344	0.560096173	0.503585234	0.177163639	0.923824323	0.76378689	0.45701097	0.647460565
0.922537298	0.691934274	0.277814408	0.311802217	0.918835117	0.797141024	0.074986894	0.489324225
0.915335545	0.907816162	0.244006914	0.096626028	0.877497393	0.73351468	0.048768782	0.492037044
0.916055257	0.369758278	0.013731592	0.102803257	0.910643582	0.85823935	0.249572839	0.571550862
0.930208507	0.498441533	0.975802031	0.869093301	0.898160597	0.786267142	0.318396347	0.789565091
0.923092937	0.937530796	0.653083963	0.947798891	0.915965574	0.823462022	0.474094681	0.709735445
0.917355632	0.972520881	0.310091077	0.001798725	0.864589788	0.637127126	0.222634626	0.574310824
0.923683081	0.629755238	0.883178564	0.819440973	0.91421663	0.831629646	0.458218029	0.590887458
0.946485534	0.684873762	0.35473051	0.015796182	0.903023102	0.945236893	0.025677824	0.753697894
0.937587968	0.587609654	0.25604974	0.293859913	0.868144776	0.818637511	0.094858467	0.831380498
0.894142866	0.994881872	0.439517479	0.925607763	0.857250744	0.904631466	0.010957857	0.631235544
0.883031766	0.530740655	0.730917872	0.717421681	0.910225689	0.83506381	0.448857377	0.914216498
0.860227953	0.517192787	0.086378015	0.084330481	0.910240986	0.920445678	0.438333196	0.938796114
0.919876239	0.924385047	0.254930328	0.145047079	1	0.802870696	0.382424658	0.400152407
0.881074948	0.781343577	0.607169052	0.632990659	0.844973801	0.832946525	0.364688418	0.732772035
0.911627266	0.595297477	0.46114902	0.740770305	0.884806987	0.689681887	0.123319032	0.523437868
0.841299374	0.637812594	0.136150072	0.219502481	0.804788035	0.788898721	0.083035028	0.679339285
0.898843414	0.78902673	0.091346655	0.281073126	0.825316461	0.741718122	0.081590563	0.442663931
0.877558195	0.727277124	0.996056945	0.857482646	0.892253675	0.843493774	0.184852226	0.507639451
0.94938238	0.463310505	0.904948379	0.23687971	0.882771423	0.721915751	0.425950607	0.969582822
0.93547181	0.756828292	0.605440382	0.053631336	0.853553963	0.938583264	0.362756379	0.697148921
0.936163558	0.911818957	0.277260695	0.002132182	0.882744136	0.603217903	0.235340541	0.75043374
0.889254753	0.980666378	0.216681303	0.70627563	0.878339492	0.706582044	0.080659234	0.668834422
0.850821158	0.940510005	0.605427993	0.575756838	0.84874684	0.851540987	0.341904195	0.540541968
0.84192374	0.661915432	0.427527744	0.716744528	0.869422495	0.913967044	0.412418456	0.98978587
0.905935866	0.753602603	0.460600733	0.606526331	0.917904162	0.761812664	0.121742952	0.593852908
0.930322242	0.596496923	0.652212781	0.3744747	0.836035006	0.690092691	0.563506499	0.592303319
0.935129118	0.852304901	0.115041837	0.584034049	0.869735966	0.802417645	0.118072039	0.683291605
0.914091648	0.510905681	0.828651985	0.4751227	0.92597184	0.76189521	0.578442512	0.571298637
0.966035853	0.46632453	0.438615075	0.504187172	0.871560514	0.879680883	0.216128691	0.51551056
0.983225365	0.694181757	0.231533327	0.149429105	0.917217396	1	0.203910617	0.450784411
0.863167681	0.457172055	0.771205476	0.468253767	0.884717555	0.866523581	0.535339488	0.846647805
0.973045964	0.675025118	0.935731329	0.743756673	0.897913703	0.862785965	0.138394719	0.96211813
0.973038887	0.339098777	0.118118783	0.242398649	0.84882339	0.946424882	0.553608465	0.90037451
0.860771634	0.458959099	0.515222903	0.902455438	0.828719621	0.800674204	0.223426117	0.873442506
0.91149346	0.463167952	0.029187072	0.756482006	0.853661899	0.917762693	0.153593307	0.945976514
0.846612757	0.725009772	0.881585712	0.340935565	0.858770242	0.812518418	0.271652026	0.735434424
0.884897037	0.574459655	0.379349007	0.296379195	0.922300364	0.846756137	0.194210634	0.487698604
0.924682701	0.819696536	0.59699322	0.39864424	0.885129182	0.710391737	0.298489209	0.968606373
0.853992729	0.540296127	0.651412464	0.287604231	0.940179317	0.822424476	0.373600642	0.916032679
0.85805144	0.698462005	0.728561291	0.702807759	0.877741256	0.871088347	0.528272116	0.910295941
0.960523218	0.360966322	0.389853641	0.311641479	0.884753762	0.913909892	0.287459135	0.778732505
0.881509175	0.718311982	0.766876182	0.169712128	0.920872008	0.893363524	0.388464261	0.964436204
0.86903711	0.590356362	0.565833158	0.671078312	0.943816166	0.896213608	0.252788363	0.993419169
0.8638763	0.549953684	0.091801062	0.416861365	0.81228769	0.881301133	0.081573332	0.67619958
0.899356705	0.927541515	0.225232708	0.378635057	0.889694961	0.739947122	0.023045044	0.891351048
0.9324316	0.820585373	0.768730919	0.811014584	0.877246652	0.806045849	0.484281643	0.358148539
0.855998917	0.393774997	0.497230185	0.602385838	0.914805364	0.800728973	0.539191647	0.636289537
0.867995686	0.712731453	0.213880126	0.693839037	0.809908712	0.978152289	0.409544862	0.954133596
0.917031101	0.383272723	0.544513283	0.434249988	0.884578737	0.718880447	0.524914204	0.63613244
0.884127555	0.706031434	0.371753273	0.356943912	0.82731176	0.736846966	0.489427383	0.685185869
0.913158871	0.986138508	0.673330138	0.039874447	0.874048586	0.784140807	0.0398599	0.865357326
0.793603322	0.410112983	0.646963783	0.291428097	0.93514962	0.846226423	0.225102523	0.610931354
0.921279937	0.932128912	0.832309468	0.9162301	0.90041872	0.794385931	0.504405796	0.44805416
0.898910245	0.425270541	0.579084888	0.72133899	0.833506154	0.832033631	0.458158661	0.952878896
0.873644824	0.610679347	0.806587434	0.652548002	0.846778073	0.874194795	0.113883203	0.844715762
0.962469488	0.699088267	0.86596741	0.985567896	0.84809034	0.782032069	0.361712266	0.529669489
0.879868821	0.801663397	0.136244207	0.168959304	0.775955127	0.907083398	0.016438106	0.4522303
0.84742744	0.408668548	0.541261856	0.0789697	0.83898657	0.808667106	0.302945227	0.406646437
0.961404037	0.720726075	0.889365242	0.926433142	0.895695374	0.7848784	0.101464704	0.704117495
0.795668478	0.900606993	0.800926778	0.103271153	0.858315757	0.857214902	0.16695765	0.886934786
0.921094757	0.714001368	0.337651575	0.149025819	0.975148943	0.932347627	0.290493855	0.718813311
0.963179101	0.674614979	0.922891911	0.214173331	0.944296362	0.779820798	0.129188392	0.407329348
0.91792964	0.979783693	0.071728907	0.36370782	0.9369386	0.765954114	0.00143335	0.671998626
0.851158682	0.785309983	0.942532367	0.585912358	0.822871955	0.742432671	0.417058044	0.672666202
0.967322468	0.62808689	0.56032668	0.271080319	0.852123141	0.707469093	0.385595333	0.915824115
0.917648482	0.443235017	0.458513717	0.796398956	0.823367304	0.900226493	0.186366264	0.497444607
0.94453913	0.733496303	0.385266848	0.921827201	0.850470393	0.760126406	0.511513901	0.791127801