0.775157332	0.802096102	0.18072265	0.235436324	0.856516726	0.078248669	0.602796293	0.139536047
0.73013209	0.531822369	0.120961423	0.005530321	0.868116139	0.04658938	0.230508866	0.682146377
0.58337382	0.670276235	0.257531117	0.014290164	0.956104751	0.307267737	0.550624679	0.280056139
0.954986006	0.447516099	0.145162332	0.069223121	0.764542444	0.165851867	0.742559664	0.034105126
0.415897007	0.769872809	0.235301007	0.090912927	0.948662025	0.201765862	0.347803555	0.33853306
0.052930434	0.485607707	0.230813113	0.281011178	0.889119596	0.061013381	0.444161475	0.645397972
0.611108855	0.412100419	0.127505753	0.238301164	0.891547856	0.19792237	0.967460122	0.288615918
0.146270987	0.58519471	0.040670741	0.061097871	0.936233325	0.071410907	0.104196238	0.41060947
0.288866389	0.404227459	0.301022931	0.355287668	0.864687548	0.476856148	0.260374279	0.113002315
0.27852328	0.715233216	0	0.246897579	0.862034696	0.387529539	0.56684506	0.294350387
0.213834246	0.594869227	0.134668428	0.185593273	0.944446385	0.36551449	0.074247973	0.622170849
0.003459668	0.667204338	0.102492059	0.326880733	0.804615611	0.538364295	0.010835211	0.208179728
0.380016915	0.623733445	0.221068756	0.303070065	0.833032568	0.249132661	0.708492279	0.407305491
0.777209174	0.626080921	0.194721143	0.132067725	0.91815359	0.275900706	0.472958409	0.107815922
0.84767016	0.47872522	0.031921624	0.011993887	0.819669473	0.393586346	0.925857307	0.051919719
0.338325775	0.707714323	0.23650135	0.121543916	0.998283562	0.118397356	0.648525984	0.641283298
0.116326383	0.684937191	0.16061097	0.316329278	0.81675621	0.399799997	0.774817947	0.291138246
0.594367438	0.469357946	0.079457621	0.101098932	0.898786496	0.38109316	0.015580352	0.459761002
0.386838653	0.638136835	0.033279641	0.084229902	0.825501635	0.345032364	0.440647231	0.219107792
0.5571321	0.681949752	0.183445321	0.371472626	0.845227637	0.065527259	0.506385351	0.976041875
0.019464552	0.399796332	0.075134622	0.297468882	0.757471358	0.369251097	0.973218887	0.929373677
0.664954678	0.428916702	0.037636622	0.317718328	0.77892334	0.282210633	0.075735763	0.129077831
0.03995274	0.404948844	0.117706072	0.166795543	0.890468512	0.227247358	0.707963884	0.413013469
0.867598199	0.562095928	0.308102357	0.280269882	0.902727186	0.033885504	0.483970748	0.134387879
0.878565988	0.611987205	0.137959826	0.276638356	0.836405387	0.305023924	0.789121709	0.458800758
0.821054376	0.792940381	0.182445203	0.324722646	0.725716152	0.473263892	0.576625527	0.30065269
0.936324262	0.634161089	0.261932449	0.109391244	0.900346756	0.008157901	0.283843581	0.761000403
0.638024747	0.773192653	0.194833459	0.119395059	0.831365254	0.421930173	0.833803816	0.660611984
0.599277092	0.576290085	0.104719145	0.207862899	0.934596428	0.5691408	0.242402468	0.479920471
0.65918042	0.810078112	0.283028811	0.167038054	0.923893456	0.406985848	0.226940859	0.148033183
0.000499026	0.557339002	0.19914947	0.239882082	0.998701001	0.269739808	0.56426014	0.037704899
0.142985614	0.803816312	0.082408662	0.331495423	0.844424342	0.182353472	0.64768754	0.67360142
0.775604897	0.54863216	0.214701336	0.36331038	0.858584478	0.556728255	0.14504214	0.166572131
0.8796984	0.40805652	0.105999014	0.337483345	0.898858974	0.490106302	0.16015877	0.682863977
0.670594109	0.738651473	0.146244756	0.261613864	0.761892436	0.095891256	0.688088776	0.065585651
0.613271766	0.515211514	0.210900589	0.247213461	0.893407169	0.052551763	0.9154324	0.038467054
0.14978414	0.720626084	0.086833984	0.280354908	0.853366073	0.189250736	0.097556504	0.899748872
0.947695852	0.721290631	0.176619529	0.094566123	1	0.024153595	0.497210354	0.787420316
0.078139308	0.426189048	0.183837037	0.273099591	0.838544786	0.009098449	0.616270638	0.040454061
0.317888126	0.782634911	0.115075486	0.350944781	0.816473803	0.262927699	0.455156156	0.828397273
0.53304476	0.706408795	0.075100356	0.296086305	0.802057855	0.44399898	0.501116641	0.585918098
0.01074189	0.536597006	0.080511466	0.06852967	0.940290637	0.147638731	0.649293071	0.194081644
0.539150808	0.745784577	0.143968098	0.365682295	0.821964451	0.467286223	0.284520017	0.436314065
0.018183511	0.769298842	0.184701137	0.346940388	0.899580887	0.115187457	0.445265878	0.372861287
0.421346115	0.500071609	0.351518172	0.172173658	0.790301901	0.542290671	0.508754817	0.332622472
0.862774425	0.662593023	0.284150377	0.010645186	0.875085231	0.576786768	0.139094175	0.460677301
0.071430703	0.697317422	0.252840201	0.346064921	0.974866819	0.275103627	0.089600988	0.36403919
0.58712796	0.476576255	0.231220895	0.122794264	0.706714702	0.237726087	0.868600224	0.926358703
0.538823149	0.64763343	0.084396128	0.232964259	0.736006189	0.351654966	0.702996152	0.980143171
0.837135668	0.453582452	0.199765313	0.3284567	0.846823863	0.26244992	0.134766949	0.286402861
0.904431297	0.683934695	0.011110978	0.155152225	0.918317633	0.272222248	0.807159628	0.143787864
0.043881259	0.628402398	0.057575987	0.168335086	0.82937158	0.096067132	0.858119576	0.160680195
0.687857908	0.44700677	0.196847867	0.335824729	0.792111028	0.437508922	0.045624364	0.821570732
0.845051113	0.453690477	0.155312075	0.070105779	0.968567126	0.137369586	0.801163313	0.149226967
0.401820593	0.580036984	0.140624324	0.289676454	0.738288912	0.574059176	0.94654182	0.213085077
0.677203723	0.668873736	0.140742976	0.016196377	0.810438005	0.241586438	0.523429781	0.008403787
0.956663358	0.583549524	0.0061867	0.302067732	0.747651443	0.54305716	0.656357533	0.812348272
0.781939275	0.627205226	0.223313375	0.119141402	0.737689104	0.039315815	0.971824126	0.076756125
0.470605139	0.460059358	0.139134134	0.205586872	0.953827139	0.412494744	0.350145143	0.404592616
0.985371951	0.393445521	0.199821972	0.297041551	0.948039245	0.420208359	0.57894559	0.237597111
0.598870199	0.748864871	0.198139755	0.084629688	0.788507342	0.310138698	0.616430247	0.566284397
0.966456199	0.564799854	0.246394749	0.172467028	0.76185005	0.517448044	0.996727637	0.334326697
0.752060507	0.810240266	0.155666754	0.232770517	0.750043477	0.198417649	0.914701692	0.905353619
0.780910198	0.668336263	0.279710999	0.321330336	0.915501091	0.433294784	0.891382622	0.309627707
0.502881654	0.682756629	0.191097521	0.009898467	0.787797832	0.421923083	0.235384157	0.522382228
0.389655788	0.70793711	0.20354002	0.25574256	0.775686997	0.325382755	0.814084146	0.519829493
0.24920454	0.794090779	0.14414434	0.322861417	0.853437431	0.255232741	0.578532867	0
0.554386853	0.751139367	0.183630699	0.260086476	0.837555635	0.500912912	0.99243626	0.190559419
0.936373399	0.810537239	0.159163247	0.045569415	0.881619306	0.240435023	0.030844759	0.413192913
0.692030232	0.69570338	0.286669686	0.260534584	0.87561381	0.282222817	0.856906185	0.695895577
0.098315332	0.737608017	0.160942199	0.046979877	0.87389035	0.418920679	0.986345499	0.434375549
0.708629395	0.589706858	0.115692822	0.174883358	0.764598756	0.065597745	0.110580649	0.199585265
0.947047222	0.681205267	0.266191911	0.181297367	0.859570247	0.148132715	0.15748993	0.371391195
0.362678237	0.677290223	0.058225513	0.21976413	0.888018528	0.485291657	0.826148727	0.316068996
0.170031653	0.400812667	0.26298192	0.134297519	0.773418646	0.243501366	0.071112419	0.233034134
0.064422084	0.459262033	0.209213815	0.242854146	0.692530999	0.520535522	0.570772087	0.573822872
0.143714601	0.494454284	0.359944166	0.064881448	0.851324281	0.276608691	0.880092474	0.950558112
0.824371524	0.586193689	0.170160081	0.324137043	0.887541838	0.143395972	0.672689374	0.980190262
0.394701807	0.648833485	0.005037391	0.274293233	0.771229677	0.533489727	0.95859812	0.374374146
0.037547873	0.729513174	0.229029535	0.31101234	0.946427069	0.288043566	0.246108731	0.06433262
0.77361955	0.540303372	0.312615245	0.26457746	0.791749771	0.565472038	0.400456069	0.055690738
0.424626244	0.746407597	0.111392367	0.195518999	0.772074078	0.366613302	0.365620938	0.074600937
0.420871349	0.689353653	0.159396754	0.296571022	0.873239048	0.141557473	0.64179037	0.864463769
0.053055917	0.718636358	0.149322242	0.047032213	0.983354508	0.21801556	0.537154545	0.374313093
0.770423943	0.560073138	0.315116569	0.075261081	0.889211211	0.226808556	0.40983778	0.142238781
0.60099889	0.687344044	0.218486638	0.110339591	0.801045083	0.345620918	0.272714798	0.593406162
0.855660494	0.715918081	0.221806713	0.038326876	0.963236963	0.104947739	0.168124707	0.693556869
0.950271727	0.460489523	0.142769164	0.054012651	0.877432549	0.261891605	0.914038529	0.744492778
0.189948377	0.783117803	0.058790837	0.195479403	0.743141117	0.532134641	0.199084885	0.786839676
0.06889335	0.597540147	0.135417385	0.01970573	0.85512934	0.216171247	0.423149235	0.175963148
0.571024332	0.542389286	0.122139025	0.039944976	0.948215996	0.057563802	0	0.864774373
0.424172965	0.663817168	0.150185342	0.08049334	0.776752275	0.576808063	0.818389111	0.450766128
0.735395681	0.59600239	0.411752957	0.285739967	0.850489577	0.027283359	0.294855582	0.447829668
0.961151187	0.513836671	0.001661312	0.119711398	0.865781483	0.533638028	0.738167016	0.31657411
0.862186451	0.70982608	0.226935451	0.348068794	0.918004928	0.167224629	0.988578532	0.222170027
0.582892618	0.671876055	0.005899967	0.244798731	0.894272871	0.059671596	0.221003375	0.147503598
0.980616452	0.733091238	0.190535171	0.369747486	0.900494219	0.032139991	0.08536112	0.164480962
0.843432767	0.633084813	0.049445659	0.152602112	0.958470646	0.280333252	0.15903167	0.724718101
0.15547681	0.58181876	0.224375503	0.0924646	0.704627711	0.264020158	0.942437499	0.150031689
0.714699335	0.580612433	0.198752131	0.107329466	0.835012986	0.178300548	0.006958641	0.581778852
0.080384683	0.457385999	0.163653323	0.359642368	0.910525652	0.438600936	0.775721385	0.879134936
0.792088502	0.51265017	0.213521108	0.305550845	0.833696019	0.137352451	0.613105448	0.11232781
0.275298894	0.651544444	0.280394071	0.234629887	0.9037359	0.164817381	0.695842763	0.329823241
0.084306936	0.695863387	0.169133074	0	0.808795009	0.434589897	0.342929653	0.699067726
0.693360192	0.526538239	0.155048072	0.012510309	0.893326811	0.379730131	0.494181074	0.67095583
0.92359372	0.595356079	0.279918496	0.286496365	0.586773834	0.418949724	0.530554332	0.315267768
0.525015449	0.46010676	0.17918844	0.22086597	0.790137736	0.099372227	0.76196709	0.10351337
0.250387967	0.50602411	0.101258633	0.155877047	0.811116422	0.156595021	0.525298918	0.842605921
0.545216114	0.449372507	0.164371973	0.241905151	0.77418893	0.001188918	0.261072598	0.558187982
0.88157756	0.439204161	0.323068608	0.226113472	0.687710954	0.048178229	0.429538233	0.238042934
0.080259832	0.407286844	0.118483949	0.163057009	0.646711062	0.004539778	0.675241959	0.574205398
0.544082432	0.804116523	0.156491385	0.019632193	0.894555787	0.293512507	0.844225228	0.430734361
0.146336354	0.505381759	0.336155719	0.281141746	0.921022666	0.096173954	0.024596911	0.265855305
0.443749484	0.736995746	0.135884251	0.241921484	0.8625998	0.45286303	0.67755967	0.669796615
0.117146608	0.531081987	0.086833031	0.174420158	0.950733164	0.485287034	0.023836763	0.103920371
0.759796084	0.666141325	0.119342046	0.017437257	0.885451639	0.167237583	0.746326074	0.498433383
0.847357334	0.692242627	0.194726736	0.25107565	0.946870194	0.091228364	0.031094527	0.792395297
0.29467668	0.74462515	0.191501745	0.319727601	0.798334454	0.278226516	0.376697529	0.513029651
0.232688095	0.614042295	0.137915548	0.124001401	0.929786435	0.38918755	0.853338111	0.500034133
0.203496645	0.424363226	0.336402729	0.369060504	0.74824907	0.422127952	0.312158177	0.217911895
0.881453811	0.767743601	0.034535953	0.128811029	0.978181248	0.296236971	0.054198194	0.240773051
0.146461822	0.648690124	0.172304965	0.282503877	0.690253898	0.273639725	0.803968262	0.57100647
0.211081722	0.445108234	0.081681249	0.08910924	0.813835775	0	0.960686202	0.482833457
0.754665055	0.520130111	0.098894579	0.190741053	0.861877104	0.062766445	0.239397922	0.080420991
0.68198941	0.499278038	0.120445109	0.327890097	0.946549732	0.217171828	0.968912008	0.921135746
0.40927044	0.719321395	0.273594357	0.323444381	0.603770845	0.892456348	0.789874654	0.558034764
0.127951858	0.707238465	1	0.429224339	0.202495856	0.837123381	0.291539316	0.901285634
0.237770569	0.72525662	0.600267544	0.19974266	0.232204254	0.938606196	0.054402966	0.392412456
0.579616517	0.799323787	0.811187698	0.426573518	0.589183728	0.857526402	0.499049182	0.854765027
0.41386751	0.795779469	0.683383811	0.3896037	0.538636249	0.975734561	0.904337346	0.664610829
0.535360834	0.649064156	0.898796314	0.355285241	0.301241951	0.891865093	0.638794259	0.63286574
0.280993208	0.767381421	0.803601713	0.311861509	0.448560006	0.901757234	0.521502685	0.198812573
0.007640794	0.627020552	0.886302038	0.296761652	0.468933382	0.931209579	0.35274137	0.223742261
0.283609858	0.676417119	0.838859045	0.362975752	0.141353682	0.960751888	0.435535393	0.723154596
0.917040607	0.655064437	0.759455103	0.258356142	0.7964905	0.754405627	0.671888629	0.498653839
0.266811786	0.453921425	0.973280259	0.441297168	0.76381035	0.881807955	0.401248035	0.037966744
0.700062901	0.504676334	0.707622645	0.303677379	0.297660111	0.905034499	0.660882368	0.09277214
0.864211652	0.56655001	0.970697196	0.280259513	0.750272123	0.837566987	0.479784025	0.077614314
0.092778674	0.74228858	0.427873994	0.504618116	0.164602476	0.948564534	0.216700963	0.521359139
0.021511965	0.680188267	0.38935974	0.480092592	0.193928918	0.881023839	0.414050366	0.605609029
0.995881749	0.655176097	0.858300344	0.434239796	0.245094427	0.83054111	0.442833634	0.647408044
0.562806494	0.709626816	0.68113244	0.418968112	0.45623655	0.886228623	0.390666009	0.118328603
0.833494036	0.697717292	0.400409091	0.324456212	0.58213296	0.844594822	0.417631646	0.073378361
0	0.612461587	0.320453401	0.293349473	0.269914979	0.850127956	0.323905492	0.003581248
0.949594931	0.604087461	0.305488351	0.433522385	0.737066921	0.87548118	0.157499912	0.637517985
0.695187647	0.742398755	0.958081773	0.27172921	0.413916384	0.928347642	0.132103083	0.109022612
0.521453442	0.643021833	0.652737058	0.385281386	0.035336126	0.881339431	0.822190944	0.310766612
0.521806463	0.641134636	0.367220731	0.482383499	0.805070309	0.840267817	0.834305167	0.507809755
0.661686196	0.516813062	0.488112456	0.376299635	0.128991569	0.863714406	0.162876179	0.726675653
0.1447903	0.636793913	0.33310414	0.263480101	0.590052817	0.849323174	0.751634605	0.933600927
0.264985008	0.583789174	0.270295466	0.546322091	0.66155706	0.95464208	0.914347875	0.174545515
0.917092559	0.464189426	0.67986794	0.441735206	0.538098222	0.883239315	0.436021069	0.139278527
0.447407296	0.524765576	0.887363994	0.434163872	0.537578948	0.967110426	0.310418511	0.677277873
0.692564484	0.795523167	0.866093461	0.441643296	0.453559792	0.855662557	0.944086588	0.073435579
0.854307618	0.746220367	0.404842092	0.335605655	0.327240086	0.936743071	0.703141427	0.118914763
0.289298663	0.524202818	0.958608752	0.358187695	0.282797971	0.826606039	0.6268636	0.074185727
0.401109205	0.568688773	0.426748695	0.419912814	0.429881038	0.921725849	0.142127571	0.023566103
0.361105368	0.564882048	0.74482539	0.322656258	0.283941049	0.840913334	0.623095856	0.132226728
0.744608173	0.515982883	0.911538579	0.285310107	0.654774345	0.889772341	0.846906268	0.822906334
0.556133	0.543876321	0.972372297	0.330937496	0.272806938	0.781245166	0.219698218	0.481924249
0.010614064	0.741576905	0.518649131	0.283447106	0.677696565	0.885544894	0.361593355	0.782060192
0.4397983	0.695404423	0.499467142	0.408184655	0.447829864	0.926944182	0.53436139	0.533801298
1	0.763602871	0.939579578	0.419280758	0.423045197	0.822254269	0.16682968	0.974000516
0.772401929	0.407348388	0.261518937	0.432980327	0.103857702	0.854447918	0.501035583	0.607798926
0.855404415	0.712653908	0.953559749	0.404960616	0.542574098	0.853541584	0.865610941	0.787442938
0.137031255	0.633787194	0.36951861	0.445518447	0.568691619	0.839902824	0.15100554	0.436265374
0.884074352	0.677550661	0.173713997	0.297858959	0.682461502	0.897078532	0.134080129	0.319503829
0.125950362	0.702025961	0.882655828	0.425340691	0.759885291	0.936035763	0.022638757	0.176741339
0.907057656	0.740771897	0.392604253	0.37842864	0.172098773	0.821027632	0.04795397	0.466139047
0.482333364	0.684930439	0.324645709	0.410288345	0.253842839	0.902952412	0.3885849	0.76387735
0.245162826	0.502906112	0.653377182	0.442991426	0.392317846	0.964675413	0.273474295	0.276798937
0.010782245	0.600977878	0.210797751	0.40106321	0.41186196	0.902772164	0.332117438	0.619159542
0.249653692	0.65654192	0.603758509	0.329179409	0.241706847	0.932652239	0.711510992	0.500177302
0.927931122	0.634035315	0.605552701	0.478526667	0.598283985	0.814089643	0.719926309	0.534837957
0.558666748	0.697454074	0.867439562	0.388442375	0.381555169	0.79935608	0.37192189	0.00437378
0.059398157	0.81164148	0.940224732	0.408879557	0.375468755	0.924310589	0.279711629	0.885404966
0.138509369	0.675464182	0.70112023	0.177748869	0.169517581	0.939376958	0.25347987	0.397780076
0.993857065	0.771970716	0.995658458	0.403382575	0.051022424	0.849876651	0.092026405	0.503200048
0.53219044	0.694302488	0.898117371	0.316069504	0.392319864	0.940648641	0.895686207	0.022479506
0.323265938	0.537151106	0.893097939	0.35449895	0.271326525	0.914128063	0.597207825	0.828748231
0.493222502	0.652579414	0.592849993	0.480288247	0.171311274	0.861174828	0.080133501	0.065762662
0.305382523	0.703466606	0.824558442	0.328624904	0.807401673	0.874219605	0.184655264	0.442575793
0.535462257	0.779594575	0.923457204	0.503548713	0.320955419	0.886689348	0.115200262	0.228290563
0.93831189	0.665757083	0.713798177	0.322376029	0.83161086	0.86089572	0.85651647	0.573250342
0.353177439	0.621566981	0.605936511	0.440354566	0.145581964	0.787053109	0.096698304	0.08503983
0.765081374	0.750811531	0.837609376	0.386484227	0.46329886	0.856070047	0.283499614	0.848793499
0.734057679	0.553754805	0.598606267	0.389294069	0.431258382	0.823282251	0.327870739	0.59362522
0.000393279	0.56219545	0.303144261	0.443574945	0.717025979	0.944193294	0.346331045	0.748624128
0.306135988	0.468323676	0.901036475	0.407845529	0.507811677	0.876066159	0.101718469	0.697920092
0.95927446	0.603961263	0.367764517	0.523444121	0.112889538	0.865865454	0.512762679	0.173519269
0.637097092	0.80805523	0.330131774	0.412499541	0.090372075	0.848736132	0.369145602	0.303312859
0.89451775	0.76545056	0.210286018	0.348094792	0.285387447	0.842120097	0.04860057	0.090380294
0.214442938	0.640380295	0.294120844	0.382776113	0.325905348	0.891097843	0.097299052	0.321466603
0.217515096	0.726912763	0.661163899	0.39388958	0.370264081	0.86061036	0.203611714	0.985112196
0.39819634	0.434492133	0.429006088	0.440550785	0.474841455	0.949411606	0.002917567	0.334175118
0.995775306	0.70480997	0.706136295	0.423747987	0.370153042	0.941685678	0.880574112	0.526281401
0.586897972	0.55079672	0.956074234	0.488082572	0.807496235	0.870342228	0.78888432	0.655061525
0.291139613	0.75561063	0.388119962	0.368228977	0.105937736	0.78141638	0.79003301	0.580996636
0.027465919	0.786456594	0.845055101	0.467229421	0.224090789	0.923946882	0.889963056	0.804842946
0.085312703	0.678947745	0.944719782	0.472716168	0.704889196	0.945521349	0.566397326	0.893588855
0.104975447	0.671266904	0.251183488	0.518700015	0.063743165	0.880252942	0.804167903	0.197635401
0.455548508	0.528057969	0.967261331	0.455762415	0.490931119	0.917734222	0.594678165	0.826279062
0.491249925	0.46514511	0.275878718	0.291865498	0.352537682	0.800614627	0.313689507	0.421230849
0.178298158	0.747679236	0.784644194	0.454137899	0.235946151	0.807807765	0.020643359	0.870831683
0.724375223	0.524243527	0.379481901	0.530843558	0.739018723	0.85041221	0.931568119	0.115165566
0.917079824	0.789946723	0.522491224	0.330847311	0.155889602	0.89961624	0.405243504	0.131687008
0.14441173	0.546882458	0.891559927	0.50184764	0.718024622	0.816315031	0.114575277	0.008831511
0.918865954	0.660997612	0.366865314	0.472844629	0.606438683	0.791385286	0.751620194	0.049635041
0.440340321	0.392149851	0.631923632	0.342765512	0.554710683	0.824330326	0.045362863	0.119851182
0.825479197	0.688004195	0.913992677	0.594692973	0.661993211	0.976533538	1	0.70289554
0.93016264	0.54542079	0.508761736	0.414480358	0.829441111	0.938951413	0.417960846	0.460045513
0.28107692	0.493023698	0.774030278	0.480393905	0.502342996	0.816836847	0.81121371	0.087356894
0.157854971	0.716493375	0.454354346	0.394873312	0.241911276	0.991279914	0.407915042	0.717001765
0.813661511	0.532178553	0.901671544	0.44774283	0.799055188	0.917935514	0.234883363	0.019799869
0.680476007	0.742483264	0.624891182	0.423642714	0.044006051	0.893373381	0.43913788	0.660653082
0.44846702	0.438784289	0.811084581	0.437818192	0.443307667	1	0.666554495	0.678916537
0.301894834	0.730877965	0.64272987	0.365682296	0.22016856	0.913793928	0.107930759	0.564343557
0.949360906	0.511468664	0.193607201	0.299072944	0.548165684	0.94124798	0.317077763	0.785924433
0.444344029	0.545692864	0.4409521	0.358165484	0.188697098	0.716645157	0.150723696	0.561587544
0.696140954	0.708380285	0.900163157	0.376490727	0.817700785	0.863814327	0.704881097	0.102774552
0.470969426	0.616406987	0.653255021	0.464175696	0.050318183	0.835424911	0.594693888	0.496828632
0.654857254	0.471133731	0.64173388	0.490345669	0.578905891	0.850907216	0.902614025	0.860640323
0.146754276	0.629890653	0.284731505	0.285423882	0.543485626	0.731409847	0.278788032	0.275243551
0.415283979	0.399422561	0.432845522	0.404756748	0.69726075	0.82826812	0.85956312	0.733641712
0.352873554	0.555291621	0.686554581	0.330439747	0.753630684	0.950461568	0.725074109	0.653336439
0.661664588	0.650802373	0.690426049	0.350749396	0.509750357	0.927390614	0.369425224	0.234920589
0.966058955	0.808660251	0.916646893	0.38375695	0.604493734	0.827116868	0.03602896	0.891148052
0.681955234	0.520507602	0.955979429	0.305499562	0.612041162	0.774326234	0.854025146	0.860090324
0.768041541	0.52009503	0.312430757	0.450057851	0.729247148	0.899268726	0.355389256	0.09482461
0.100720586	0.470956553	0.776754372	0.360717305	0.394275903	0.770864517	0.222067393	0.942318218
0.969596693	0.478076234	0.519374722	0.413303846	0.517082942	0.908724869	0.548367962	0.297805255
0.80008186	0.457706354	0.495457306	0.344913228	0.499764129	0.916141526	0.333824218	0.945752693
0.021627153	0.523619882	0.221627875	0.316907623	0.157979359	0.8618404	0.221792392	0.651624014
0.523791288	0.668115771	0.592359457	0.375090131	0.764966268	0.735989587	0.29390777	0.073616986
0.71770491	0.624989399	0.520027579	0.378721975	0.720693481	0.905746677	0.291008743	0.78977165
0.399462131	0.807392545	0.935547592	0.416182998	0.366636664	0.806657236	0.51359784	0.33256945
0.547633784	0.485969975	0.757929408	0.33987573	0.812870391	0.936364985	0.84795812	0.912451894
0.86608498	0.413819786	0.69817286	0.331051057	0.73254422	0.889353886	0.323124466	0.25199595
0.978336729	0.432541098	0.629901217	0.295172047	0.731607138	0.854287524	0.664023246	0.138673494
0.328088108	0.761203187	0.422171626	0.33506318	0.442048687	0.901648877	0.620288221	0.689453913
0.475400789	0.416980298	0.409664073	0.429122653	0.339465187	0.835506785	0.881889052	0.893771158
0.770024469	0.627935329	0.694803428	0.215949326	0.053674061	0.870951146	0.014851133	0.816176578
0.72826753	0.484179616	0.230496325	0.391471003	0.382934143	0.855309112	0.432500213	0.731585255
0.818346671	0.59419532	0.764173833	0.428773882	0.298778017	0.924970639	0.160597282	0.107270209
0.635330184	0.414604991	0.237957705	0.510806949	0.108889721	0.881794449	0.978658517	0.223587341
0.085449687	0.494671745	0.214073729	0.457252959	0.041512508	0.871279655	0.396984403	0.074479576
0.042269429	0.80290866	0.181458729	0.30568433	0.054176083	0.818154955	0.771497513	0.160086347
0.259412988	0.631573295	0.188848877	0.341604974	0.341094389	0.756530848	0.908553347	0.954513661
0.210921765	0.66410946	0.47030939	0.273880389	0.566480931	0.782765191	0.608010173	0.235838532
0.139129229	0.613477148	0.358652055	0.350884186	0.760188235	0.897300095	0.2629846	0.004605546
0.183730192	0.06698453	0.81269933	0.091248901	0.150030837	0.485587357	0.86503185	0.367779524
0.074603478	0.133679441	0.1965667	0.165681154	0.562256331	0.554897359	0.743411574	0.209637276
0.185630702	0.063252553	0.684087571	0.173679695	0.626036601	0.402512911	0.077325034	0.278596785
0.594107254	0.09242746	0.682361283	0.323831358	0.244601902	0.484873909	0.924913979	0.290391716
0.626493208	0.083649375	0.543933559	0.062838532	0.111955697	0.09633331	0.575214795	0.336602279
0.060986989	0.112181426	0.933789779	0.362584755	0.612641864	0.152030507	0.460550298	0.143274423
0.269194497	0.099091868	0.970103899	0.302373033	0.515753827	0.512419814	0.542954891	0.274158769
0.421465275	0.100982111	0.630800499	0.066456187	0.001618509	0.105004046	0.289668926	0.346076832
0.572548563	0.094216672	0.898960429	0.168507082	0.471191291	0.090236699	0.499353819	0.291446326
0.314746992	0.16163218	0.531428716	0.190703901	0.766965033	0.321823284	0.900551311	0.388865247
0.983290706	0.05813187	0.831183457	0.250589517	0.284708225	0.4643732	0.488463222	0.228914299
0.319092656	0.084106068	0.743311417	0.243034711	0.298203558	0.268582415	0.12282212	0.286021272
0.53735086	0.184473035	0.515399861	0.083056855	0.562892962	0.35020202	0.547643192	0.438783656
0.376960485	0.062140782	0.369634703	0.187458543	0.415990408	0.334765164	0.04801124	0.441889418
0.63288338	0.160947527	0.691345908	0.035045398	0.442147487	0.486423975	0.073606506	0.350948962
0.671084866	0.181110087	0.862943573	0.226726186	0.077287604	0.299251675	0.134397808	0.357915401
0.373430021	0.135108705	0.285052684	0.114018038	0.735493257	0.010246728	0.780730019	0.198804003
0.996689771	0.194671897	0.584543731	0.090924801	0.181263555	0.156313434	0.2676916	0.363655209
0.192808693	0.103570383	0.808462613	0.275671412	0.802955816	0.009870517	0.031076923	0.387405597
0.322203481	0.071208718	0.424329637	0.315142657	0.442258006	0.573604859	0.964105462	0.283167981
0.805632962	0.128625514	0.849307015	0.051678184	0.071821168	0.455604955	0.836105917	0.215653151
0.594022537	0.093774767	0.708207335	0.369173561	0.52220943	0.067005865	0.231565663	0.178709452
0.744367802	0.154684946	0.58525005	0.321075503	0.198731593	0.36806549	0.099855135	0.421116535
0.47710226	0.138302492	0.407909821	0.291932514	0.569391412	0.13813721	0.781194987	0.175204267
0.775104738	0.033270936	0.898784591	0.298750536	0.709514945	0.02198335	0.402006418	0.437649596
0.719782828	0.174915164	0.908661261	0.032025315	0.346990261	0.285285689	0.855749692	0.423562543
0.907293865	0.132432646	0.411334315	0.209531187	0.456312296	0.509286805	0.095225344	0.30558958
0.393121789	0.171632803	0.413462654	0.091691295	0.176494731	0.110495649	0.316399038	0.355452303
0.235296417	0.110510395	0.432049765	0.061311963	0.662062066	0.114600992	0.126892733	0.317894196
0.203389942	0.079776441	0.639904616	0.12709613	0	0.175690235	0.502616212	0.424064545
0.18578471	0.186215192	0.618964982	0.047741056	0.582221382	0.576362962	0.736195313	0.361011463
0.320807026	0.060836386	0.625018671	0.181857059	0.475921724	0.392225904	0.137734372	0.404784956
0.99685009	0.108226845	0.3805275	0.011664632	0.592336527	0.582519932	0.348157551	0.422703588
0.059517904	0.162092407	0.576603171	0.122863667	0.322321552	0.041074923	0.763852887	0.004770766
0.704647998	0.150279957	0.261203968	0.11250108	0.282005131	0.262039544	0.84653622	0.369388604
0.290595104	0.155246605	0.587298397	0.241623048	0.434369188	0.511534305	0.517031811	0.495991299
0.854038915	0.091566389	0.791837315	0.087193826	0.064559769	0.106964503	0.368746288	0.324514287
0.871360486	0.144015931	0.938153676	0.108177919	0.16474492	0.067272142	0.712197405	0.479615616
0.134010943	0.09149664	0.926022728	0.298937353	0.726317569	0.215039118	0.235023886	0.206671854
0.442783741	0.008971147	0.8398589	0.28128678	0.636747927	0.341492864	0.969866842	0.412592839
0.160364099	0.142404016	0.542353035	0.325951823	0.401318867	0.34405992	0.428254932	0.136051454
0.25103043	0.105423413	0.234296996	0.316180818	0.768130993	0.196471924	0.20211421	0.157601715
0.57841044	0.023703137	0.726564688	0.345681341	0.358755105	0.451627281	0.344171595	0.455350866
0.693974987	0.103516531	0.601742101	0.067421479	0.832346203	0.188327493	0.043866262	0.233540577
0.678587518	0.04603196	0.714732478	0.280190786	0.744809476	0.536276036	0.671921663	0.499227185
0.049534142	0.115325501	0.253132946	0.237443372	0.310576517	0.536694842	0.640305158	0.226694542
0.28347677	0.115668247	0.85012071	0.097267711	0.596640204	0.565388746	0.543850432	0.451006877
0.488827423	0.100101914	0.858615266	0.256425399	0.615264021	0.08998633	0.864662337	0.313210443
0.763008222	0.035666456	0.523377938	0.128591444	0.271206484	0.165784436	0.938870136	0.384645156
0.530291649	0.098434988	0.403537917	0.00321691	0.195335532	0.236081476	0.870212125	0.380106297
0.558459206	0.071698829	0.195915465	0.260612733	0.097089437	0.323521471	0.377799782	0.307054211
0.023308686	0.123736378	0.418529912	0.195525841	0.302683197	0.210984552	0.23295879	0.297703528
0.451511624	0.104190754	0.281868048	0.121448228	0.629038125	0.541364175	0.222411232	0.294058136
0.712257231	0.097243266	0.343849216	0.279046242	0.332267743	0.46049785	0.322156171	0.350627064
0.364604152	0.10779136	0.946373306	0.339357626	0.715814037	0.174303098	0.898685933	0.278251374
0.316844565	0.090534096	0.89439582	0.020738868	0.46418184	0.001151455	0.140738279	0.500809301
0.392538334	0.077032374	0.611445003	0.298356353	0.054163773	0.339106549	0.642915186	0.517393506
0.183861339	0.083821763	0.988438321	0.347238006	0.371721098	0.137570243	0.805433735	0.231881154
0.618743702	0.16847088	0.777010793	0.272644077	0.561111891	0.362311347	0.12020895	0.279980137
0.128435807	0.104157366	0.193955156	0.092279369	0.353781529	0.140940887	0.714331938	0.367933774
0.062372804	0.082392464	0.388883958	0.22281952	0.653267949	0.176288764	0.98623004	0.326397884
0.975924502	0.105702091	0.310557911	0.138526475	0.387528153	0.530769326	0.040502537	0.270128737
0.418339516	0.167267266	0.28662825	0.272424258	0.118489787	0.344371707	0.182561193	0.286663299
0.147841702	0.099662582	0.808755508	0.007091692	0.315314565	0.563341203	0.181419975	0.213059497
0.721577121	0.122426469	0.414529866	0.345465501	0.705744855	0.187230987	0.30848862	0.340072369
0.125228537	0.078057925	0.89953465	0.103818335	0.394511828	0.179710943	0.024369476	0.322284925
0.543422924	0	0.561082314	0.157960218	0.561090224	0.102781666	0.335907056	0.272340322
0.611380652	0.125573628	0.319433395	0.070747977	0.398981267	0.509953121	0.033987582	0.209038718
0.437635356	0.071541723	0.410936204	0.071380878	0.451034549	0.146665196	0.110612867	0.411048796
0.05782286	0.111123633	0.287708881	0.346726062	0.0868814	0.005315303	0.154481913	0.254467065
0.982498158	0.044345749	0.952889867	0.304183734	0.191222643	0.436245286	0.128647224	0.434441787
0.84463738	0.096339254	0.592357187	0.001669806	0.178394468	0.075515422	0.091176054	0.211247872
0.505139431	0.122822158	0.723407823	0.331847938	0.756432364	0.391838588	0.419552238	0.302172898
0.150638992	0.081361204	0.668741127	0.187573087	0.436342751	0.386125631	0.832304925	0.229551218
0.85915682	0.062993145	0.495172082	0.143171818	0.032273948	0.196125654	0.608699368	0.27863903
0.526434404	0.058082326	0.854363394	0.100401665	0.336369887	0.195673285	0.343935722	0.278447868
0.477393904	0.112142339	0.478801446	0.30258177	0.814291172	0.089827992	0.559371436	0.224949591
0.511259808	0.05022413	0.340826049	0.246179246	0.832858025	0.136330502	0.151742853	0.317130213
0.709773531	0.092112277	0.738885994	0.218307973	0.568555375	0.421994963	0.795018206	0.429790876
0.484432977	0.015554769	0.892325102	0.09540927	0.392665015	0.194516719	0.908421213	0.279149867
0.910443489	0.152557272	0.715198943	0.317644209	0.537748838	0.365496137	0.05049211	0.357231984
0.235427846	0.110115074	0.711915955	0.045654796	0.747883916	0.336265489	0.96372941	0.202586083
0.671504786	0.04792747	0.545663868	0.003505397	0.053810057	0.266014127	0.37427634	0.362182366
0.116938981	0.12302534	0.311269214	0.230263469	0.79145938	0.000187072	0.506495554	0.38345451
0.863201631	0.099514611	0.372374089	0.328002324	0.284379901	0.353439033	0.085191881	0.382364627
0.498604723	0.038468772	0.948679613	0.164585763	0.769125629	0.254034671	0.026335199	0.321499936
0.264132502	0.069990427	0.596721259	0.356884039	0.098898865	0.095468609	0.273220328	0.1155317
0.896230764	0.092536985	0.717005917	0.217809376	0.32679035	0.306973918	0.667347341	0.336425888
0.22494694	0.04161143	0.405346526	0.073024773	0.782675126	0.016539061	0.826600352	0.174795118
0.357907253	0.146621777	0.293395441	0.066757543	0.618574218	0.168694692	0.151060095	0.285748437
0.683541873	0.043925211	0.762723325	0.246030386	0.044481248	0.450136356	0.207088051	0.336904687
0.435287805	0.079667144	0.866408161	0.014834424	0.774151504	0.328428212	0.463222921	0.312381715
0.814710735	0.106496377	0.502314495	0.145962241	0.621234052	0.185645845	0.857585933	0.277439944
0.240856534	0.120209233	0.322172444	0.038460805	0.356377307	0.356728548	0.990717787	0.347802276
0.773769741	0.063310677	0.317161457	0.169055225	0.298408166	0.267245376	0.785793093	0.27265319
0.555115845	0.144743146	0.907683255	0.304767742	0.572259204	0.392242957	0.867003445	0.537437979
0.67258904	0.174122125	0.897498858	0.065592462	0.550689728	0.050305399	0.418084387	0.028511734
0.104650084	0.109722055	0.490549622	0.218157923	0.591717065	0.495852469	0.569477603	0.408368808
0.982805898	0.108296003	0.960972069	0.011933827	0.413475565	0.409487773	0.069095605	0.205505344
0.614052631	0.004588155	0.706381304	0.200473844	0.577794768	0.143398115	0.691532151	0.210532119
0.435554646	0.117722171	0.901672839	0.041362159	0.565038995	0.009780688	0.407742322	0.410283785
0.252340024	0.099640038	0.849328565	0.337276239	0.414013186	0.10398133	0.24727173	0.341219537
0.051433678	0.065683832	0.406707586	0.205894837	0.714784727	0.446847704	0.131400757	0.297455712
0.46805865	0.077157784	0.959815361	0.15182955	0.070201152	0.375063595	0.186483201	0.252447704
0.739257039	0.148674229	0.418782611	0.319845523	0.048397736	0.572081914	0.220796038	0.423309077
0.725167716	0.123072714	0.704761668	0.376816211	0.058018781	0.321260309	0.860872825	0.309802193
0.869412472	0.058376402	0.323986663	0.06327787	0.408193316	0.267402978	0.578905225	0.140179472
0.740793892	0.103206942	0.639123116	0.376904401	0.410419908	0.165719113	0.089214969	0.255158055
0.650341137	0.091674956	0.288074645	0.347668969	0.401247826	0.175891867	0.252031512	0.43218897
0.547006775	0.073664086	0.748681295	0.279663854	0.810015747	0.577999617	0.798334538	0.379274898
0.239672628	0.063120774	0.176922209	0.011977361	0.523816739	0.291954227	0.956212181	0.245262785
0.461011599	0.127570967	0.596671393	0.362477316	0.252052798	0.25070031	0.874524705	0.353183434
0.294228407	0.012250346	0.220795519	0.203419972	0.793176075	0.262477286	0.173183861	0.370620263
0.062900437	0.061688143	0.998934902	0.376273769	0.630232904	0.046583481	0.523650344	0.435639259
0.441512419	0.07862213	0.251907021	0.360749731	0.282061033	0.573760149	0.334535469	0.558248353
0.24790667	0.116710426	0.594930106	0.164869754	0.635990087	0.090189899	0.248885999	0.272492219
0.787401235	0.00278304	0.716220792	0.027019489	0.753197248	0.257780747	0.349280337	0.232441284
0.322173247	0.093032062	0.227087336	0.254918373	0.097719557	0.529298087	0.748525562	0.420985888
0.967845169	0.026833291	0.515838767	0.22345551	0.618130383	0.114731549	0.952076525	0.386032769
0.173311348	0.074263832	0.188936386	0.253528292	0.783700866	0.22559881	0.686128885	0.16291053
0.579501006	0.100473561	0.413790578	0.2744767	0.507736897	0.380146433	0.071801292	0.269633362
0.258841272	0.117362686	0.378431081	0.196910087	0.589734694	0.547673894	0.013518679	0.389458587
0.922756998	0.055930481	0.844789229	0.018791389	0.582549853	0.474317623	0.279092318	0.329979284
0.482697	0.15548376	0.262108723	0.275120407	0.703120879	0.062810305	0.030896618	0.197239203
0.847016315	0.102836673	0.361306753	0.337029916	0.134333412	0.16973016	0.433653602	0.297381515
0.84439777	0.810354861	0.649843102	0.747298724	0.658747394	0.098736504	0.601818613	0.370354918
0.052659244	0.892534127	0.611187054	0.804200867	0.100883857	0.272533122	0.809455584	0.975861627
0.572527418	0.867180003	0.707381834	0.755329019	0.339194554	0.293889317	0.073584287	0.704103352
0.264968418	0.89153842	0.952409261	0.928139046	0.528365706	0.064888606	0.710056216	0.656831582
0.537436789	0.794259256	0.558716243	0.90284333	0.823600196	0.387076772	0.214517653	0.99996745
0.102545591	0.79765114	0.402813565	0.768993879	0.576049168	0.32103138	0.299918137	0.194808926
0.447483997	0.94930038	0.445154242	0.719042746	0.035844891	0.580015701	0.951930853	0.279767073
0.123173608	0.788609706	0.465963837	0.770105332	0.248935488	0.47783362	0.030733826	0.791578255
0.148937468	0.902555688	0.525603996	0.843745341	0.462910439	0.561321628	0.89349467	0.044090658
0.968972792	0.847016484	0.272207636	0.890890072	0.414688112	0.499978268	0.384537901	0.234690366
0.370191637	0.906684413	0.908056238	0.749148294	0.200006932	0.256086456	0.382076287	0.672564098
0.235272615	0.857501195	0.494431634	0.839106924	0.503813443	0.409840955	0.856223072	0.161517949
0.042054658	0.877669647	0.930525585	0.733199861	0.169198459	0.103104997	0.893153859	0.439244986
0.600020191	0.86904259	0.401156645	0.923741179	0.45393968	0.530343928	0.02661113	0.898565933
0.090880039	0.853205465	0.583333042	0.848332886	0.557480005	0.031183474	0.885173032	0.12786103
0.712894306	0.845028118	0.182174156	0.974844227	0.019122668	0.242771357	0.334077528	0.45889203
0.214812526	0.852733915	0.7795028	0.794268667	0.540079036	0.38487642	0.041920699	0.651147929
0.54673387	0.791099559	0.563777552	0.757036894	0.263253647	0.03221265	0.463130544	0.63962983
0.602023577	0.875957168	0.71872857	0.870929673	0.107649161	0.443941998	0.565991067	0.243287675
0.101665773	0.837092286	0.9509365	0.767840871	0.248462433	0.169357188	0.234414706	0.785031297
0.356094115	0.893114142	0.732116043	0.727550102	0.493212409	0.354776303	0.117925213	0.247432291
0.14644135	0.821240263	0.460436856	0.832658634	0.153856301	0.220455215	0.484680525	0.770847106
0.549708423	0.882242933	0.626269069	0.799239105	0.304013986	0.408771318	0.051726944	0.490253137
0.703859338	0.868585912	0.648999951	0.847045277	0.337437508	0.205980602	0.103744092	0.267864704
0.469240206	0.793551361	0.836662918	0.77216126	0.592997689	0.193871929	0.392509234	0.98081335
0.432769658	0.876537108	0.897080843	0.931229785	0.370153277	0.565160136	0.063790318	0.632698116
0.900390553	0.820824148	0.623842228	0.69620274	0.684748986	0.360634848	0.439684229	0.549770436
0.8975092	0.821187078	0.250140768	0.804761615	0.809585372	0.327271184	0.547492473	0.748473046
0.884380297	0.836588523	0.767032786	0.842263076	0.705828591	0.503864924	0.547206185	0.622123651
0.106798306	1	0.840386574	0.8259068	0.456786127	0.545490644	0.368593081	0.470644336
0.582791372	0.880840604	0.870369398	0.735840957	0.690295758	0.515411133	0.653749323	0.097535643
0.788710163	0.852731456	0.296410076	0.809373505	0.319530274	0.083715678	0.399155648	0.364896891
0.949047786	0.934020009	0.474161317	0.801789583	0.510208133	0.278667177	0.960602675	0.730121421
0.166880342	0.841764836	0.676480158	0.865415906	0.615486854	0.334127763	0.671293841	0.576895246
0.819890964	0.8628903	0.608114111	0.845972243	0.297617025	0.36983294	0.651636112	0.425495451
0.898536818	0.844942836	0.197996607	0.888417236	0.101636551	0.25338236	0.662664328	0.422660428
0.438678025	0.794303929	0.48219325	0.9755787	0.430274782	0.165082485	0.881169399	0.779065712
0.906002521	0.826333515	0.346437347	0.834199231	0.513543342	0.576971852	0.697253731	0.582783547
0.673125784	0.879176485	0.847843883	0.984921237	0.396285127	0.511326442	0.969799841	0.122668021
0.779993578	0.822351572	0.89417816	0.878184113	0.109602433	0.338079812	0.664622543	0.453483097
0.665544077	0.856040723	0.408706935	0.824168222	0.720945453	0.422775418	0.223286221	0.166132546
0.212877682	0.868594101	0.386939841	0.993287752	0.189382734	0.093749459	0.613517904	0.549432511
0.209363343	0.807231946	0.883768728	0.836886471	0.641878165	0.111699295	0.195759653	0.23605766
0.520363537	0.856912443	0.902561901	0.804076389	0.812242364	0.256738384	0.533375963	0.719485464
0.418006426	0.858279699	0.193075572	0.950922091	0.33138956	0.5106815	0.13779554	1
0.608716843	0.850194324	0.972506788	0.917746206	0.349525845	0.330893539	0.980838699	0.069967338
0.781522376	0.86343142	0.747029686	0.753906775	0.422506595	0.330826333	0.124425334	0.811726747
0.390139849	0.911403711	0.318769879	0.818879986	0.333998064	0.544971819	0.850857702	0.165490218
0.118904289	0.843041051	0.444616994	0.79908061	0.157565115	0.014918302	0.115819213	0.391537472
0.047728893	0.891534299	0.269423319	0.701123312	0.43807258	0.109387739	0.127627475	0.778458323
0.477920776	0.851077071	0.942867732	0.777469412	0.777823132	0.039041824	0.157483035	0.933075951
0.797124179	0.802940747	0.954664327	0.794503546	0.644972979	0.137310805	0.982172775	0.232541625
0.265803916	0.828672663	0.400155013	0.692107159	0.013145609	0.169252174	0.751397243	0.047092952
0.495377473	0.90167591	0.726823644	0.743579796	0.622704025	0.183772232	0.850333227	0.312422027
0.625721112	0.852304976	0.63650497	0.930159252	0.099928617	0.289504554	0.570598475	0.131852375
0.202707831	0.848218151	0.18561841	0.850380883	0.134278902	0.288139021	0.664266539	0.824351521
0.703530624	0.916329632	0.30210028	0.821291637	0.225870636	0.113736505	0.534129425	0.26383587
0.301962748	0.790604837	0.979525422	0.770623298	0.388546141	0.376489439	0.738795895	0.685886009
0.840924894	0.858156115	0.920144927	0.928114443	0.476847308	0.266659791	0.048119648	0.940068862
0.558432538	0.883115573	0.546830756	0.816771927	0.110992749	0.065017674	0.761154631	0.673718517
0.899238641	0.907075873	0.55962435	0.661586262	0.05497051	0.461194122	0.768548067	0.15522099
0.071083283	0.889635513	0.389862939	0.948842189	0.662272766	0.011521606	0.249098737	0.973472409
0.50829982	0.858330306	0.599159428	0.899489229	0.716824608	0.269192903	0.743795623	0.810355898
0.028201037	0.8274003	0.187480273	0.777152998	0.661078857	0.074259109	0.805913057	0.056836345
0.713160863	0.88590716	0.563920926	0.798229855	0.728654247	0.539849584	0.098854353	0.611610198
0.242158019	0.774879765	0.748253006	0.866510344	0.03376061	0.313114834	0.463613183	0.606355043
0.893550382	0.869281499	0.375723463	0.710342943	0.753941726	0.514620965	0.520388222	0.217922997
0.554342869	0.914863791	0.260732071	0.801285248	0.011105614	0.428951586	0.437458993	0.766551081
0.181977828	0.851240082	0.570817889	0.808192589	0.161262768	0.1274763	0.691045421	0.062881508
0.130243538	0.819115989	0.33592001	0.820696029	0.184417231	0.4174784	0.718136483	0.054716288
0.300275478	0.777702173	0.602481534	0.917083131	0.07810157	0.341526147	0.886632887	0.688964932
0.979665572	0.916036099	0.977679571	0.739238634	0.706307818	0.246558455	0.958222354	0.259534037
0.019194313	0.889455219	0.17829355	0.981089726	0.218131867	0.174201817	0.154154297	0.08418848
0.389157055	0.81554416	0.597189619	0.90161558	0.425445808	0.270247951	0.331215727	0.134583767
0.670003806	0.890133938	0.931300142	0.841050925	0.103287481	0.338879976	0.638715312	0.009975371
0.039219338	0.806332902	0.979171125	0.817618312	0.499248377	0.217937735	0.18621313	0.495535006
0.761615142	0.874182173	0.775696119	0.81152371	0.445125552	0.356012304	0.818327563	0.64917088
0.878828955	0.897596309	0.555236895	0.800795269	0.568842397	0.14646421	0.566687291	0.046009092
0.135579492	0.910382008	0.45040129	0.839135845	0.192985459	0.196358226	0.385576623	0.226620097
0.548730511	0.892808038	0.668406546	0.791737565	0.487135219	0.101756034	0.216256052	0.404922599
0.607211875	0.810858015	0.433139606	0.773590083	0.713315415	0.379054416	0.479898014	0.215416973
0.134567223	0.852251967	0.485091816	0.80137883	0.259657078	0.238229237	0.953380378	0.656145578
0.509496226	0.918416003	0.464004051	0.853580461	0.689334679	0.183290769	0.247432101	0.241577249
0.893644334	0.768303864	0.863471814	0.910715823	0.252016254	0.205716054	0.360702602	0.926769509
0.311717913	0.836553943	0.494158532	0.84175842	0.592285098	0.249569797	0.624203192	0.053951397
0.179999517	0.84320734	0.21544601	0.791093899	0.036092733	0.039541091	0.212674056	0.575589096
0.099443044	0.858288402	0.209160044	0.808410189	0.271823617	0.560481476	0.810497914	0.698634633
0.345322919	0.853118241	0.453838557	0.821961244	0.597120145	0.247884766	0.869294625	0.889828769
0.371043339	0.85643617	0.364503225	0.901377001	0.487614889	0.036146876	0.238147329	0.774095544
0.333306145	0.866509575	0.923594096	0.707328327	0.068502112	0.058126988	0.30715037	0.312497442
0.524027981	0.848007288	0.736990984	0.762544792	0.627578195	0.274981206	0.298279074	0.077398974
0.717129568	0.823043867	0.36420252	0.930865933	0.531519148	0.457227334	0.672556614	0.181451749
0.237608015	0.858875861	0.293068314	1	0.710201295	0.504622232	0.443234683	0.133792987
0.039773253	0.800018864	0.455517287	0.849342508	0.746969955	0.541277161	0.302838271	0.01381088
0.905838855	0.817908854	0.978967628	0.74632762	0.51740873	0.137205934	0.262342193	0.744650984
0.388131924	0.883210731	0.939537907	0.66999181	0.831288115	0.576497043	0.897047158	0.745828462
0.27645678	0.86179123	0.898170946	0.758603546	0.153935908	0.2754747	0.252132498	0.797476907
0.839854121	0.811535185	0.573390978	0.85683622	0.017863313	0.305380015	0.715811292	0.786970893
0.889878856	0.816973994	0.990137433	0.843213724	0.567934571	0.119946796	0.948570187	0.428641209
0.308377671	0.79000478	0.923209294	0.874745219	0.068477996	0.466987117	0.272571772	0.435520116
0.497165435	0.792022655	0.698520757	0.968932861	0.636806727	0.268697374	0.382057128	0.008997798
0.151343298	0.88474316	0.331742858	0.887859688	0.234544759	0.147694392	0.073412933	0.115557124
0.749778276	0.821799421	0.602418517	0.765406711	0.236473348	0.124389003	0.299538697	0.052430871
0.028589927	0.876328963	0.853555277	0.993397711	0.481697069	0.03443157	0.239577796	0.602511443
0.197573304	0.848797698	0.37866017	0.899460241	0.438351922	0.188695535	0.814316295	0.868568504
0.678550591	0.809301286	0.925100539	0.887410698	0.082315347	0.094212314	0.447668928	0.665901707
0.34817379	0.786908175	0.893679928	0.968101678	0.409999485	0.407153635	0.11967188	0.141401158
0.152428507	0.876605866	0.231054464	0.729708273	0.028487215	0.413931153	0.642578344	0.709908198
0.303566808	0.837600078	0.372429839	0.812161727	0.008478871	0.107573868	0.798049755	0.45975885
0.731627697	0.814029572	0.670230496	0.931895175	0.273211633	0.080540626	0.178827067	0.552700628
0.381389665	0.849865093	0.887298393	0.878067444	0.440750074	0.49851451	0.329541987	0.502256614
0.725454193	0.86228891	0.666864638	0.904846952	0.067310318	0.24575356	0.873669925	0.606019063
0.527517931	0.833598639	0.558293531	0.935840711	0.564747849	0.4332908	0.667886827	0.059509473
0.949751627	0.883021762	0.977061024	0.88327769	0.013607381	0.548120676	0.623767973	0.094044967
0.908645874	0.841317772	0.911990467	0.895366363	0.629644771	0.200776722	0.01837431	0.313634737
0.769448621	0.814585778	0.580837919	0.830387537	0.683165874	0.053000974	0.002084301	0.990992861
0.296841608	0.922674519	0.962383021	0.815160151	0.450067553	0.268725211	0.248079571	0.613896322
0.222040903	0.881612093	0.711006603	0.850193486	0.285557215	0.089288803	0.617564669	0.478214931
0.405869055	0.886200728	0.912857129	0.962276892	0.150920578	0.543297743	0.794634667	0.501365322
0.74222126	0.919763523	0.231954241	0.625005252	0.548020199	0.333786264	0.945998948	0.217007466
0.79914922	0.889652609	0.767875578	0.737858925	0.404411011	0.3849721	0.729566616	0.529103231
0.537781419	0.848603134	0.792468765	0.913547393	0.721038267	0.026225198	0.002776569	0.24352945
0.36284719	0.777584567	0.593214607	0.922196248	0.045356037	0.444051659	0.4539728	0.429227774
0.902151479	0.888383497	0.801966869	0.856923429	0.770826352	0.257232331	0.770330147	0.996163594
0.257053122	0.923975957	0.643944083	0.831104506	0.113348315	0.456922387	0.539025254	0.043445705