17.277	6.453	1.408	2.279	1.739	6.962	1.493	8.311	0.957	1.840	1.768	0.635
11.822	7.438	0.129	17.795	-1.575	6.291	10.365	0.132	3.617	0.162	0.416	-0.712
19.874	0.750	4.583	0.079	-0.555	2.955	10.381	9.508	0.319	4.931	4.909	1.147
11.987	2.877	0.573	0.539	-0.208	6.447	12.829	5.213	1.719	3.120	1.360	-0.385
0.193	9.003	2.017	4.189	-0.642	6.029	19.988	1.397	2.878	4.263	5.640	-0.296
0.139	3.463	3.982	19.526	0.626	6.279	8.468	8.655	4.631	4.155	4.267	-1.001
17.085	5.782	3.898	9.631	-1.336	9.029	14.245	6.571	3.099	2.674	5.180	0.266
13.043	2.079	4.840	13.768	1.641	1.573	17.441	7.163	3.482	2.979	8.183	0.124
7.626	7.425	3.017	4.060	-0.962	5.787	0.145	5.013	4.254	2.827	6.737	-1.401
1.460	9.324	3.024	19.325	-1.407	8.648	5.376	5.825	3.619	4.326	4.371	-0.442
8.724	4.147	2.245	19.355	0.976	3.544	8.935	0.360	1.631	1.429	4.370	1.212
11.975	8.413	0.465	10.301	0.437	6.992	11.581	6.200	2.604	1.841	8.618	0.584
4.542	0.884	3.130	3.974	-0.342	7.294	19.929	4.890	1.150	2.549	2.187	-2.803
18.962	3.012	0.489	12.175	0.174	3.658	6.567	7.453	4.415	4.595	0.732	1.714
12.726	6.040	1.524	3.915	-0.175	9.164	6.020	1.765	1.541	4.738	1.920	-0.013
19.822	9.265	4.515	18.813	1.087	0.045	6.542	5.037	1.025	2.187	7.710	0.586
9.416	7.870	4.830	19.639	-1.706	0.616	7.876	7.023	2.562	3.404	1.380	1.041
5.676	5.338	1.694	18.260	1.103	2.305	16.364	5.780	2.844	0.296	3.945	0.826
17.100	0.198	0.508	2.450	-1.070	9.288	11.533	0.314	1.634	0.849	6.391	-1.109
12.870	0.796	3.839	17.136	0.029	6.672	13.780	2.216	0.352	2.923	2.778	-0.005
18.403	5.336	0.241	7.155	-0.803	0.537	14.106	6.480	4.191	2.089	1.029	0.159
14.091	7.667	2.653	17.036	2.227	4.135	5.947	5.838	4.842	4.767	3.944	-1.120
9.407	2.552	0.274	13.570	-1.775	8.526	0.196	6.225	1.386	3.538	1.130	-1.024
8.977	0.438	2.768	1.776	-1.504	5.913	11.853	6.445	3.241	3.894	1.813	-2.290
16.939	5.310	1.357	11.221	0.717	0.085	18.532	5.785	4.037	2.728	9.376	-1.273
15.776	0.762	4.384	3.859	0.660	6.640	11.080	3.140	3.520	2.455	0.259	-0.696
1.315	2.739	3.327	3.091	2.226	7.581	10.886	8.270	2.088	2.651	6.912	-0.077
10.435	5.611	4.850	9.624	-0.651	7.556	13.750	7.976	1.870	2.429	4.862	-0.807
12.840	2.297	2.269	7.934	0.621	2.764	18.352	6.019	1.983	4.480	9.828	0.714
6.898	8.919	2.121	16.011	-1.320	7.075	12.502	8.843	1.177	1.730	6.411	1.216
14.336	9.274	2.699	10.145	-0.683	2.562	15.184	4.502	1.711	2.590	4.041	0.832
17.932	8.125	1.591	1.800	-0.280	3.598	12.193	2.901	2.992	3.688	7.149	0.039
6.222	0.237	0.169	7.601	0.634	3.437	8.156	5.647	1.252	4.580	0.828	-0.075
6.750	3.017	1.766	4.249	0.148	7.630	5.572	4.831	2.399	0.073	5.664	1.598
5.591	8.177	2.555	12.971	-0.087	7.777	2.662	5.108	4.500	2.676	9.810	-0.228
5.726	0.524	4.951	9.418	1.274	5.186	2.945	3.630	2.372	2.960	3.954	-1.063
13.616	5.417	3.885	7.989	1.260	8.339	7.810	1.487	1.068	3.785	1.144	0.601
16.048	0.060	0.277	1.071	-1.167	7.670	9.125	6.967	2.159	3.617	8.154	-0.370
4.588	3.873	3.184	18.691	1.699	1.400	13.385	8.681	2.870	0.014	4.695	-1.407
16.815	5.677	4.295	5.038	-0.456	5.915	15.513	2.413	3.169	1.191	5.162	0.570
15.036	1.932	3.222	13.533	-0.835	8.973	14.648	0.355	3.219	0.004	2.088	1.248
11.981	8.294	4.901	18.362	0.155	3.192	2.787	8.751	4.698	4.859	1.848	0.567
15.567	8.463	0.726	1.650	1.118	4.101	4.160	0.797	1.971	3.105	0.612	-0.485
9.098	0.581	3.316	16.161	0.006	7.154	6.191	4.140	0.916	2.727	2.128	-1.683
12.484	7.736	3.232	15.479	0.931	8.469	3.849	8.662	3.941	3.566	2.373	0.145
0.807	5.467	0.707	14.073	-0.271	9.066	18.129	3.005	0.339	4.196	2.170	0.294
15.803	7.797	3.960	2.702	2.352	1.433	9.378	8.823	3.196	4.880	7.749	0.434
0.712	9.907	0.650	6.025	-1.802	7.725	13.678	1.391	4.771	4.076	7.852	2.021
13.302	9.538	3.238	15.464	2.073	7.805	15.081	7.683	3.043	3.141	6.182	-0.228
2.326	2.331	1.885	11.910	-0.006	3.950	4.999	5.854	2.763	1.196	4.184	0.985
10.739	6.956	4.259	0.712	0.282	7.617	10.992	2.993	3.663	4.679	6.216	-1.332
3.607	2.348	3.762	9.299	1.006	4.330	15.691	3.493	4.529	4.922	8.597	1.664
12.306	1.055	0.609	9.119	-2.132	2.382	4.856	8.499	0.726	2.185	9.812	-0.260
15.533	9.134	1.753	14.463	-0.247	9.912	3.452	8.293	3.093	4.170	1.430	0.595
11.545	9.637	3.560	7.717	0.554	5.551	17.328	6.300	1.355	0.393	3.866	1.154
11.570	7.130	3.518	1.344	0.176	7.448	10.550	0.651	2.100	0.597	5.285	0.159
11.035	7.298	4.126	17.483	0.701	3.064	17.404	7.844	1.060	0.888	9.839	0.570
17.198	5.538	2.018	6.288	-0.294	7.527	13.129	9.960	0.528	1.390	2.796	-0.532
6.229	4.390	4.917	0.488	-0.418	5.281	3.862	5.168	0.730	1.652	0.924	-1.444
6.880	9.987	1.224	5.752	-1.684	3.743	5.554	0.772	3.426	0.344	2.257	-0.074
8.139	9.862	0.741	3.235	0.812	1.655	3.205	8.091	3.035	3.743	4.250	2.811
3.888	4.324	4.398	1.610	-0.522	3.101	3.836	2.474	0.877	4.339	5.103	-0.250
0.527	6.522	1.536	7.271	0.015	9.864	13.187	2.740	3.733	1.447	1.571	-1.176
14.866	2.982	2.544	18.286	-0.080	1.529	7.615	2.320	4.568	3.691	9.029	0.740
13.752	7.566	1.192	12.970	-2.569	2.658	2.486	7.079	0.250	1.952	1.790	-0.126
9.501	2.421	0.080	14.144	-0.446	2.400	12.175	8.829	0.824	2.617	7.144	2.119
14.311	2.288	4.490	17.136	0.181	5.566	14.433	4.245	0.574	3.367	3.036	1.208
18.688	7.815	3.704	3.539	0.399	3.748	0.770	3.101	4.322	4.703	5.962	-0.115
13.893	4.258	1.083	5.529	-0.494	4.503	3.886	1.933	0.817	4.315	5.909	0.351
2.123	5.541	0.120	1.462	-1.771	3.826	8.950	0.519	1.634	1.757	4.658	-0.425
13.859	1.730	2.271	18.501	2.358	1.555	13.640	2.479	1.878	0.132	2.368	0.423
2.559	2.186	1.372	9.964	-2.047	9.976	12.488	1.017	0.082	2.190	9.349	0.795
6.830	3.107	3.155	19.476	1.047	3.389	12.338	4.052	0.116	0.759	3.691	-0.088
10.986	9.702	2.999	11.043	-1.601	4.077	6.569	3.362	1.001	1.103	4.048	-0.626
0.250	0.575	3.842	18.613	0.987	0.568	17.642	3.421	3.613	3.302	7.018	1.200
10.971	8.655	3.687	19.557	-0.743	4.960	2.207	3.186	4.011	3.926	0.197	-0.501
4.660	5.830	1.099	15.761	-0.834	1.042	1.270	1.155	4.257	3.871	4.985	0.133
3.021	5.350	1.693	2.848	-0.880	9.145	12.007	3.030	3.441	2.231	3.294	0.903
3.570	6.253	3.995	15.918	0.894	1.397	16.050	8.018	3.529	0.978	1.990	0.957
7.350	5.962	4.199	19.644	-1.643	7.435	15.332	6.854	0.481	1.360	0.430	1.186
8.410	9.118	3.149	15.451	-1.045	8.558	9.159	0.398	4.226	1.439	0.938	-0.542
14.676	1.345	1.147	1.034	1.913	9.293	17.308	9.430	2.796	2.430	6.444	-0.363
10.755	1.386	2.451	10.139	0.315	4.464	2.114	7.342	1.219	3.067	8.877	1.127
8.817	6.800	1.510	16.182	-1.128	0.614	16.051	3.850	2.799	0.726	9.255	0.172
10.295	7.041	0.277	15.157	-0.581	1.821	15.200	9.010	2.922	1.712	0.074	-0.731
0.859	3.200	2.138	7.997	-0.654	1.584	15.719	5.432	0.201	1.839	3.897	0.150
1.830	1.177	4.583	10.580	-0.268	0.942	5.869	9.114	3.596	3.340	9.518	-0.835
7.426	9.878	2.591	3.415	0.516	5.683	6.767	5.966	3.805	0.337	5.864	-1.574
15.371	4.749	2.608	4.559	0.137	7.269	18.449	8.838	0.696	0.308	0.324	0.059
13.087	3.195	2.514	13.209	0.203	5.948	3.035	0.032	1.258	0.895	1.830	-1.468
6.361	1.101	0.036	12.380	-0.820	3.471	15.193	5.465	0.333	4.268	8.685	-0.006
12.581	1.026	4.218	14.090	-0.299	4.692	17.053	8.236	3.405	3.516	9.588	1.761
8.291	5.236	3.993	6.572	0.742	3.643	12.042	6.986	0.000	4.831	2.746	-0.387
3.663	9.917	3.807	6.565	-0.764	1.388	3.234	0.968	1.848	4.196	9.219	0.229
10.759	4.613	2.400	9.104	-1.089	6.143	1.999	0.346	0.803	4.866	6.930	-0.703
18.960	3.978	0.883	19.188	0.200	9.584	18.782	5.312	2.304	2.868	5.883	0.839
17.118	8.732	0.615	19.183	0.212	3.841	6.896	7.702	0.524	1.055	8.296	-0.303
11.494	3.531	3.832	10.719	0.333	2.710	1.857	9.335	0.645	2.983	9.228	0.379
10.376	7.807	1.623	16.671	1.650	3.030	10.176	4.071	2.824	1.947	8.032	0.674
5.294	9.309	3.530	2.777	1.719	9.632	18.915	3.056	1.126	0.563	6.886	-0.374
6.691	3.945	0.033	18.965	-0.907	9.964	14.109	0.298	4.696	2.542	9.053	1.095
1.037	8.784	2.323	8.840	-0.223	7.589	9.911	4.863	3.978	0.259	5.793	0.730
8.036	8.011	0.491	7.208	0.474	0.718	5.278	8.919	0.188	3.781	1.110	0.051
15.615	5.242	1.509	1.223	-0.089	9.329	9.981	3.707	3.901	2.373	7.671	-0.317
15.319	7.557	1.727	17.314	-0.334	0.695	0.025	3.913	4.233	1.510	9.240	-0.626
13.196	5.708	3.575	9.720	0.664	7.240	19.033	3.677	2.030	0.568	8.756	-0.002
19.824	7.220	3.606	10.740	-0.941	9.503	1.851	3.928	0.344	2.007	8.297	-0.245
15.955	0.270	4.194	16.139	-0.149	7.406	10.525	6.838	3.767	1.261	8.312	0.583
7.632	8.780	4.895	18.321	0.162	4.402	11.178	9.165	4.254	0.356	0.273	1.614
2.011	8.239	1.705	3.382	0.246	2.050	5.503	5.609	2.510	0.781	3.232	0.123
13.127	9.853	4.993	5.952	-1.192	9.157	8.447	3.450	4.179	1.073	3.174	-0.277
15.838	8.191	4.199	2.750	0.415	9.874	18.964	2.867	4.093	3.673	4.345	-0.985
10.295	6.719	4.684	6.967	0.780	6.410	7.741	5.221	0.653	3.317	1.895	0.017
10.667	4.402	2.676	0.877	-0.483	2.034	3.651	7.317	3.614	3.323	1.459	-0.725
12.857	3.291	3.596	3.613	-1.099	2.298	19.888	9.688	3.627	4.071	8.505	1.512
12.301	2.409	4.876	12.771	-0.529	8.490	18.370	2.345	2.669	0.958	6.870	-2.646
17.624	2.855	4.860	16.953	0.830	6.835	9.714	8.890	3.803	4.175	8.243	-0.702
12.918	0.161	2.183	15.572	-0.097	4.720	2.114	0.697	3.939	1.358	5.838	0.405
15.066	1.957	4.169	19.362	-0.602	3.174	13.056	2.252	2.349	3.711	0.651	-0.368
0.001	0.045	4.224	10.014	2.144	4.923	0.040	3.722	1.379	2.593	2.163	-1.525
10.414	6.026	4.919	13.378	-0.378	4.472	4.023	4.126	3.615	2.555	3.804	-0.658
4.990	9.793	1.666	7.136	1.197	6.773	3.298	8.579	2.663	2.184	9.165	0.084
0.107	9.889	0.840	4.584	0.774	2.755	5.158	9.363	2.451	3.009	8.621	0.549
4.150	7.551	0.401	16.579	1.764	5.509	15.891	9.019	2.596	1.889	8.045	0.832
11.821	7.288	2.938	7.216	-0.446	7.944	9.683	6.598	3.840	3.875	5.165	0.378
14.036	6.872	1.335	17.230	2.495	3.704	7.962	7.983	5.720	2.279	4.770	4.414
11.391	7.646	0.919	11.679	1.604	7.294	9.727	9.239	5.200	0.023	5.653	3.013
11.522	0.585	3.228	18.903	0.788	3.217	10.321	9.247	5.095	3.641	4.063	1.020
0.475	9.865	1.128	5.055	3.940	8.523	7.876	1.211	4.299	3.111	5.090	1.381
5.478	5.515	1.318	16.501	0.315	0.207	7.151	6.055	4.158	0.772	5.267	8.221
3.074	9.313	3.997	16.122	2.891	7.648	16.602	2.936	3.064	2.580	4.993	4.729
13.707	7.482	0.734	3.614	2.417	6.577	8.582	8.159	4.722	1.536	4.950	5.800
12.326	1.148	4.169	13.861	0.046	4.955	8.035	0.208	4.013	3.432	3.094	6.203
13.651	6.971	2.313	8.088	1.755	7.121	2.489	1.924	5.560	2.499	4.052	5.577
18.707	5.591	2.752	15.386	4.364	0.598	7.699	4.522	4.711	0.657	5.086	5.887
16.961	8.202	2.212	14.769	0.672	9.663	8.072	2.293	4.929	1.572	3.934	4.168
15.650	4.863	4.997	0.840	2.303	8.042	3.599	1.818	5.694	0.360	6.672	6.463
6.471	1.813	0.474	16.788	2.746	0.419	2.554	1.416	4.813	2.511	7.191	8.218
2.992	4.076	1.334	16.969	3.947	8.187	5.279	4.966	3.570	1.853	7.072	6.495
3.401	9.569	2.788	5.589	3.442	0.912	2.340	6.763	5.262	1.223	5.790	7.749
0.484	3.275	1.138	14.570	0.877	2.635	8.714	8.355	4.438	3.765	4.133	8.278
0.990	7.473	0.405	15.717	1.912	6.514	6.787	9.982	3.679	0.733	3.540	3.085
5.482	3.563	4.905	9.687	4.107	8.526	18.862	2.198	5.604	0.406	5.842	7.134
16.921	6.911	4.841	1.665	2.486	7.939	11.581	2.588	5.580	3.203	4.990	4.981
14.690	1.325	2.222	7.839	2.883	6.976	0.440	5.963	4.285	3.610	5.991	0.540
5.439	7.743	2.802	3.278	1.332	7.898	7.904	6.333	4.850	4.671	5.144	1.855
10.606	3.079	1.355	5.703	1.887	3.122	10.936	9.901	5.289	3.417	6.213	1.098
4.993	8.509	4.054	6.052	0.991	6.066	3.771	0.004	5.968	1.762	4.065	8.126
15.823	2.433	0.822	13.104	4.796	6.545	11.340	7.869	4.299	0.528	4.292	9.798
19.861	6.437	0.533	4.435	1.411	8.543	9.808	5.524	4.060	2.363	5.228	3.476
13.159	1.022	0.186	18.904	4.687	3.692	11.173	5.645	4.384	0.374	4.700	4.663
15.137	4.637	3.563	15.382	1.999	1.254	0.184	8.213	4.598	2.024	5.607	6.538
13.966	4.468	2.201	12.771	4.840	1.152	4.479	0.689	4.222	1.114	5.035	0.668
6.358	2.802	4.271	15.657	0.499	2.413	11.572	6.259	6.893	2.944	6.154	9.751
9.720	3.318	1.436	19.650	2.037	2.748	7.055	5.914	3.886	4.990	4.635	8.718
15.499	3.074	2.663	17.228	2.304	1.652	14.517	0.467	6.710	3.256	5.422	1.574
0.410	2.822	1.191	9.640	3.987	4.720	18.817	3.858	6.540	0.513	5.551	9.891
1.247	0.632	1.245	4.163	1.105	6.352	15.320	6.554	4.471	1.288	5.096	5.013
3.771	7.726	1.384	16.216	3.997	4.058	5.918	4.346	5.683	3.095	3.820	0.846
15.913	8.295	0.303	12.652	0.502	5.629	0.089	2.016	3.884	4.922	6.927	8.107
18.349	9.150	3.253	19.185	4.648	8.964	11.005	7.073	3.213	1.858	5.093	6.229
19.745	2.388	1.192	16.916	3.536	6.095	13.954	6.851	4.395	0.089	4.437	5.054
14.340	2.842	0.606	6.361	2.936	8.231	6.229	2.644	7.185	0.360	6.081	2.250
9.763	8.918	3.279	2.283	3.674	7.956	8.618	2.908	5.022	2.907	4.092	0.528
8.469	1.859	0.902	2.273	0.923	5.230	16.328	9.602	4.722	0.122	4.977	5.281
14.498	8.338	2.130	16.728	2.244	6.445	7.153	8.491	4.093	3.143	5.307	7.871
11.425	9.137	3.149	13.147	3.906	0.228	1.724	2.892	4.171	1.162	6.051	6.223
15.689	8.454	1.476	10.482	3.211	8.040	11.274	6.010	3.128	4.251	4.918	4.585
5.604	8.952	2.667	9.482	2.447	6.339	13.337	4.934	4.879	3.055	4.634	4.802
5.926	2.685	0.113	5.590	2.055	8.831	7.691	3.404	6.863	4.610	4.088	1.708
1.263	5.657	2.116	5.621	2.818	9.874	6.795	1.888	4.241	1.667	4.945	8.082
4.554	4.512	1.124	6.372	2.963	5.706	2.705	7.286	3.453	1.428	4.870	4.582
14.838	6.449	1.287	6.217	2.561	1.079	4.524	4.254	7.638	3.474	5.841	8.692
13.728	8.492	0.226	8.500	3.890	7.590	9.824	6.576	5.920	2.644	5.779	4.204
14.363	6.692	3.385	15.056	2.916	9.161	7.258	0.978	5.461	1.599	4.436	9.383
14.013	5.299	4.231	4.791	3.414	0.153	12.510	3.747	5.035	4.414	4.918	7.626
16.466	0.889	4.310	14.740	4.059	8.258	1.430	9.054	4.151	4.569	3.851	0.798
5.856	1.924	2.123	9.820	2.342	8.038	15.898	5.406	5.820	2.811	6.456	5.798
9.558	5.708	4.078	12.684	2.212	8.650	19.818	6.021	4.643	4.639	5.515	1.977
14.766	9.254	3.905	9.257	4.222	7.788	6.155	4.576	3.494	3.213	4.006	3.100
11.096	1.892	2.255	13.666	3.218	6.967	12.206	1.676	4.291	0.504	6.312	1.796
11.745	0.014	1.426	1.240	1.454	6.423	12.819	6.079	4.028	4.667	4.344	4.133
18.939	9.622	3.750	7.382	3.527	7.956	12.537	0.625	4.305	3.865	5.472	1.089
13.366	9.543	1.489	18.078	0.329	3.814	14.634	4.832	3.482	3.894	6.581	4.920
16.787	0.068	1.581	9.854	0.016	9.065	1.603	6.631	5.114	0.357	6.185	0.490
11.050	3.404	1.627	9.600	3.413	4.574	2.747	8.924	4.979	2.455	4.848	5.207
7.062	6.405	1.669	13.619	1.457	1.457	9.288	9.404	5.591	0.968	4.484	4.444
7.123	9.603	4.314	4.949	2.439	6.566	1.771	0.308	6.312	3.565	4.084	1.092
6.868	5.412	1.137	5.158	3.872	5.912	1.639	8.409	5.778	1.668	5.991	9.828
9.269	3.325	1.079	0.568	3.253	1.544	15.968	1.691	5.693	0.865	5.032	5.150
0.529	8.264	2.636	13.965	2.096	0.467	9.091	7.111	3.668	1.194	4.880	1.463
6.749	3.207	1.944	1.473	0.159	5.379	11.781	1.966	3.483	4.779	5.671	0.253
17.038	2.301	3.787	16.420	4.381	7.905	14.931	3.708	5.769	0.220	5.645	0.011
4.673	3.796	1.614	18.001	2.214	2.377	4.464	3.552	4.324	2.098	3.571	9.591
14.944	8.481	3.355	4.551	1.743	7.678	0.622	8.396	4.345	3.670	5.109	6.663
10.261	5.788	0.535	7.920	3.121	6.162	8.112	8.331	5.342	3.260	4.899	7.180
5.623	2.601	2.354	7.089	2.893	9.470	0.892	4.462	5.337	3.720	3.409	4.514
3.355	5.499	2.148	14.905	4.095	0.500	8.999	7.297	5.967	0.511	5.118	0.237
16.502	3.217	2.535	7.168	3.463	5.893	4.454	8.621	6.268	3.860	4.257	4.264
18.615	9.039	2.368	16.112	4.121	5.040	2.036	9.083	2.628	2.379	5.364	4.305
19.153	9.967	2.280	8.640	1.458	9.805	5.913	3.834	4.653	4.481	5.151	0.914
13.279	4.432	3.253	7.721	4.481	9.760	7.167	3.030	7.490	4.830	5.867	1.196
0.432	9.133	3.100	7.254	1.369	4.996	2.070	3.634	5.004	3.938	3.844	9.475
14.059	5.014	4.099	10.622	1.917	1.556	15.384	9.158	4.080	0.144	4.472	9.669
1.102	1.223	2.501	0.676	4.974	2.072	4.140	3.415	5.151	1.188	4.721	7.270
5.092	4.357	4.919	7.941	2.413	5.552	6.368	1.069	6.023	2.438	3.479	3.722
4.355	2.260	2.521	10.056	1.601	1.412	1.222	9.535	3.812	3.778	5.113	0.511
15.075	7.250	0.095	12.502	4.244	5.833	3.057	5.177	5.058	0.912	5.142	1.711
10.875	7.949	4.781	12.552	3.002	5.078	0.621	8.706	4.814	0.761	3.356	8.987
6.806	3.124	4.648	5.474	3.404	3.037	0.633	7.749	2.258	4.973	4.500	5.913
15.891	8.908	4.034	18.273	0.218	6.161	3.719	1.472	5.018	2.142	3.968	0.707
4.182	1.655	0.847	18.435	0.800	5.503	17.673	0.225	5.928	1.272	3.724	3.246
12.023	8.116	3.089	13.075	4.515	0.185	12.810	1.601	5.793	4.042	4.123	5.859
18.118	4.267	3.954	12.176	3.463	1.540	7.938	4.875	4.214	0.110	3.857	0.152
2.861	3.807	2.789	17.987	0.637	9.758	13.199	8.086	4.409	0.289	4.541	9.067
0.513	5.795	2.067	19.145	1.682	2.564	10.309	0.372	5.623	3.742	6.023	1.349
7.665	9.364	2.427	5.154	1.926	1.507	0.921	8.172	4.836	2.840	3.444	1.540
16.753	1.689	0.271	11.413	3.479	2.689	10.199	1.202	5.096	0.289	4.851	5.307
15.089	7.715	2.976	3.902	2.100	5.775	9.519	5.108	4.687	2.483	3.888	4.857
0.313	6.586	0.698	0.708	2.701	5.164	8.121	7.138	4.562	4.460	6.784	3.644
3.757	8.870	4.401	14.106	2.619	2.771	16.732	3.356	4.128	0.330	5.682	2.771
12.915	7.476	1.706	18.778	3.791	1.920	10.306	6.620	6.360	0.082	5.404	2.330
6.466	5.542	3.921	3.555	3.653	9.450	8.476	0.836	6.064	1.489	4.680	3.734
10.287	1.573	3.888	11.905	3.197	2.585	16.539	6.405	3.381	4.848	6.608	4.104
9.592	0.066	0.790	14.984	0.678	2.274	19.680	3.124	3.295	3.610	5.900	9.453
19.356	4.046	0.884	4.004	3.123	0.326	7.732	2.877	4.637	3.444	4.452	0.546
12.581	8.334	4.784	17.001	0.732	2.011	7.417	3.581	5.698	3.977	5.052	6.493
9.689	1.873	3.406	13.420	4.906	0.532	16.232	6.831	3.955	4.304	4.143	9.063
14.461	9.368	1.681	7.437	4.523	7.556	15.329	1.440	4.366	4.408	5.745	5.363
17.166	5.758	3.114	17.333	2.459	2.882	10.761	2.890	4.274	4.754	4.115	6.196
11.304	7.534	1.829	3.136	0.351	4.328	14.693	6.025	4.994	0.545	4.135	3.503
4.426	9.673	4.776	17.605	4.346	7.973	9.956	6.907	4.406	1.618	4.816	2.422
2.423	6.270	2.607	17.898	4.899	1.375	15.125	3.146	4.772	2.826	7.203	4.285
13.708	0.102	1.874	0.611	0.530	5.565	6.378	6.222	5.117	3.762	5.069	5.034
8.218	8.528	4.665	5.572	2.769	9.538	14.826	1.400	4.894	2.555	6.051	4.699
5.359	5.011	3.276	16.670	2.724	3.700	10.823	3.889	4.039	2.010	4.148	5.886
5.452	7.161	2.926	0.797	1.533	7.291	11.459	2.859	4.009	4.722	3.884	8.599
1.638	8.710	3.076	18.782	2.804	0.086	12.755	1.380	5.341	2.264	5.809	1.061
19.096	0.888	4.304	13.434	2.366	0.730	3.284	7.975	3.051	2.047	5.379	0.330
16.548	3.206	1.626	5.069	4.634	8.683	12.049	9.048	2.546	1.698	2.374	3.588
16.391	4.145	0.945	4.405	1.030	5.278	4.593	0.095	6.756	3.223	4.218	0.805
13.429	1.644	4.328	10.120	0.722	3.159	8.151	5.030	4.523	3.569	5.158	2.484
17.561	7.650	3.318	7.902	4.934	1.994	2.818	2.091	4.414	3.799	4.062	7.899
12.021	6.024	0.105	2.148	3.729	7.432	1.871	4.012	4.145	0.420	4.773	7.875
1.079	1.845	2.388	4.708	3.731	3.169	12.441	0.697	5.533	2.816	6.244	8.286
12.464	1.703	2.893	3.432	0.711	7.348	9.628	6.139	5.711	3.537	5.923	9.233
17.513	3.187	3.946	17.821	3.725	2.075	18.666	2.021	4.872	4.264	4.154	3.666
2.738	3.925	2.768	7.802	1.044	2.984	8.960	4.513	5.631	2.191	5.625	9.267
19.800	9.844	3.372	14.556	0.935	5.115	7.021	4.163	4.608	1.312	5.058	7.874
0.129	5.598	3.120	3.765	3.476	4.436	13.538	4.048	3.830	3.306	2.842	6.836
16.211	8.976	3.961	6.920	0.564	5.003	-6.800	-7.083	0.839	2.968	2.400	3.027
10.967	6.412	4.977	18.795	3.991	4.603	-3.748	-6.529	3.327	0.723	8.685	0.409
13.419	3.039	4.233	7.752	0.458	7.916	-7.787	-7.383	0.648	3.008	5.800	6.078
4.355	0.554	0.418	4.892	0.402	5.047	-6.807	-6.217	3.550	0.678	5.480	1.372
6.034	6.156	2.806	12.101	1.905	7.393	-6.516	-6.077	3.668	0.847	7.044	6.945
8.651	8.861	4.742	8.141	2.193	6.395	-7.325	-7.542	1.985	1.103	8.753	1.873
4.971	6.730	0.124	2.923	2.400	8.513	-7.423	-6.045	4.580	4.480	0.003	9.809
6.037	2.222	3.304	13.508	0.679	4.910	-8.521	-6.153	2.721	0.467	0.178	6.488
3.951	2.555	1.561	1.271	2.050	9.426	-7.009	-6.166	0.508	2.001	2.611	8.620
11.048	1.720	4.246	6.415	2.357	8.069	-7.035	-5.642	1.916	3.203	3.880	7.829
18.976	5.430	0.244	13.772	1.988	0.926	-8.879	-7.826	4.850	3.518	9.555	5.165
5.016	8.059	1.918	5.898	1.205	0.902	-4.917	-9.622	0.688	2.890	2.299	1.494
13.985	0.597	1.185	0.268	3.242	7.353	-7.871	-6.247	4.758	4.831	4.811	2.292
18.885	5.981	4.842	11.622	0.623	1.832	-7.157	-7.709	4.072	1.926	2.500	6.794
16.536	1.546	4.496	12.691	3.724	4.375	-5.942	-7.641	1.987	4.755	4.962	8.648
19.540	7.755	3.391	12.134	0.713	0.930	-6.271	-6.210	1.312	0.186	8.189	8.551
0.912	3.945	3.115	11.565	2.051	0.666	-5.040	-5.395	2.963	0.474	4.127	3.088
18.019	9.323	0.694	1.682	3.237	5.964	-6.587	-7.553	4.298	3.091	3.409	7.765
13.292	2.158	4.435	15.296	1.081	5.823	-6.555	-6.365	2.343	3.895	4.232	6.729
2.099	9.224	3.686	12.157	1.419	3.602	-6.223	-6.960	2.045	2.655	0.913	3.238
15.473	2.016	4.734	4.233	1.654	5.151	-6.874	-5.641	3.512	3.968	6.587	3.251
1.219	9.885	0.729	18.728	4.580	9.900	-6.405	-6.979	3.374	4.532	2.549	1.544
16.400	6.611	4.729	7.333	4.507	2.530	-6.084	-7.735	4.078	4.902	9.471	9.923
18.889	3.190	0.348	2.939	1.428	3.880	-6.686	-7.946	1.079	0.295	4.175	8.425
13.652	1.422	2.524	1.513	4.572	0.246	-4.541	-6.335	0.265	2.370	5.435	0.270
10.381	2.033	2.406	18.268	1.872	8.091	-6.181	-7.167	0.599	1.469	8.259	9.913
2.868	4.307	0.421	11.959	4.401	0.867	-6.525	-5.920	0.047	4.261	4.196	3.746
13.139	1.098	2.103	4.679	3.612	1.125	-6.424	-5.678	3.472	1.562	0.060	4.295
7.677	1.579	3.960	11.044	2.530	2.798	-7.313	-8.042	3.394	2.583	2.748	4.504
11.113	7.861	1.915	12.406	4.669	0.255	-6.272	-6.598	2.315	0.170	5.121	2.579
10.202	5.262	3.456	1.509	4.781	0.270	-6.625	-5.721	0.508	4.305	8.426	4.061
2.268	7.765	4.214	18.609	2.705	1.549	-7.131	-8.284	3.005	3.818	2.191	3.445
4.075	7.903	3.590	1.840	3.017	2.721	-6.272	-7.703	2.086	4.092	6.318	0.201
11.738	4.420	1.493	0.338	2.647	8.231	-6.179	-6.295	2.424	2.057	6.364	4.301
4.128	9.629	2.568	3.153	1.679	3.371	-6.082	-6.916	2.416	0.936	0.844	4.187
6.252	5.759	1.003	18.993	4.820	4.803	-7.702	-7.278	2.555	1.715	0.625	5.664
6.381	6.659	5.000	12.342	0.774	6.513	-7.091	-7.130	3.465	3.298	4.283	8.237
6.281	9.120	2.016	16.315	2.067	1.266	-7.222	-5.471	0.983	1.726	4.795	1.953
2.868	9.499	3.389	0.344	1.781	7.103	-6.841	-7.300	4.231	2.535	3.002	3.521
1.638	3.096	3.342	18.589	0.461	5.143	-6.546	-5.349	3.503	4.516	5.911	1.993
2.348	0.794	3.807	5.761	1.193	1.890	-4.882	-6.309	4.092	2.819	1.522	8.075
12.089	4.528	2.805	4.366	2.820	5.901	-8.707	-6.471	3.577	4.650	3.843	0.558
10.473	8.794	2.526	15.876	1.414	5.400	-7.381	-6.686	4.776	0.107	5.274	6.919
3.745	3.790	0.255	14.877	2.772	2.151	-6.964	-7.065	4.721	3.371	7.672	6.039
19.195	8.447	1.018	0.826	4.887	3.568	-6.903	-7.963	0.895	1.668	8.257	4.160
17.191	1.678	2.818	12.685	2.121	7.855	-6.555	-5.600	4.940	1.898	7.528	5.064
13.428	6.914	0.459	15.401	1.090	3.651	-8.003	-6.943	3.787	1.495	7.976	4.980
18.140	2.502	3.822	14.868	2.304	2.642	-5.956	-6.386	1.487	1.903	2.314	5.955
19.330	1.161	1.241	2.159	4.996	3.601	-7.458	-7.492	4.582	4.454	9.554	9.763
4.745	5.583	0.281	14.745	1.826	9.440	-6.299	-7.582	1.153	2.314	3.028	1.686
1.292	7.500	0.196	0.808	0.273	3.685	-5.901	-6.276	3.165	0.296	9.897	0.085
13.730	5.471	4.096	6.275	2.513	2.758	-7.347	-7.332	2.836	1.126	1.005	5.988
0.988	7.598	1.858	6.121	3.934	1.415	-8.534	-8.072	4.989	1.013	5.448	0.977
14.857	1.294	0.303	6.465	1.085	7.532	-7.875	-6.835	1.199	4.398	6.929	6.364
19.423	1.921	4.773	11.756	0.026	4.850	-7.180	-8.204	2.570	0.936	3.107	9.378
14.129	9.460	2.128	7.900	1.602	4.769	-6.686	-6.455	2.298	3.095	3.533	5.980
5.398	8.483	4.457	13.281	1.795	9.498	-7.299	-7.113	2.200	2.273	5.012	5.466
4.725	8.389	3.082	14.340	1.817	1.407	-5.552	-4.952	4.829	0.529	4.675	4.771
7.120	0.378	4.134	5.209	2.777	0.583	-7.366	-6.913	1.951	0.774	6.462	8.880
14.277	8.173	3.663	13.451	0.383	0.357	-5.677	-6.554	0.014	3.096	0.275	9.202
12.831	1.517	3.128	8.713	4.434	7.197	-9.186	-6.955	3.993	3.772	9.176	5.028
17.962	4.509	3.864	17.243	1.852	6.107	-6.660	-7.670	0.010	2.524	9.678	6.063
14.070	4.729	1.627	10.514	4.099	7.565	-5.971	-7.570	1.418	1.168	5.704	6.218
17.451	5.820	2.998	6.784	1.324	5.608	-6.475	-6.709	1.002	2.022	2.648	6.173
17.996	6.534	1.405	10.694	4.629	4.328	-7.867	-7.999	1.794	2.021	5.839	0.021
1.851	3.132	1.958	3.434	1.055	8.727	-6.545	-6.962	4.791	2.935	6.414	9.872
14.689	0.566	0.746	16.544	2.318	5.535	-6.573	-7.575	2.956	1.850	0.909	5.053
17.651	8.714	3.608	0.263	1.483	9.655	-7.046	-6.219	2.287	0.818	0.102	5.025
14.025	2.839	2.998	5.420	2.277	4.296	-7.388	-7.234	1.198	0.935	6.834	9.103
0.738	4.886	2.714	10.584	4.040	9.173	-7.325	-6.953	1.452	0.461	4.488	9.917
5.540	2.455	4.033	13.389	1.627	5.848	-7.221	-7.106	4.421	2.337	6.878	3.903
2.567	4.244	0.620	12.098	1.005	9.311	-7.400	-7.836	0.469	4.330	7.818	3.527
3.828	2.242	3.292	1.920	3.835	3.931	-8.797	-6.980	4.943	4.748	1.653	8.436
12.791	7.347	3.562	11.213	1.704	6.650	-6.827	-6.473	2.469	4.035	6.023	0.358
5.136	9.540	1.440	17.960	3.736	9.861	-6.063	-7.591	2.917	3.667	2.301	3.302
4.276	6.172	1.746	2.396	4.576	6.649	-7.356	-6.058	2.821	4.026	3.439	2.057
18.893	0.199	3.222	6.491	1.533	3.253	-7.701	-8.333	1.287	1.503	2.994	2.388
0.521	9.396	0.678	7.376	4.556	7.051	-7.197	-9.231	1.830	4.745	7.355	4.949
12.533	3.215	1.291	7.949	0.744	3.834	-6.140	-7.490	4.717	0.817	1.580	2.119
3.687	7.175	0.378	17.393	2.184	8.745	-6.721	-5.371	0.717	0.022	3.908	0.830
11.274	1.656	0.943	3.937	0.264	4.544	-8.101	-6.717	1.839	4.909	5.850	7.242
2.096	1.421	2.297	6.806	4.138	5.813	-6.429	-7.194	4.077	3.260	8.902	8.463
16.079	0.124	1.952	1.990	1.118	4.038	-7.233	-6.586	0.212	2.872	8.961	3.574
5.864	2.099	1.405	2.102	0.816	2.341	-6.254	-5.357	1.270	2.817	7.995	1.370
4.387	6.440	0.757	11.137	4.975	0.303	-6.886	-7.868	3.816	3.927	6.453	2.047
16.452	1.141	1.266	18.677	2.759	2.467	-7.258	-7.984	0.656	1.802	1.213	7.048
10.740	5.444	3.362	2.019	0.315	3.675	-7.012	-6.378	4.553	0.568	2.559	2.632
14.931	9.853	0.105	18.474	4.958	7.021	-7.181	-6.892	0.100	0.434	1.821	6.056
14.839	6.295	1.350	2.828	0.668	2.800	-7.257	-7.674	2.272	0.980	5.551	7.843
4.552	5.256	1.827	19.215	3.572	2.546	-5.029	-7.747	2.851	4.654	8.635	1.023
11.617	3.157	0.691	9.897	2.699	8.003	-6.982	-6.133	0.491	2.773	4.315	1.196
11.270	0.767	0.760	11.284	4.047	3.146	-6.713	-6.813	3.264	0.630	2.943	7.507
14.628	5.861	4.482	11.430	4.149	7.646	-6.539	-8.338	0.529	2.514	4.499	9.383
5.246	2.085	4.928	11.245	4.316	7.466	-6.510	-6.246	1.422	2.744	4.171	5.134
3.542	6.391	2.075	0.156	1.063	7.408	-6.756	-6.577	4.251	1.651	6.564	5.193
0.055	6.612	2.649	16.597	4.605	4.020	-6.177	-6.544	3.668	4.886	6.564	5.120
1.914	4.111	1.150	16.926	1.621	9.101	-5.538	-6.493	1.552	1.371	0.296	0.233
9.189	9.309	0.204	17.046	2.163	0.078	-5.723	-5.677	2.091	3.505	6.991	7.296
7.591	1.905	4.192	12.089	1.946	1.765	-7.113	-8.243	3.605	4.760	5.779	6.778
19.400	8.755	3.795	11.930	3.900	0.158	-5.279	-5.817	0.438	0.924	5.346	1.163
5.343	8.651	1.638	11.793	3.639	6.245	-6.652	-7.232	2.206	0.516	4.359	1.129
0.669	1.061	2.069	9.589	3.213	3.442	-4.887	-7.547	4.140	3.883	4.569	2.319
9.457	8.305	1.997	10.822	1.071	8.862	-6.292	-7.831	4.775	2.983	9.618	5.304
18.245	6.925	0.805	11.739	2.090	0.893	-7.046	-7.556	0.367	2.322	1.817	9.759
15.122	2.356	4.672	18.553	1.490	5.207	-6.612	-7.090	4.008	3.099	0.062	2.105
8.266	1.860	0.047	6.314	2.793	9.843	-6.742	-6.184	2.087	1.032	4.628	0.130
12.379	8.005	3.495	6.896	2.187	9.252	-6.427	-7.873	3.365	3.280	4.673	9.090
5.003	9.940	0.432	11.644	0.537	5.231	-7.147	-5.961	4.522	4.391	1.313	0.567
19.267	4.975	0.391	4.213	2.713	2.031	-7.576	-6.879	0.605	4.702	8.754	5.081
0.183	6.509	1.733	11.708	4.392	2.757	-7.964	-6.369	1.227	0.270	4.260	4.297
8.938	5.807	3.143	10.355	2.619	8.145	-6.926	-6.049	1.759	1.276	9.241	9.994
6.373	4.006	3.117	16.464	0.928	5.399	-5.919	-7.555	1.107	1.253	5.833	9.584
12.725	4.256	4.177	5.153	1.654	7.892	-7.324	-6.297	3.999	3.186	9.758	1.305
0.895	1.839	4.674	13.431	1.791	8.377	-6.072	-7.976	4.333	0.759	7.128	9.370
2.939	7.271	4.976	9.179	3.891	0.840	-7.706	-7.462	4.832	3.529	6.339	4.022
10.686	5.984	3.261	4.432	4.863	5.640	-6.843	-6.209	0.891	1.850	3.302	3.267
13.304	5.379	0.567	14.361	2.957	4.316	-6.404	-7.480	1.462	1.613	3.078	0.373
9.074	7.191	4.780	13.822	4.460	8.818	-8.316	-7.585	3.220	0.474	6.342	6.193
18.277	8.889	2.622	4.219	0.568	6.049	-6.855	-6.540	3.260	0.199	6.184	4.601
13.272	0.293	1.887	16.791	4.087	2.809	-7.199	-5.917	4.285	1.553	7.051	9.383
11.668	0.993	3.147	6.148	3.237	2.037	-7.010	-6.520	0.025	3.641	7.911	9.101
4.236	5.924	0.221	15.280	0.346	1.075	-6.568	-7.259	1.222	2.304	8.953	5.370
0.911	3.982	3.054	18.055	1.771	8.393	-6.702	-7.871	2.143	4.360	4.634	7.854
4.749	0.907	3.577	19.391	4.875	6.650	-7.828	-8.913	0.258	1.225	1.823	3.511
16.982	8.314	1.680	14.267	3.192	5.808	-7.101	-8.568	1.287	3.994	9.305	3.390
6.025	0.507	4.191	6.085	2.550	4.943	12.835	7.385	3.928	4.961	4.613	12.801
16.293	1.731	4.789	2.716	3.162	4.428	9.638	1.674	3.504	4.919	8.411	10.399
0.695	6.176	1.071	11.655	3.816	6.388	9.695	6.744	3.258	4.358	4.469	12.097
13.255	6.047	2.831	19.912	2.717	1.413	8.989	1.791	4.332	0.059	2.481	10.614
7.589	1.407	4.711	11.026	0.361	6.771	10.831	4.185	0.681	2.339	3.247	11.386
17.178	9.613	3.958	19.551	2.411	0.784	9.646	1.946	4.549	1.699	1.479	12.357
16.059	3.537	3.354	0.929	4.177	1.839	9.666	7.150	3.128	3.944	5.628	9.780
1.940	9.362	2.118	5.212	2.810	2.058	11.059	7.036	4.195	4.771	4.555	13.096
3.366	3.624	3.355	16.301	0.304	3.582	11.418	0.592	1.614	3.317	7.390	11.558
8.736	4.056	2.401	14.169	4.973	2.548	12.654	6.434	3.910	4.271	1.516	11.797
0.297	9.783	2.083	3.910	4.325	8.938	11.804	0.998	3.136	4.404	6.017	11.932
5.511	5.991	3.647	7.783	1.301	2.563	9.649	8.150	2.433	3.949	8.124	12.603
5.120	6.343	0.988	12.551	2.519	6.375	10.449	8.708	3.373	0.496	9.671	11.313
10.087	3.862	4.230	3.013	0.423	5.962	8.245	4.959	0.952	2.664	3.074	10.216
17.004	9.093	1.994	3.654	3.472	0.062	8.971	7.403	0.389	1.396	7.130	11.040
14.375	5.191	2.939	3.433	1.316	6.779	10.745	4.011	0.958	3.229	4.981	11.712
0.915	5.077	0.575	12.557	1.391	8.042	10.019	1.895	3.217	4.857	1.572	11.562
14.973	7.072	3.341	4.930	0.647	3.386	10.048	4.913	0.165	1.183	9.537	11.843
0.639	0.187	1.501	15.962	3.007	8.137	9.894	8.794	0.408	2.541	4.139	10.672
11.503	4.321	4.406	12.850	4.528	0.234	10.828	6.154	1.522	2.946	4.128	10.452
15.523	5.626	4.973	19.874	3.798	4.019	11.294	5.681	1.942	2.792	6.693	11.752
7.231	8.481	4.468	17.030	0.919	9.895	9.952	0.863	2.490	3.338	7.877	11.542
19.843	4.504	3.107	11.824	2.031	0.150	9.648	9.990	2.650	1.089	3.689	10.550
0.773	3.368	1.757	13.205	2.941	0.863	11.760	9.077	2.998	2.564	8.268	11.408
18.522	4.312	4.845	7.169	3.175	9.173	9.490	9.423	3.423	3.618	6.278	11.159
4.701	4.358	1.168	14.080	0.721	9.021	10.216	6.721	1.204	4.097	3.040	9.209
17.349	0.734	3.394	18.346	0.471	7.183	9.720	6.619	3.308	4.390	5.079	11.772
15.737	9.456	1.119	13.858	2.077	4.474	10.769	0.586	0.215	1.139	7.825	11.234
13.354	3.958	0.760	18.008	1.731	7.646	9.977	1.272	1.051	3.446	4.724	8.574
6.722	2.383	4.727	15.332	2.731	8.275	10.349	7.759	2.279	3.896	7.487	9.577
13.541	1.125	3.516	1.986	1.952	4.225	11.957	7.989	1.906	3.789	4.415	10.427
0.988	6.395	0.330	17.436	4.738	1.290	11.624	9.267	4.775	0.563	7.739	11.980
1.998	4.000	1.631	14.945	1.399	5.346	10.156	1.807	0.660	3.242	3.958	10.643
18.170	0.025	4.462	2.640	3.082	1.294	10.747	5.439	1.162	3.272	5.157	11.981
8.364	5.668	3.767	6.695	0.718	4.952	11.476	0.528	4.856	2.082	5.397	11.000
9.219	0.617	4.545	13.913	0.039	0.768	11.578	3.594	2.078	0.027	6.171	11.164
11.218	7.604	1.735	14.929	0.164	4.015	10.993	4.091	2.455	3.681	9.089	12.061
11.614	4.190	3.615	19.341	4.204	6.107	11.706	4.377	4.847	0.223	2.711	12.839
13.088	7.208	2.456	10.323	0.202	3.043	12.115	2.841	1.290	3.202	3.046	11.496
0.270	5.096	3.296	11.210	3.099	6.588	10.631	2.186	0.842	3.809	9.541	10.168
18.120	0.194	2.987	0.776	1.531	6.974	11.117	7.436	0.448	2.593	5.161	10.117
15.046	3.240	1.882	2.415	1.029	8.304	10.073	2.820	2.820	0.003	0.360	11.592
16.787	8.307	0.201	5.426	3.753	3.803	12.764	3.771	3.572	1.206	9.499	11.189
18.057	3.764	1.082	2.994	0.507	8.735	10.739	6.394	2.738	0.073	2.953	11.269
1.503	2.479	3.709	9.186	2.183	1.216	10.942	3.963	2.071	2.413	6.080	10.718
18.989	7.026	4.695	4.905	0.083	0.842	9.872	5.598	1.124	4.412	4.849	9.372
5.072	4.337	2.377	13.103	3.980	0.168	9.331	4.866	3.778	3.904	4.828	8.313
18.309	9.649	3.502	17.659	2.603	4.431	11.168	2.111	0.932	1.880	3.380	11.780
15.132	0.813	3.047	16.800	1.146	8.757	12.075	1.877	0.836	0.819	4.230	9.733
17.656	6.699	3.880	4.438	4.207	4.225	12.017	2.741	2.105	4.744	3.463	9.610
17.977	0.067	3.585	14.204	1.097	8.584	11.482	5.439	3.311	3.447	3.571	12.109
1.650	7.707	4.179	5.700	2.823	8.743	10.800	3.657	2.716	4.511	7.181	10.361
0.987	2.168	4.382	5.416	2.700	3.535	12.347	0.104	0.392	1.526	2.014	11.598
15.043	9.089	3.426	3.965	2.566	7.115	10.352	6.702	0.841	0.768	6.540	9.861
9.371	2.765	1.298	15.696	3.220	0.427	11.199	7.066	0.761	0.939	1.743	11.736
7.890	2.539	3.482	7.722	0.207	3.686	10.279	4.706	0.647	4.319	1.585	9.543
19.722	5.405	1.181	8.886	2.375	7.483	11.757	2.175	0.309	3.956	8.057	11.256
5.646	3.040	3.280	7.758	0.415	6.971	9.235	1.761	3.408	3.042	5.158	10.656
2.185	6.868	1.696	14.318	0.617	3.358	12.154	9.808	3.627	4.922	6.928	9.906
18.929	5.439	2.840	10.622	3.401	0.474	10.826	9.604	1.009	4.895	0.472	11.425
16.832	3.745	0.900	8.343	1.819	8.417	10.441	7.560	1.012	1.987	5.690	10.113
19.620	3.242	2.184	1.145	1.528	6.218	11.674	1.350	2.998	4.779	6.002	11.398
3.809	6.678	0.315	17.645	3.088	4.331	12.013	3.488	1.283	0.421	0.697	11.000
5.117	7.514	4.763	9.163	2.910	1.714	11.849	6.136	4.931	3.475	1.453	11.283
16.277	7.629	4.542	6.156	0.406	8.389	12.403	8.795	0.580	2.314	5.078	9.305
16.521	8.884	3.692	8.810	3.101	1.234	9.772	3.517	1.359	1.059	3.779	10.599
4.964	9.560	2.859	11.725	3.702	4.754	11.764	0.776	1.300	0.950	1.056	12.045
6.502	3.177	3.762	18.606	0.074	6.563	10.762	1.537	2.580	0.597	5.132	11.681
1.968	8.140	4.301	10.980	2.609	1.003	9.345	0.875	1.656	1.670	6.652	12.045
10.792	1.162	1.453	18.297	3.225	3.070	10.313	6.361	1.691	1.560	6.277	11.066
11.833	9.160	2.727	10.685	2.656	7.407	13.480	5.847	3.567	2.690	1.303	11.881
17.166	0.250	1.321	14.220	2.735	9.941	13.043	8.302	0.515	4.728	3.580	10.981
7.266	3.821	3.806	17.628	0.672	2.150	9.585	5.492	3.199	0.922	0.824	11.811
6.988	3.478	1.580	18.803	0.147	5.394	12.625	2.013	1.743	4.392	1.221	10.964
14.826	2.577	1.191	13.644	1.988	3.857	11.293	4.829	1.633	3.149	9.659	10.794
6.373	1.286	0.636	13.608	0.805	5.685	10.396	5.070	3.064	1.752	9.492	10.104
18.329	0.318	1.619	18.717	1.432	6.196	11.436	8.005	3.285	2.220	2.131	12.096
19.432	3.206	0.680	8.219	0.345	7.102	11.641	2.955	0.118	0.569	3.627	9.056
1.665	1.786	3.393	10.978	0.979	5.006	11.483	1.598	2.362	0.874	1.679	10.643
7.679	5.940	3.957	11.257	2.589	9.477	10.761	8.181	3.845	1.862	5.022	13.438
16.352	4.727	3.924	13.561	1.476	6.091	12.534	8.254	0.908	4.109	5.817	10.804
8.478	1.242	4.935	16.588	1.161	9.187	12.443	3.378	0.650	2.228	1.778	10.684
17.632	3.902	0.355	9.403	1.800	1.096	11.604	3.623	2.848	0.624	3.785	11.028
11.662	7.405	3.251	9.909	1.177	6.649	10.342	1.016	4.066	1.401	3.609	10.547
14.843	9.342	2.406	6.848	2.073	2.677	10.833	2.219	2.146	2.665	1.764	10.124
7.887	7.164	4.338	17.569	4.837	1.970	11.504	7.033	0.340	4.045	7.124	10.652
19.513	7.757	0.837	9.382	2.400	9.648	10.048	7.985	2.127	0.368	6.220	11.939
18.990	1.317	2.973	11.961	1.716	3.151	12.370	0.525	1.823	1.195	9.391	10.672
7.889	5.695	0.960	15.340	3.108	6.042	11.273	6.642	3.168	0.787	8.223	11.465
1.336	2.425	2.295	6.139	1.191	7.589	10.542	4.172	3.476	4.864	3.708	10.907
6.073	9.548	1.454	2.439	1.281	4.829	11.128	0.281	1.742	1.778	0.658	12.222
16.243	7.157	0.466	5.030	4.720	6.093	12.385	5.502	4.174	2.010	7.666	11.554
14.215	7.642	4.597	15.927	4.414	2.412	11.876	2.507	0.296	1.534	1.180	11.318
11.357	5.386	1.100	4.478	0.865	9.533	10.508	1.482	2.584	0.240	2.540	9.090
14.350	3.022	2.030	12.435	4.757	5.498	9.959	2.287	4.252	3.606	4.373	11.275
17.693	1.563	2.899	0.145	3.735	0.224	10.601	3.303	4.875	4.684	9.301	11.239
6.509	3.361	4.995	9.487	4.474	3.446	12.546	3.693	1.042	0.430	8.373	10.299
17.063	8.011	3.667	8.504	2.945	5.140	9.824	5.659	2.519	1.271	5.229	12.687
19.965	1.844	4.561	12.319	0.631	3.188	10.916	7.027	3.395	3.805	0.228	9.424
4.929	0.860	4.608	9.977	4.254	8.726	9.437	4.418	4.729	2.308	1.668	10.427
11.604	8.669	4.222	15.053	4.610	0.884	13.157	5.700	0.403	2.920	7.478	10.931
16.953	7.456	3.564	2.505	3.750	6.461	10.386	6.148	4.070	4.118	8.552	10.033
17.331	3.716	2.072	18.508	0.103	5.455	9.053	6.883	4.429	2.935	9.016	9.220
9.513	1.212	3.186	4.720	0.135	0.014	9.015	4.397	2.355	1.103	0.139	12.856
9.095	2.230	1.825	13.421	3.401	0.784	11.070	3.762	4.385	1.946	9.012	10.552
3.231	3.465	3.182	5.056	0.511	2.036	9.171	1.308	2.818	1.659	6.280	9.836
1.291	4.594	2.883	16.521	4.704	0.872	13.132	1.951	0.329	1.595	6.852	10.657
5.853	7.484	4.316	15.117	1.322	4.123	11.071	8.129	2.757	4.850	1.119	10.957
19.344	9.972	2.790	8.964	4.810	0.304	10.128	0.313	1.575	1.229	3.219	11.168
19.344	0.418	4.879	3.813	1.091	2.708	10.500	7.890	4.501	0.020	5.167	12.243
17.454	9.241	1.641	11.283	4.996	2.864	10.907	4.166	2.939	2.507	9.174	10.040
12.777	2.277	0.549	9.995	3.971	7.138	10.558	8.644	4.488	0.695	5.091	11.635
3.378	7.230	4.120	1.580	3.580	8.523	12.387	6.654	2.564	4.670	9.534	10.488
10.390	4.795	0.806	18.151	4.521	0.442	12.228	1.645	0.132	2.673	5.246	10.504
2.582	4.221	3.494	14.121	2.412	4.446	10.863	3.617	0.360	1.338	2.344	10.280
13.501	4.213	4.134	9.289	2.326	4.620	10.591	6.705	0.315	1.244	9.367	11.284
6.089	4.700	4.791	9.073	2.104	5.373	11.139	8.401	2.354	2.051	9.605	11.252
1.919	8.732	1.911	3.100	2.664	7.828	11.572	0.286	2.132	0.620	0.087	10.464
5.646	6.821	1.628	12.276	0.259	9.019	11.448	5.361	1.217	2.585	5.023	11.325
17.769	5.422	4.504	0.430	0.811	7.754	9.161	6.441	3.433	3.303	2.955	10.834
14.093	6.431	3.266	3.263	2.713	6.242	12.940	0.520	0.622	2.554	7.738	11.927
6.174	5.678	3.665	16.367	3.700	1.059	10.955	8.290	0.835	4.636	6.520	12.339
16.891	9.737	2.194	3.144	0.234	6.951	12.300	8.979	2.170	1.520	3.653	11.567
16.932	2.176	2.794	5.775	2.804	4.243	13.115	7.736	0.282	2.117	7.759	11.572
14.821	1.051	2.892	12.457	3.185	9.903	9.732	5.587	4.933	0.389	1.271	9.976
