0.978822232	0.139364924	0.653317763	0.447872715	0.320432056	0.025962785
0.906195334	0.137162927	0.638706544	0.364831783	0.727544044	0.585373036
0.914242507	0.182425625	0.674661453	0.466802895	0.395761743	0.675111986
0.562456956	0.182834941	0.652459968	0.941081302	0.552081879	0.252848045
0.617643532	0.123635384	0.539476362	0.889294541	0.809042848	0.892617243
0.946007573	0.13980943	0.653860379	0.105182442	0.517111822	0.743993186
0.859252358	0.123731873	0.494552888	0.887173494	0.189049466	0.823337598
0.641127475	0.100389572	0.646484078	0.435339832	1	0.498639629
0.724131932	0.122646158	0.623508526	0.741262891	0.752284411	0.335219948
0.968556109	0.113970177	0.551198765	0.851208409	0.081318794	0.964000147
0.589022673	0.099880489	0.572958284	0.608898419	0.700554906	0.652728987
0.782987431	0.198598303	0.481161779	0.685545363	0.48175777	0.595319856
0.97546571	0.115929947	0.639279586	0.492251378	0.394220291	0.460542434
0.967255148	0.200688851	0.590033032	0.020200355	0.081254254	0.351384127
0.938840564	0.021366918	0.57252782	0.946304989	0.388122525	0.349231212
0.690373619	0.071809617	0.684301405	0.729035173	0.270573191	0.847682547
0.919574581	0.129039131	0.699678708	0.752266255	0.066320947	0.212326014
1	0.211888077	0.555676721	0.07260023	0.869363347	0.148223809
0.979642939	1.38778E-17	0.481899915	0.144275885	0.759538132	0.862943934
0.946008296	0.144879962	0.657282986	0.409846094	0.648461251	0.077358985
0.775890302	0.065267448	0.679990165	0.872515803	0.234945562	0.2322156
0.913252563	0.163308178	0.683969401	0.389890502	0.131413978	0.124240908
0.634453907	0.159641703	0.555527252	0.692768998	0.404357623	0.280175019
0.587914805	0.003617631	0.633525071	0.988857493	0.264992271	0.640624985
0.995427595	0.199227827	0.58995775	0.996734256	0.360978775	0.528861633
0.497594478	0.104136875	0.526576824	0.481641125	0.527403686	0.110104677
0.662760458	0.072730449	0.691786371	0.125062609	0.155371646	0.871902129
0.567779281	0.089080753	0.562358252	0.296505016	0.189464821	0.839241326
0.973279997	0.102367722	0.676822771	0.52337674	0.347602539	0.651588582
0.494166242	0.118972602	0.54292591	0.11684853	0.113844601	0.323579093
0.616129361	0.145322311	0.520709702	0.404037549	0.685948862	0.567599266
0.746624741	0.092615528	0.591621391	0.526637029	0.850768166	0.128510439
0.829004079	0.079781344	0.654258474	0.522353365	0.637222006	0.202412046
0.784566208	0.547943517	0.971521881	0.133319954	0.022782391	0.742024012
0.709522727	0.32562986	0.965792959	0.520147321	0.850610551	0.148403346
0.801983746	0.854116448	0.887653366	0.845145653	0.706054203	0.391020435
0.729136244	0.540172253	0.944752834	0.00432739	0.985616903	0.83267889
0.79551904	0.275434248	0.985896753	0.094625792	0.097569357	0.429784183
0.853489298	0.94070112	0.869548793	0.44724934	0.63172663	0.126642329
0.77249722	0.185023905	0.877113119	0.498251452	0.83201413	0.08966749
0.788312421	0.461653274	0.932754195	0.662767414	0.584564419	0.732189417
0.820706278	0.486892581	0.865518436	0.291585172	0.412451479	0.425115688
0.812630508	1	0.880239256	0.534239771	0.595828462	0.113245825
0.763794895	0.255312823	0.871464165	0.872196424	0.798541395	0.162780571
0.758899672	0.186127791	0.882195967	0.458765149	0.561790329	0.371508599
0.771251434	0.447628069	0.960609162	0.52199765	0	0.105462814
0.663291737	0.64188909	0.809821781	0.107112404	0.574016904	0.253776202
0.871960626	0.340406368	1	0.340880343	0.437318519	0.245005223
0.743715945	0.511649366	0.894233225	0.933288793	0.69863442	0.737674154
0.720244722	0.833595407	0.911770713	0.595104415	0.283496399	0.253620923
0.813089018	0.610850913	0.892423898	0.316813697	0.566219259	0.352861439
0.803356195	0.318604065	0.999445253	0.607775149	0.471111052	0.415390097
0.798641413	0.36309319	0.884939046	0.567970942	0.096803289	0.809487563
0.780370178	0.738401269	0.9224894	0.654450594	0.663096097	0.33752984
0.745872556	0.370401195	0.760766877	0.488875996	0.782036408	0.5025755
0.838789593	0.539685071	0.890693367	0.624256898	0.146844601	0.497269526
0.691273163	0.632784628	0.921360028	0.668032893	0.126403299	0.170237856
0.790241892	0.991373348	0.959628225	0.419195632	0.226147926	0.033255861
0.747446035	0.172232132	0.986771067	0.741511368	0.136307757	0.144813427
0.684598312	0.613904525	0.878309684	0.707103616	0.683024635	0.180497122
0.692285098	0.902016952	0.829729731	0.302737029	0.647650023	0.062373444
0.808492502	0.189471364	0.966242088	0.486444399	0.026606709	0.87499565
0.813886063	0.56672674	0.749009656	0.79719743	0.061186515	0.390917362
0.80941899	0.293233067	0.920765139	0.760630073	0.199718949	0.852192628
0.820091697	0.757112454	0.959761888	0.362486577	0.80459963	0.070213874
0.809552828	0.629112334	0.903711551	0.942082263	0.857065252	0.290959021
0.11589075	0.262582875	0.246168763	0.947039962	0.222917579	0.583916861
0.167962938	0.551840246	0.181425384	0.715030748	0.171553174	0.824581642
0.110405631	0.490662494	0.090738964	0.695283129	0.976780467	0.123354874
0.05563229	0.894732121	0.049138601	0.11939854	0.492158693	0.546399705
0.03549186	0.911233081	0.029690901	0.103049947	0.048287105	1
0.060931869	0.880549062	0.139103465	0.029194595	0.848980765	0.914523253
0.122688181	0.385143583	0.34790248	0.535618713	0.800765281	0.859318958
0.022957086	0.202820196	0.193439568	0.579564287	0.113998046	0.600465653
0.030754123	0.362031011	0.084614861	0.392789829	0.71520833	0.648340958
0.09272531	0.115861397	0.108110001	0.994783112	0.231340895	0.42216202
0.169501955	0.527437985	0.160106616	0	0.835973189	0
0.125611707	0.671874891	0	0.131783157	0.801290317	0.851994725
0.144763121	0.408972748	0.067806469	0.249317152	0.76821797	0.518181265
0.176296972	0.831344088	0.117667199	0.009387965	0.237311873	0.577741143
0.133599847	0.766761429	0.136729261	0.598267028	0.126780902	0.49302749
0.171409931	0.934754839	0.241844708	0.951218299	0.026347492	0.058392725
0.154808621	0.664555728	0.131860325	0.987270336	0.112923877	0.100256701
0.158076265	0.598979836	0.245466579	0.758374525	0.020857129	0.131865291
0.158062221	0.203002745	0.191229381	0.482178054	0.012420898	0.889567994
0.124345726	0.479277506	0.099959913	0.860548677	0.898151436	0.469710758
0.183914883	0.602793991	0.030371276	0.737951837	0.075043937	0.659058498
0.188505587	0.25707366	0.121896156	0.304692137	0.312746303	0.240116611
0	0.788797729	0.047609819	0.412875284	0.729627528	0.889512745
0.07975147	0.980321285	0.038095396	0.218253448	0.13921495	0.414754525
0.089056411	0.15333741	0.207307123	0.470618645	0.087017755	0.421424624
0.205932781	0.691544128	0.00501906	0.018354397	0.061332917	0.171881666
0.132638844	0.28246167	0.14009566	0.187722112	0.715768358	0.172218203
0.177582302	0.414036373	0.218259191	0.758722374	0.984215904	0.572684942
0.101954697	0.64388091	0.196110819	0.814049909	0.603755999	0.815446328
0.173230952	0.498717689	0.148597666	0.314105385	0.977153906	0.913388427
0.179944334	0.643308361	0.124657194	0.873472757	0.195726151	0.786554057
0.074307987	0.497189867	0.184458417	1	0.278208574	0.281761677
0.170909899	0.165138557	0.208497657	0.078934131	0.195505057	0.674391021
0.12322926	0.344409107	0.05610714	0.58950611	0.356713053	0.817624113