0.838767446	0.260644599	0.310931768	0.92494733	0.616443177	0.654620768
0.515592833	0.226744644	0.007144417	0.707265095	0.558953185	0.571356214
0.552303712	0.216383635	0.065527462	0.08783283	0.557521665	0.533317326
0.757870281	0.108670652	0.239604674	0.173028811	0.657823511	0.66571182
0.699073536	0.207928975	0.215515688	0.372728807	0.44397509	0.611292921
0.637143012	0.072527361	0.085773951	0.849969729	0.468823408	0.574268931
0.82822596	0.134494486	0.296979474	0.668203313	0.57673318	0.71720186
0.433272003	0.098479789	0.36073065	0.695449221	0.67842032	0.521938999
0.741296703	0.348059729	0.114118489	0.263205448	0.565313138	0.624569293
0.66762638	0.250686183	0.215539541	0.358270372	0.560887764	0.580686313
0.650765667	0.178602984	0.214560782	0	0.484506586	0.668826736
0.469272524	0.251887693	0.3221532	0.221059485	0.609338959	0.63554738
0.712491932	0.356315878	0.322403046	0.33055771	0.521699696	0.558033114
0.692541155	0.249041003	0.290818724	0.644887651	0.637231238	0.68056902
0.694030049	0.254521522	0.214933247	0.565061341	0.51015679	0.507925798
0.564411532	0.184288956	0.13566861	0.610840145	0.53917696	0.537140843
0.709784459	0.294976616	0.349484288	0.373365823	0.586799206	0.556664854
0.423758442	0.151842082	0.356014699	0.090550492	0.55332874	0.642162122
0.681594103	0.192342122	0.35623739	0.008841466	0.574661918	0.544626471
0.707113342	0.268764934	0.311130632	0.44669258	0.515478504	0.530446991
0.421959646	0.160456752	0.327500385	0.267503994	0.534799321	0.517920336
0.525855668	0.249655601	0.033446906	0.96914549	0.702185174	0.634271509
0.409681423	0.375841019	0.020885161	0.829892088	0.531537357	0.660916138
0.62977477	0.172891993	0.273808694	0.088801064	0.570695428	0.626191027
0.490507322	0.330031864	0.187874873	0.002833749	0.594393168	0.621366594
0.412117806	0.172662405	0.07306938	0.734022107	0.693955645	0.715714986
0.436606563	0.254664383	0.059903618	0.923152681	0.603799726	0.534067947
0.636032232	0.142287967	0.359682506	0.729544801	0.591556992	0.560157568
0.682756277	0.164530361	0.062871673	0.255498097	0.555044486	0.631809034
0.771131032	0.259215987	0.252151846	0.072918286	0.583491639	0.523715313
0.697981615	0.293596607	0.222177953	0.48825117	0.603666278	0.657672189
0.629485667	0.293121744	0.185751311	0.560189511	0.677631429	0.589542193
0.76526038	0.209185913	0.05692324	0.605973772	0.444103489	0.535632174
0.442958362	0.267743464	0.366365919	0.040096007	0.545482535	0.711887686
0.742065482	0.085152471	0.188204529	0.881781674	0.597337744	0.546587206
0.733453045	0.29412998	0.017530019	0.126155202	0.6640955	0.546683015
0.709750731	0	0.030623034	0.410697677	0.574594128	0.605810812
0.495869487	0.069581641	0.108932436	0.386660463	0.568653183	0.545602624
0.704734004	0.222607485	0.246290137	0.675722637	0.611322173	0.626352599
0.416050409	0.187309377	0.135873681	0.536730661	0.501890075	0.598991651
0.735531004	0.098437835	0.297339872	0.624250454	0.651754083	0.547898138
0.67392691	0.265609655	0.020095757	0.633627683	0.666854936	0.510674731
0.811249549	0.146862027	0.044119085	0.528480216	0.573958181	0.602486862
0.749300474	0.243336551	0.003667234	0.81340415	0.495809902	0.502323475
0.650973334	0.421353953	0.280985492	0.051195245	0.603625683	0.558595403
0.657010686	0.29863293	0.315467864	0.689697413	0.491114437	0.596009924
0.549769724	0.144878532	0.094151127	0.26981469	0.424184544	0.646918683
0.618762569	0.120096363	0.293839875	0.351181752	0.569445247	0.553470785
0.439435277	0.18996651	0.187727383	0.613647604	0.555261356	0.463930014
0.536900728	0.297109377	0.243254779	0.494051167	0.519701653	0.638134225
0.787998361	0.652343415	0.268628084	0.235906888	0.823881086	0.874014074
0.81742089	0.383330299	0.169248577	0.18457234	0.950760456	0.920506022
0.788793102	0.960390716	0.330588497	0.330368797	0.775378213	0.947412164
0.589085706	0.501316339	0.250622547	0.296810487	0.894142151	0.954683015
0.773824426	0.319991029	0.283804727	0.383134801	0.9935401	0.943358555
0.474392056	0.316519054	0.072296467	0.303025272	0.867246351	0.884715853
0.559379354	0.210789139	0.349574563	0.283184725	0.881472487	0.945088096
0.838488924	0.81357336	0.13476273	0.286255636	0.88296986	0.987740092
0.802362371	0.808663845	0.158383159	0.281562441	0.92696507	0.926433524
0.719549275	0.589631493	0.330264907	0.242684693	0.78328212	0.964673518
0.747414843	0.943648989	0.245746727	0.183606001	0.829386996	0.940173687
0.747740284	0.939598566	0.090960995	0.284987246	0.670628929	0.874661348
0.516665349	0.696249002	0.23261661	0.191003229	0.896269047	0.859341884
0.785432269	0.843726352	0.253014367	0.193806618	0.883614343	0.893316099
0.580342809	0.831963887	0.317786744	0.218489968	0.85393058	0.906956503
0.766746185	0.750524481	0.218497502	0.146943472	0.891515218	0.790157494
0.778851013	0.408020288	0.300973117	0.287938069	0.809076388	0.752290612
0.612581397	0.835092783	0.230423852	0.162528531	0.823353563	0.97673372
0.683564967	0.815571684	0.306327591	0.252300645	0.78928401	0.959554654
0.638244981	0.435980082	0.190605597	0.213453613	0.840784932	0.949445923
0.436989049	0.777426208	0.246360355	0.340420938	0.953215723	0.889479624
0.565374907	0.268127832	0.18763657	0.21880339	0.967190921	0.886154194
0.446959284	0.939277624	0.280800218	0.207269102	0.973040108	0.881246292
0.697059636	0.708569071	0.297480571	0.234571494	0.884167104	0.928658527
0.770533186	0.783716239	0.374205828	0.147656127	0.835105919	1
0.589279305	0.741906103	0.326321156	0.329592086	0.886485979	0.991800347
0.490823219	0.369978969	0.329360066	0.25343553	0.894124084	0.912263539
0.780962754	0.687796983	0.272147409	0.247188263	0.835819498	0.961174903
0.524067307	0.628009848	0.168162154	0.291115657	0.937061017	0.856141378
0.688004804	0.782843566	0.295603247	0.226723966	0.806230095	0.945141649
0.821812988	0.432092306	0.055944071	0.208303639	0.844610128	0.942656578
0.569350359	0.700921593	0.259953452	0.289284517	0.928863151	0.860565323
0.696952484	0.759656169	0.049890521	0.175613413	1	0.81410189
0.67424513	0.908149498	0.047946704	0.272600364	0.875570443	0.917002161
0.678952587	0.844948507	0.151128694	0.240052866	0.832098673	0.802708591
0.651024553	0.746495182	0.254445419	0.310090219	0.832919393	0.848021871
0.777274958	0.751272848	0.153451457	0.27625174	0.77588927	0.898911385
0.471300163	0.771861359	0.126020235	0.259205907	0.880877143	0.999106882
0.660907344	0.280915744	0.209588057	0.301036243	0.903788251	0.984724811
0.585637826	0.271669793	0.35575809	0.25765698	0.825869959	0.846771231
0.494123188	0.436977356	0.240210115	0.242389756	0.799709159	0.847436102
0.701535507	0.319355008	0.34287975	0.270759263	0.869942877	0.932082337
0.535047674	0.944653518	0.135992903	0.198157649	0.817355043	0.910055122
0.535062737	0.712492996	0.32329291	0.370679239	0.908318814	0.972373492
0.674173001	0.979530286	0.370231762	0.289996981	0.855931547	0.872187803
0.78733788	0.218691991	0.236673594	0.313967394	0.734505714	0.793907622
0.786463294	0.227103945	0.198301774	0.285710063	0.878559322	0.932838756
0.669681625	0.661835695	0.028672601	0.234687951	0.969647783	0.909044547
0.564282763	0.934661141	0.311565716	0.277923442	0.882302046	0.945100127
0.808075718	0.93037436	0.221780406	0.197811029	0.788045879	0.85433717
0.117980915	0.505745033	0.040546065	0.367288741	0.162227298	0.07812446
0.11245467	0.768483533	0.287434854	0.738886805	0.171584966	0.073433413
0.049502098	0.548626504	0.357827832	0.989206447	0.063086382	0.253689642
0.150961855	0.197754996	0.07742537	0.920538611	0.142995698	0.048508254
0.041454051	0.549677535	0.105229296	0.216154337	0.152831942	0.233407722
0.111525358	0.386958237	0.109325889	0.504621237	0.110093615	0.137163573
0.067814624	0.755429084	0	0.969504297	0.145328263	0.088722007
0.072310515	0.213649883	0.234621242	0.535639083	0.148424148	0.133306757
0.059209264	0.76268665	0.17370439	0.614936538	0.099379068	0.211201328
0.144649896	0.333553174	0.36643922	0.31720159	0.156478018	0.136918861
0.028250445	0.391896729	0.174870376	0.091649603	0.217429988	0.173758015
0.045130286	0.623502103	0.364083406	0.369563058	0.104616922	0.249860841
0.121066058	1	0.104541377	0.26995283	0.155910492	0.205525574
0.035988504	0.466660913	0.290120955	0.266201876	0.033148768	0.200807367
0.131382868	0.800262698	0.095751746	0.445643173	0.104227318	0.219307565
0.102509454	0.832430356	0.107507519	0.435176059	0.126468116	0.213869568
0.078178048	0.614955829	0.126596832	0.455245237	0.178952052	0.096963534
0.06269065	0.370060715	0.287757359	0.172483836	0.216874203	0.186741522
0.126632986	0.648759138	0.189967804	0.107915579	0.273027023	0.20152137
0.1147224	0.467729044	0.293204402	0.812785956	0.085878444	0.16649885
0.045019633	0.358516832	0.351947482	0.210952721	0.122339806	0.197521511
0.110670949	0.935596541	0.095889711	0.254775102	0.123355473	0.13459839
0.121068968	0.384875981	0.314140507	0.068105799	0.132673712	0
0.039892876	0.198770269	0.14843245	0.437113394	0.127453392	0.055896057
0.060901196	0.487536086	0.370828748	0.371379219	0.194503155	0.246511902
0.17149203	0.739208974	0.325425927	0.325751926	0.13394666	0.189079912
0.055812596	0.361650382	0.084852714	0.513032188	0.150743678	0.043962998
0.180743368	0.544494412	0.331642933	0.94286212	0.163793524	0.296472291
0.11735174	0.927303228	0.082993514	0.831393668	0.237305264	0.134750922
0.104053786	0.650686061	0.282343012	0.511511604	0.058422321	0.189840617
0.119304459	0.678320822	0.178554037	0.332179071	0.252850322	0.255833556
0.024196748	0.839162585	0.375526277	0.023056606	0.139411377	0.099283783
0.104976659	0.572226316	0.006487019	0.059347724	0.076559902	0.063642402
0.056992823	0.323063842	0.061038914	0.860951618	0.259844567	0.155032319
0.02801831	0.515959281	0.200790433	0.765067309	0.112375147	0.076763936
0.106057971	0.678333845	0.139366399	0.280920124	0.202851503	0.216364748
0.075331419	0.800229733	0.329313597	0.693971533	0.274155315	0.175372859
0.070916999	0.215830782	0.317216193	1	0.195959207	0.11446964
0.130005888	0.86569896	0.320305996	0.854168739	0.098586402	0.128192256
0.125596571	0.472417348	0.037364947	0.944249525	0.247937699	0.148271401
0.054187595	0.658977111	0.087287937	0.410867186	0.219991658	0.189499873
0.05931748	0.896646861	0.248270453	0.428300175	0.29469954	0.147488941
0.051732171	0.533269855	0.05372797	0.85196964	0.148313102	0.210043526
0.057077219	0.87069122	0.118834899	0.075199054	0.191066683	0.111304625
0.174294145	0.2192731	0.067521522	0.375106089	0.191665306	0.161514885
0	0.675491991	0.316745216	0.358660113	0.051566641	0.226298553
0.053561845	0.374353079	0.274265341	0.898319505	0	0.146435993
0.12031415	0.694618031	0.236450924	0.521313843	0.169117857	0.162313353
0.089965784	0.356430221	0.368181557	0.48581541	0.177194937	0.098396626
0.065309725	0.47582328	0.007790818	0.815494783	0.132737652	0.210360983
0.775463497	0.219396882	0.864402066	0.468018929	0.6985799	0.848137345
0.816757374	0.811710268	0.825550364	0.478551233	0.584728308	0.641603674
0.886045438	0.567760763	0.706544686	0.565676092	0.598977903	0.779127605
0.925996509	0.919654319	0.911646585	0.499171221	0.594102937	0.662895194
0.903083959	0.821008661	0.8704924	0.622018373	0.84822455	0.618753518
0.850904979	0.966400795	0.692247419	0.563714815	0.823028452	0.796891049
0.944641456	0.494277771	0.952022986	0.57288917	0.643050891	0.772093684
0.913772185	0.706124501	0.794559918	0.503828039	0.703284347	0.66108384
0.83874996	0.457408579	0.865210054	0.555435815	0.678032554	0.654551409
0.878286781	0.290331772	0.841483046	0.537678058	0.663710881	0.89251973
0.893145448	0.312061104	0.767446573	0.651784026	0.729880655	0.746423465
0.87926627	0.904370506	1	0.537945636	0.724872833	0.644634237
0.907808191	0.303727621	0.958808706	0.6012608	0.82748433	0.89390467
0.844366731	0.382599251	0.820293564	0.522496851	0.566005702	0.649538897
0.88586067	0.370950791	0.807098017	0.592839576	0.74424238	0.813048627
0.949292653	0.549597537	0.887954989	0.521539748	0.732538124	0.852638603
0.908332555	0.756195174	0.767081509	0.516853641	0.839765268	0.660723181
0.922275911	0.233476422	0.853808279	0.593649343	0.595328761	0.844826112
0.919684903	0.848180822	0.710877397	0.569946518	0.80428922	0.603623774
0.897362699	0.452321637	0.973226958	0.557524998	0.801155931	0.636690402
0.893872597	0.586465643	0.890694314	0.601071673	0.570283195	0.693764061
0.887012386	0.892842055	0.844554474	0.539584648	0.798997206	0.843890788
0.932837257	0.367958581	0.803753658	0.461630277	0.576959075	0.808698746
0.956534535	0.446139109	0.806235539	0.593614723	0.62346318	0.771167141
0.867844882	0.487970904	0.8339343	0.581426086	0.623363951	0.782788002
0.902227364	0.514467604	0.881749384	0.386818226	0.830878249	0.639578679
0.996278666	0.846922491	0.844281868	0.509219878	0.641076285	0.609855009
0.826763198	0.39080423	0.848114363	0.521718942	0.656339024	0.798528133
0.924927618	0.620004367	0.95455092	0.615843433	0.80334147	0.804479887
0.806249198	0.674285266	0.781326183	0.635585639	0.794183824	0.89435058
0.856739898	0.268696434	0.852063989	0.62000157	0.614301544	0.73033716
0.928393221	0.464278603	0.872269276	0.541801098	0.771739614	0.75027535
0.962762076	0.620769383	0.730428364	0.549030305	0.563842416	0.634051155
0.90970731	0.286921447	0.863996283	0.515392856	0.726854018	0.872345431
0.968013015	0.441783497	0.782391832	0.583615891	0.76071885	0.740180163
0.893384956	0.965046874	0.733439664	0.51713466	0.796855913	0.702611216
0.959953824	0.199143585	0.813115797	0.547343831	0.685149477	0.889740234
1	0.705495407	0.913722021	0.526461097	0.846664507	0.633664324
0.827989611	0.972662396	0.939740404	0.533754953	0.836962159	0.655581501
0.90494163	0.953474914	0.774976851	0.563755554	0.793277269	0.880494311
0.897885645	0.240092635	0.825352177	0.496676007	0.700841298	0.760672662
0.838304013	0.396352745	0.791172573	0.533378404	0.572124643	0.623792338
0.910825558	0.512388492	0.887148734	0.556403582	0.729401524	0.912777239
0.891332279	0.427959048	0.81289693	0.609636477	0.811129436	0.873092426
0.919861532	0.873526953	0.833785091	0.591507994	0.825871538	0.7025193
0.862265403	0.990998709	0.834674881	0.562848002	0.699264748	0.808557843
0.897629954	0.707127711	0.821718508	0.466314811	0.844437901	0.76286929
0.887144843	0.770016848	0.897103353	0.516244129	0.784744363	0.844157584
0.906162798	0.632764009	0.801122183	0.622114032	0.835073619	0.773388683
0.916441966	0.64622584	0.782856708	0.598774222	0.567050915	0.654600758