0.227581534	0.668582958	0.119557264	0.499663966	0.231003162	0.208404472	0.16141928	0.332648792	0.457915226	0.404379472
0.412064768	0.23867742	0.174946547	0.963970134	0.537918615	0.457830077	0.001960844	0.639928465	0	0.889046759
0.291682013	0.970380956	0.082428218	0.811726941	0.285453505	0.395711417	0.355137348	0.917275603	0.52144232	0.203103552
0.407121091	0.173389683	0.076830522	0.502638155	0.392532252	0.5294951	0.126020716	0.546877758	0.960842283	0.034589041
0.210284331	0.615282522	0.090164143	0.948776819	0.062077028	0.018374332	0.178831665	0.088671798	0.919841486	0.357073513
0.598273593	0.611780616	0.098290471	0.874424915	0.088472516	0.364428415	0.403989803	0.207737163	0.492390201	0.645975932
0.375815004	0.303325306	0.030768764	0.055517609	0.514714329	0.905380763	0.44012063	0.156881614	0.545185463	0.117988398
0.489253929	0.117965598	0.136488367	0.315173616	0.526829947	0.442762396	0.148461797	0.840756144	0.601114878	0.797459556
0.545727113	0.333347297	0.138891717	0.326695685	0.546006112	0.942335442	0.526506197	0.356533756	0.633569427	0.881073468
0.453418167	0.081810725	0.162590902	0.010205908	0.366212279	0.267990888	0.077859126	0.994808092	0.772978515	0.429179141
0.273135531	0.492191948	0.06773726	0.545832209	0.040088572	0.551095469	0.143155182	0.589438194	0.910349392	0.581186437
0.378874893	0.365337992	0.129240556	0.508951306	0.215623223	0.274141451	0.220661279	0.765205434	0.587931156	0.252118892
0.39206949	0.001150124	0.088886781	0.579394794	0.244947945	0.480143649	0.20717298	0.788829655	0.550028119	0.228842522
0.502201539	0.532079406	0.111659322	0.5586083	0.367531389	0.293393657	0.376353145	0.23966377	0.51466302	0.143420228
0.224026319	0.108825357	0.078580199	0.362383639	0.263734185	0.768068568	0.430866389	0.777323729	0.126140202	0.561712272
0.346132006	0.051854256	0.175381341	0.504432759	0.20752075	0.644200888	0.366206085	0.489469947	0.105316306	0.774603606
0.649121931	0.134280434	0.11121157	0.379902364	0.433941302	0.581898484	0.062910566	0.309673207	0.639134975	0.339217371
0.52547404	0.908931502	0.163763619	0.341136266	0.231949531	0.229026385	0.455212866	0.170288548	0.58760644	0.890248119
0.355553911	0.302262356	0.100375941	0.511599124	0.238206379	0.819804858	0.024537366	0.233281584	0.719883447	0.33524868
0.390915856	0.610564673	0.067101603	0.848512903	0.135506922	0.931415038	0.440995515	0.110355752	0.018728666	0.865845231
0.440976007	0.312944987	0.107189967	0.723339515	0.104909242	0.97541793	0.313645877	0.002706379	0.52686605	0.066831621
0.317895822	0.356308115	0.212628322	0.426515804	0.264190495	0.291588889	0.498579001	0.940753352	0.854557039	0.580366001
0.452405984	0.032118519	0.135384447	0.949827945	0.453174267	0.954840245	0.302140395	0.895886665	0.06454774	0.671953857
0.1472119	0.500982529	0.048788733	0.163312175	0.387168917	0.794536259	0.36130234	0.256128572	0.303796507	0.626177461
0.332503906	0.868696612	0.02547516	0.366998661	0.261218312	0.511448113	0.422833872	0.028846554	0.715851057	0.625626299
0.471095734	0.497888982	0.107219819	0.391808811	0.436114348	0.065150724	0.126354845	0.463032907	0.522037695	0.840295934
0.387732768	0.813231949	0.080934137	0.06496446	0.176186582	0.631942106	0.39489963	0.714160848	0.400761305	0.171907461
0.534899431	0.903024922	0.105739808	0.858955305	0.192174716	0.712191695	0.104272067	0.5515297	0.333045409	0.348785837
0.341003547	0.311474011	0.163518532	0.858645149	0.559340121	0.536957704	0.586326073	0.343554853	0.105920831	0.052670614
0.308470413	0.873953046	0.107185246	0.988682881	0.217246433	0.269902118	0.446477588	0.043233628	0.945851181	0.506798506
0.402804092	0.057972994	0.1631484	0.226854561	0.384935651	0.123750452	0.060170637	0.604480437	0.163803155	0.768565633
0.433618413	0.908772267	0.065349644	0.642592829	0.360707336	0.234398092	0.161432428	0.295091991	0.20625638	0.807267897
0.346408417	0.147602855	0.123025586	0.311334828	0.522219634	0.339735115	0.163009122	0.501221054	0.421773779	0.681035931
0.528260391	0.076708555	0.025750392	0.736887519	0.211191439	0.640404408	0.290508527	0.261267912	0.20108308	0.68131068
0.610556471	0.707100069	0.033020382	0.824807424	0.56363141	0.023089557	0.233235034	0.900293059	0.172444328	0.718033039
0.432105305	0.953157991	0.055602568	0.323702018	0.310685774	0.71320995	0.365984218	0.569573621	0.147245785	0.20216052
0.371970763	0.44594691	0.148523771	0.441232513	0.256363513	0.507861345	0.169792462	0.99415846	0.221206719	0.466279799
0.451051499	0.139347145	0.220699658	0.861446064	0.17188466	0.397629823	0.216623298	0.879324973	0.62855111	0.903643879
0.500491391	0.725404204	0.105159146	0.258784907	0.335551319	0.350087532	0.155733544	0.172717083	0.664009078	0.958487382
0.465290209	0.220409561	0.14854701	0.068854861	0.210856931	0.762109519	0.013367945	0.44216732	0.941347361	0.41957704
0.274590085	0.070854549	0.136430347	0.757922787	0.307016045	0.578464775	0.49274635	0.953560816	0.098776628	0.768754083
0.108107414	0.300748929	0.104274907	0.934535736	0.559717631	0.046003269	0.21148657	0.478614809	0.15528235	0.425552151
0.430400664	0.774022479	0.090334134	0.887558593	0.319447698	0.777257613	0.220525681	0.134965941	0.052314732	0.290387131
0.499547747	0.016147919	0.063945648	0.671458319	0.545636348	0.685662469	0.031794154	0.51259846	0.260530501	0.255414351
0.628034957	0.984026935	0.179537077	0.194701655	0.313113776	0.840464787	0.14087993	0.712029472	0.478562394	0.576585016
0.463117291	0.027697226	0.092331631	0.096251852	0.251536598	0.334750329	0.499872624	0.81925077	0.088066734	0.866909905
0.309459612	0.075450828	0.120482831	0.014522005	0.323696548	0.436408681	0.437113735	0.334991592	0.335642094	0.581550882
0.420497682	0.805099672	0.132933857	0.628479581	1.11022E-16	0.020680325	0.432687019	0.926869506	0.755942519	0.353438222
0.384459493	0.442730018	0.083549148	0.689930713	0.51439501	0.71531718	0.463562063	0.269669418	0.222743472	0.039013458
0.66961911	0.388684556	0.07908133	0.214137182	0.271804084	0.160786353	0.160415866	0.502844746	0.487595724	0.91125585
0.529034076	0.473921001	0.096148905	0.667107435	0.418848916	0.801847118	0.352935891	0.563305512	0.006458645	0.12761469
0.226422244	0.335676751	0.06555595	0.616906082	0.118705259	0.669158177	0.456140962	0.421520719	0.052239054	0.072915167
0.726311949	0.002082541	0.081955278	0.555812522	0.261607982	0.806203355	0.49924407	0.477883374	0.728283461	0.327316672
0.574305416	0.843992685	0.155847431	0.515621317	0.07017261	0.90658736	0.56804733	0.782384943	0.368845289	0.035820179
0.422147871	0.403912468	0.017800075	0.782335084	0.246794571	0.432461622	0.41786698	0.603595534	0.061415994	0.464011691
0.217626078	0.728837574	0.179987096	0.489239591	0.400660877	0.979243733	0.02683042	0.748168106	0.367048484	0.400749092
0.283359231	0.237611767	0.088872103	0.280906077	0.030649869	0.20322985	0.569564191	0.74044682	0.864618663	0.813268897
0.529822801	0.076331359	0.041182183	0.529264788	0.322546908	0.845808249	0.551137238	0.780410744	0.489898253	0.699385953
0.524878157	0.85189042	0.140906251	0.103480872	0.492632318	0.220008835	0.22335941	0.015295721	0.7598898	0.149095082
0.408830521	0.022037835	0.174246472	0.33911185	0.55844922	0.372886203	0.459049534	0.375089983	0.234098772	0.608987178
0.566150868	0.002829244	0.096763604	0.293862162	0.521122445	0.12682624	0.144196066	0.651073406	0.227334566	0.380392873
0.382208802	0.967262934	0.158232055	0.465099672	0.346119812	0.398231789	0.20549818	0.31238661	0.329739293	0.738407077
0.270161804	0.218509849	0.133402618	0.774101704	0.542814845	0.345561882	0.114180115	0.759908317	0.051200207	0.783153314
0.279591642	0.498146166	0.163868394	0.505362252	0.07273312	0.901159085	0.428456285	0.501110136	0.439284286	0.92974239
0.588787123	0.203378447	0.107643335	0.166139333	0.332201768	0.677017677	0.414406071	0.711484017	0.718347924	0.229869742
0.557794418	0.068271804	0.150536939	0.704095376	0.420287474	0.547171365	0.093229728	0.551464748	0.471140667	0.477280074
0.435136081	0.677797868	0.161956015	0.566345409	0.246142864	0.335177677	0.194415063	0.320795843	0.496966943	0.826228375
0.498936093	0.20901971	0.111149438	0.195999596	0.365443296	0.575545478	0.271573279	0.705152606	0.304500595	0.419857347
0.307761319	0.835912763	0.02532199	0.832206818	0.135087983	0.021028702	0.47374519	0.698639036	0.097026588	0.313249765
0.537944399	0.909664921	0.094279314	0.83489168	0.123565921	0.136909756	0.391779321	0.792299862	0.937630334	0.022907907
0.502369382	0.313004663	0.095821568	0.064667376	0.245186197	0.610050612	0.245616712	0.016742877	0.161014448	0.698517078
0.391569133	0.139805195	0.125630563	0.11069515	0.221016451	0.252171085	0.102422215	0.410628109	0.412217806	0.225299563
0.204120671	0.531906441	0.137548579	0.514448327	0.108145114	0.275573175	0.256676377	0.593083496	0.849007459	0.132934182
0.291121359	0.152607069	0.088593316	0.728036198	0.141505047	0.994878309	0.445959644	0.937172473	0.993095619	0.905026095
0.693435196	0.279681108	0.127145837	0.970808867	0.543999839	0.114344446	0.190392898	0.409095121	0.791738652	0.763786851
0.39125729	0.333643149	0.147455307	0.295846486	0.53733938	0.739491883	0.449258267	0.817453155	0.239517332	0.926321708
0.2015636	0.939644325	0.18706898	0.472927356	0.373622313	0.736517866	0.248725094	0.490781568	0.673058238	0.078726253
0.432196081	0.730031339	0.092058825	0.361530726	0.514799584	0.320607968	0.236831821	0.527812256	0.915678331	0.261054281
0.308297122	0.577244552	0.124799597	0.877105548	0.219914768	0.28536865	0.103019301	0.160790773	0.654137316	0.654482644
0.295111166	0.5148129	0.145729697	0.49973399	0.270197425	0.145352147	0.449384308	0.828020819	0.355717648	0.039609166
0.219503032	0.733967992	0.1279082	0.44530793	0.306745901	0.57378226	0.471509012	0.772181841	0.79105073	0.012806196
0.488078452	0.12352657	0.130168879	0.370732765	0.033303949	0.805369869	0.182412328	0.754459714	0.649845465	0.98775682
0.378501518	0.643807516	0.111822012	0.06128713	0.276074848	0.035790831	0.290972858	0.87137731	0.346282396	0.086784834
0.359937969	0.987097538	0.08500153	0.846260574	0.284941374	0.495943823	0.381845909	0.587466221	0.650527465	0.380810829
0.32350026	0.592477487	0.244729496	0.312881058	0.520314306	0.854077884	0.450614329	0.466059553	0.810286448	0.360251453
0.436718329	0.182252504	0.085670977	0.432384137	0.47316661	0.303336219	0.275020546	0.739446836	0.584898062	0.845714807
0.597893257	0.82543286	0.128680174	0.341394141	0.133288138	0.95084824	0.223367816	0.271419195	0.649844527	0.984115166
0.556696827	0.529701724	0.090766035	0.106454551	0.380666489	0.834732102	0.292233166	0.573648602	0.624044389	0.017467515
0.405993806	0.218930038	0.137486908	0.698616666	0.283261428	0.73893303	0.4702424	0.614177782	0.266457138	0.065327051
0.428081654	0.473409243	0.109711914	0.88842258	0.461405554	0.536961791	0.041245675	0.254200895	0.385671995	0.101557153
0.517450046	0.079518516	0.120490315	0.781058421	0.291938329	0.726323536	0.157484293	0.716820418	0.37578306	0.320526555
0.476137096	0.660151348	0.105224154	0.759868767	0.351425991	0.684835086	0.115473461	0.652583414	0.960803535	0.093513099
0.296515686	0.62346195	0.131333111	0.714413675	0.307852182	0.293423055	0.52483051	0.484961754	0.098093012	0.637794641
0.256386322	0.15444099	0.076576039	0.905908846	0.311842195	0.137995839	0.2941944	0.653929284	0.506827087	0.800059138
0.373718645	0.341765784	0.091981873	0.719558004	0.312793129	0.702513433	0.08307633	0.688746535	0.836183313	0.391245314
0.302926973	0.588073046	0.041288459	0.95107678	0.218486306	0.96876764	0.025915749	0.462216159	0.800660552	0.255283528
0.466304037	0.047682609	0.088315148	0.421098631	0.472541601	0.329705993	0.384027961	0.388849146	0.393165535	0.643994019
0.428313213	0.128973022	0.062901882	0.902829633	0.530912313	0.322817248	0.162477862	0.630942242	0.120664323	0.253407179
0.438561501	0.682636072	0.167801386	0.214330843	0.256898489	0.226404007	0.503074461	0.955635506	0.163360213	0.992914967
0.488472974	0.570717046	0.130367023	0.258025508	0.145289864	0.130209406	0.543418223	0.428518351	0.40181094	0.235195026
0.494976393	0.80620066	0.096866052	0.254500605	0.020782811	0.709791602	0.217251603	0.944264978	0.902601186	0.150857789
0.371716352	0.241331247	0.115615469	0.969061984	0.347868392	0.310307833	0.152352801	0.358608842	0.019826056	0.162579579
0.311076682	0.308763674	0.083973153	0.630344734	0.528387969	0.382515653	0.567291347	0.138020733	0.25968368	0.488324415
0.438320818	0.864306989	0.092267072	0.934037663	0.155335917	0.547616549	0.569570754	0.087975218	0.392279906	0.329079929
0.330063472	0.012827824	0.162845394	0.437276575	0.371106565	0.114635015	0.557714198	0.297613373	0.815781265	0.356101798
0.440265441	0.600770199	0.193113083	0.369711738	0.156038004	0.36543666	0.483355705	0.245513318	0.167636546	0.003016678
0.293966039	0.663216581	0.143758027	0.236140567	0.155791225	0.21319217	0.512898401	0.559068214	0.195619325	0.889733988
0.542769193	0.42452698	0.1312949	0.57879756	0.216250238	0.535026189	0.202943788	0.431707964	0.021548276	0.401369103
0.42490826	0.238366492	0.113091695	0.361077903	0.376138263	0.729731238	0.507662711	0.779258717	0.998257773	0.510227775
0.410220145	0.60554029	0.149455694	0.766190614	0.362134806	0.155737589	0.231587967	0.281615454	0.434659197	0.14684986
0.361664241	0.102299533	0.082245413	0.966445957	0.365693686	0.170307199	0.56338211	0.451383781	0.816607595	0.052082892
0.314717274	0.474383908	0	0.411181126	0.510489209	0.86198624	0.146613673	0.240662051	0.29342731	0.653498639
0.300599816	0.94142904	0.080985618	0.418597344	0.301360227	0.630895903	0.087677764	0.1430163	0.234320139	0.173119672
0.31175689	0.990747311	0.129356079	0.166126532	0.485532991	0.129299156	0.259985045	0.391956349	0.655842884	0.347673629
0.578001807	0.98612143	0.070083233	0.282152825	0.012130698	0.366886891	0.267193442	0.599644772	0.611634719	0.390642931
0.419294543	0.305206047	0.117109824	0.526273823	0.040600455	0.654188896	0.391379078	0.490008359	0.764752383	0.637649065
0.52684634	0.578612172	0.046977634	0.855040344	0.165241643	0.516627005	0.024367693	0.695104346	0.156203805	0.200932586
0.465245075	0.911628705	0.123798931	0.290964196	0.286630754	0.304918324	0.263492722	0.310817183	0.657179214	0.607060264
0.459764238	0.026099453	0.146855901	0.466215011	0.321218858	0.102846305	0.473022427	0.267580478	0.78678339	0.47302453
0.483341194	0.189596012	0.16851658	1	0.079743883	0.214160697	0.537415776	0.02400057	0.764088886	0.591807276
0.527106505	0.532586622	0.213895343	0.995884734	0.363227596	0.552219464	0.484888871	0.118490406	0.991299691	0.672588612
0.392478229	0.225716277	0.072806915	0.557094906	0.003233372	0.319246711	0.226953528	0.411407208	0.20289396	0.750138327
0.281340189	0.082944378	0.108958585	0.392282768	0.482361526	0.859608448	0.438449076	0.712076695	0.056599583	0.295483111
0.265698814	0.904587154	0.042252003	0.784043511	0.435957502	0.141976605	0.072163163	0.400427938	0.943596259	0.24689159
0.341773185	0.132551141	0.072692019	0.992177047	0.240065596	0.792524323	0.172082027	0.422057535	0.055376984	0.716838822
0.647218156	0.388713119	0.066952681	0.413406656	0.534170269	0.062600707	0.422830096	0.746479945	0.369831026	0.28707337
0.515940393	0.256466474	0.168419535	0.224620768	0.235151899	0.111900305	0.285653094	0.225407101	0.598071537	0.956585767
0.789511946	0.981485465	0.084673115	0.974878757	0.413224888	0.922749961	0.179818778	0.916123559	0.220468314	0.902012681
0.500110019	0.373138135	0.178045148	0.234492961	0.376100618	0.262210399	0.079553518	0.32086256	0.711680524	0.574029508
0.080444133	0.042249003	0.11404093	0.525510841	0.266497323	0.257308579	0.301155166	0.983644165	0.680725889	0.57444541
0.337948351	0.764509378	0.150168342	0.672904566	0.530950333	0.977391269	0.479678811	0.261823835	0.156794518	0.764142225
0.506551238	0.108567986	0.074021456	0.792918115	0.254993908	0.786416561	0.505520706	0.568244721	0.040262468	0.450936287
0.390477933	0.033391488	0.191554012	0.494179456	0.076512788	0.623984992	0.21161766	0.810946167	0.053838869	0.066290555
0.63964277	0.584055754	0.150818829	0.83124154	0.213447637	0.047173749	0.58063624	0.864535492	0.107494122	0.829238504
0.53853757	0.277435446	0.048805961	0.403548749	0.542936774	0.83166314	0.49179782	0.539455147	0.691914755	0.322522041
0.504298155	0.641578604	0.079486005	0.745441891	0.010955541	0.595056888	0.010967261	0.504813438	0.102979925	0.572226819
0.39194756	0.419232017	0.120098485	0.830529136	0.535132021	0.451601876	0.202608099	0.936095211	0.825335997	0.263436629
0.544731308	0.325925456	0.206988135	0.944805246	0.160414307	0.207450686	0.44516729	0.252021302	0.693395546	0.499056262
0.224444223	0.469999445	0.082214938	0.100587938	0.214993773	0.138062054	0.422053295	0.440320914	0.149802227	0.891969286
0.403611578	0.33491097	0.16143726	0.922902261	0.468977088	0.87530867	0.401291326	0.918436257	0.092340835	0.819499438
0.337635387	0.549365518	0.115296377	0.444990717	0.057856973	0.873025381	0.42698524	0.766137032	0.518863544	0.740218925
0.429315104	0.788391926	0.07789902	0.05602657	0.550445277	0.647103347	0.226384699	0.501279369	0.387628912	0.029097242
0.455720367	0.708756961	0.031715901	0.434620015	0.262563307	0.186793335	0.509052292	0.079239444	0.211262806	0.507634521
0.403230598	0.378671053	0.132914128	0.473688031	0.145018612	0.950086138	0.199677674	0.953753823	0.92001409	0.485415015
0.354288658	0.970848234	0.093027643	0.085256486	0.253864256	0.731096469	0.257156335	0.690603893	0.957073858	0.859131731
0.438509197	0.375101613	0.121574566	0.179803625	0.313197469	0.981812988	0.074182204	0.995503448	0.306690002	0.164589861
0.260934587	0.145913081	0.08365234	0.785378337	0.25943679	0.664617692	0.288476648	0.567004986	0.115537373	0.608152014
0.523767791	0.563500121	0.041857076	0.410475893	0.299749416	0.669462012	0.596426603	0.020192555	0.265903766	0.133361589
0.40483566	0.383892853	0.111659787	0.661448156	0.05942243	0.516135911	0.080676056	0.217528936	0.912404616	0.401828427
0.361760129	0.509147503	0.11593804	0.622347662	0.388192724	0.792788468	0.269902471	0.615383636	0.806293202	0.245506525
0.506205259	0.167379487	0.138359033	0.475158623	0.136306185	0.899678198	0.050226126	0.708458141	0.242363064	0.668215162
0.294269436	0.197571046	0.15046787	0.981419696	0.262150778	0.779796152	0.330452867	0.639923828	0.201761415	0.605483374
0.347237104	0.349574071	0.139694599	0.938360639	0.106763343	0.722847814	0.444810691	0.112157059	0.97033637	0.826162447
0.579750153	0.341370713	0.140615474	0.343999533	0.192746826	0.592050141	0.087472333	0.403740297	0.374249932	0.759528498
0.208430623	0.969343952	0.057451575	0.818363375	0.098949227	0.146525891	0.144420485	0.634449399	0.548215571	0.552495415
0.302248154	0.999397195	0.116462917	0.61699018	0.069815166	0.500076511	0.409180805	0.310741108	0.695052509	0.449128865
0	0.018503874	0.098564105	0.221021327	0.032024291	0.896716844	0.336978723	0.132826147	0.752841756	0.176610408
0.31835253	0.868472563	0.115207787	0.398229113	0.431165541	0.032984262	0.121752909	0.223254503	0.112458591	0.659537855
0.344038939	0.958176044	0.180973783	0.802761069	0.308573381	0.551668041	0.348746561	0.650447578	0.22724445	0.764298512
0.423446829	0.546979742	0.087621589	0.730808532	0.13431766	0.930291512	0.569500009	0.836431923	0.70276552	0.926133388
0.54485276	0.925789364	0.159299429	0.982554366	0.566607382	0.69197521	0.427048528	0.418108922	0.768918418	0.587000488
0.339732736	0.451721979	0.185799836	0.820725528	0.325429694	0.393475208	0.463864216	0.952937752	0.395484143	0.041740056
0.263987613	0.247324969	0.156326871	0.379765952	0.087841629	0.032989811	0.20413316	0.384552979	0.946187845	0.854258952
0.468910977	0.982751637	0.088694164	0.26935514	0.449106076	0.935636292	0.291606003	0.351009123	0.135132408	0.730676385
0.320430133	0.179260825	0.137980417	0.872843093	0.496111343	0.915858121	0.556775493	0.736352779	0.194711249	0.414208137
0.306054587	0.427495518	0.152068025	0.193292325	0.188205916	0.651493226	0.124583948	0.874946703	0.255374771	0.087045358
0.490887721	1	0.12146394	0.223347471	0.207456537	0.187446127	0.197969641	0.411345135	0.618295392	0.338970327
0.294147379	0.860399312	0.14116738	0.124980736	0.254488473	0.31185689	0.529252598	0.214665382	0.941345252	0.353401333
0.20360524	0.170908807	0.105116913	0.414230953	0.479478424	0.675800286	0.346751074	0.76656252	0.885393567	0.19866915
0.511289047	0.835684364	0.108250536	0.954363393	0.050841168	0.524761893	0.524796516	0.574926615	0.550634009	0.48251482
0.490423997	0.651988697	0.049956201	0.088769369	0.478362278	0.864834159	0.425963578	0.071365552	0.078309547	0.902266946
0.434244817	0.306311057	0.087825029	0.624249568	0.040854693	0.620244879	0.110385775	0.177259895	0.851506006	0.095030179
0.303379992	0.289476543	0.059035171	0.441365307	0.490799106	0.297780894	0.482274756	0.548479317	0.48410727	0.801415733
0.424656864	0.46498068	0.148197395	0.421587768	0.214775868	0.160256484	0.019047747	0.876147951	0.613942668	0.178214163
0.316294014	0.862564752	0.073953472	0.114383499	0.209254746	0.88651548	0.469011203	0.167356697	0.22408444	0.533539067
0.447236569	0.183280102	0.063453454	0.395017629	0.248985996	0.965498176	0.032192765	0.798012923	0.116556787	0.965564348
0.20023938	0.207966969	0.088823807	0.819983153	0.450386093	0.493967763	0.242167782	0.517071562	0.697538305	0.420018134
0.350073159	0.141361105	0.118270921	0.760951103	0.143583314	0.866994366	0.556543197	0.236338624	0.039929366	0
0.190355929	0.14023037	0.097412118	0.522642223	0.532750814	0.095271911	0.416349886	0.377207593	0.679508331	0.420083133
0.372059559	0.977158033	0.086635345	0.605684693	0.283891894	0.170059551	0.33321099	0.946337636	0.255716443	0.469238421
0.507244638	0.899523435	0.107427136	0.64151123	0.113230505	0.160548161	0.451148088	0.169849793	0.34061546	0.086899826
0.306510933	0.632237508	0.070959146	0.171128006	0.057727545	0.951697676	0.305848375	0.493585595	0.785376506	0.956975564
0.523881084	0.862245939	0.125673285	0.127079811	0.37618103	0.641788541	0.029739118	0.871919549	0.801751007	0.897600226
0.201730457	0.68068282	0.115477258	0.28403133	0.458777354	0.595968185	0.183875284	0.720259925	0.698439338	0.155349127
0.390746345	0.886787661	0.155012483	0.592233518	0.055048048	0.543058433	0.537998967	0.65623195	0.441367467	0.393971619
0.672553633	0.289268541	0.085258624	0.62288797	0.294773505	0.074521905	0.351322297	0.491570814	0.072901308	0.803559566
0.081165229	0.690846904	0.167465717	0.110385478	0.348685865	0.886250694	0.450735229	0.805824252	0.132159581	0.142101411
0.573798186	0.48586629	0.148208852	0.311097243	0.04899988	0.163415233	0.035819177	0.614539216	0.725820135	0.745396203
0.353044445	0.774072166	0.093285437	0.948527818	0.350527953	0.914757449	0.430191338	0.699507472	0.285300161	0.186468933
0.61891086	0.666321119	0.135237208	0.328769863	0.170459094	0.317797742	0.328072541	0.782168776	0.623292275	0.338762392
0.538815396	0.122456704	0.071942882	0.861426777	0.392629857	0.105350699	0.369535506	0.655240213	0.35491269	0.911406418
0.690299151	0.330753083	0.145227856	0.464323722	0.184435389	0.144500185	0.509641969	0.270813732	0.849681047	0.024318068
0.409993602	0.547238021	0.142838589	0.587691247	0.514813506	0.899107314	0.316997214	0.49060873	0.238510626	0.123738698
0.435533306	0.292099163	0.159815636	0.700335216	0.169325269	0.265444609	0	0.486527685	0.799098891	0.17094516
0.423508301	0.153060938	0.126296986	0.826627934	0.454771352	0.619485673	0.424263644	0.663926334	0.653082147	0.34067819
0.339084557	0.644239004	0.047007089	0.230128496	0.541827141	0.769024403	0.169704824	0.423759251	0.46962381	0.010661381
0.404858159	0.686989653	0.107211794	0.190239117	0.049549627	0.462511376	0.214923536	0.231933059	0.042367756	0.120573981
0.455511201	0.319374277	0.15319224	0.695776665	0.16161029	0.033658179	0.484436018	0.581011621	0.594082703	0.135131491
0.410546771	0.559123472	0.150586567	0.69931778	0.277012288	0.814764133	0.13142701	0.079281066	0.548596245	0.202648066
0.321898749	0.24577919	0.096556061	0.916967011	0.310998231	0.689751748	0.193521465	0.587219871	0.931620678	0.097573762
0.362105193	0.161767293	0.148566979	0.508242278	0.155951414	0.564984553	0.408444756	0.631391868	0.164390913	0.546419194
0.397128724	0.769790603	0.104393144	0.099933182	0.262662316	0.792877443	0.261438881	0.601195575	0.977389758	0.094752355
0.52161471	0.872051173	0.144233242	0	0.1846346	0.16491266	0.142353579	0.794938074	0.525869525	0.273628612
0.319526888	0.537769956	0.168186637	0.066095451	0.458698255	0.763514522	0.470185527	0.630323547	0.310957568	0.380319739
0.431734662	0.347552306	0.122892839	0.008102913	0.556986801	0.523551024	0.190851874	0.116002904	0.659668717	0.167761398
0.551357906	0.523243918	0.192299546	0.50598473	0.168975823	0.374288651	0.570384429	0.969187165	0.723981518	0.622992775
0.400374403	0.965164145	0.100582272	0.340608929	0.552748955	0.888453147	0.220432184	0.807894601	0.039880122	0.706150532
0.511535267	0	0.090461938	0.581238677	0.260717971	0.999942888	0.472774945	0.110773647	0.420839994	0.208352859
0.546727809	0.197039711	0.060684546	0.28913675	0.07925175	0.455257566	0.460837333	0.79392517	0.133645209	0.065230045
0.461665194	0.818979602	0.006580708	0.469358408	0.281968481	0.649877711	0.313634536	0.762471468	0.860535126	0.461189175
0.542468811	0.181673951	0.092850428	0.822358554	0.396806029	0.503511396	0.010865776	0.509166454	0.859814527	0.913145386
0.45043949	0.534548659	0.170654291	0.305741129	0.177757436	0.163430401	0.060941086	0.023051325	0.654222858	0.480207464
0.393302981	0.497310369	0.168108595	0.098322326	0.477633578	0.230109586	0.554159579	0.796071561	0.142855042	0.386905401
0.320176423	0.801805941	0.134020408	0.226799047	0.456590196	0.169666503	0.463945479	0.675794663	0.478357426	0.350503812
0.533020971	0.077388732	0.161391206	0.364036458	0.052227185	0.378024173	0.420680926	0.716274066	0.839599836	0.414261769
0.514514715	0.334829311	0.100435378	0.411310544	0.424410109	0.780202175	0.302367496	0.816875165	0.590566597	0.823098106
0.355381521	0.963424941	0.106071862	0.865298552	0.123686781	0.270721315	0.00641864	0.637508699	0.127729636	0.06901747
0.593518955	0.769736725	0.071694962	0.064584847	0.465153369	0.803132422	0.292567842	0.103484918	0.808089816	0.613932287
0.50427063	0.717176017	0.139303137	0.642488919	0.388668228	0.180755793	0.258904551	0.380743817	0.903337742	0.244392464
0.269201549	0.755895765	0.130006909	0.267092974	0.401012675	0.951269188	0.002153314	0.948764191	0.756355691	0.45943301
0.363591511	0.991911712	0.138144148	0.500403713	0.486851149	0.620759465	0.241198346	0.278953441	0.844187795	0.839727278
0.515153988	0.377327852	0.046334387	0.823626195	0.393778025	0.691609587	0.582177895	0.933223502	0.908458908	0.594730741
0.411381498	0.889658955	0.130236453	0.673770045	0.308527155	0.167626545	0.434909321	0.729424327	0.834312408	0.150137761
0.418126838	0.776539017	0.113146535	0.330129649	0.182973762	0.295105419	0.003135809	0.21907419	0.058055999	1
0.371793769	0.221397422	0.095615489	0.011869084	0.409654351	0.683619906	0.325636254	0.838735285	0.350351519	0.948490443
0.551962723	0.092843873	0.131995386	0.707871868	0.281838378	0.982170812	0.153730731	0.843406757	0.238194811	0.613451841
0.541236084	0.654271024	0.085665005	0.413423638	0.408899736	0.081572757	0.088048312	0.831082798	0.480824952	0.680072532
0.267061945	0.010367273	0.188133274	0.362343485	0.060942982	0.315855133	0.422133043	0.951170301	0.84936072	0.305905617
0.399467889	0.808318932	0.104160198	0.522884503	0.042364291	0.715393854	0.04862665	0.420677299	0.162280122	0.401073305
0.60754488	0.153462551	0.163003303	0.12038352	0.52929759	0.716105372	0.596708946	0.641760336	0.113561242	0.226845498
0.384404781	0.823057284	0.058643418	0.381842256	0.205002882	0.675072733	0.0313401	0.542553871	0.926024217	0.750320165
0.26019627	0.010946512	0.076723658	0.473144229	0.134978703	1	0.305932877	0.386385447	0.356822627	0.535503222
0.525779439	0.828109558	0.077111662	0.44272942	0.444539412	0.228067151	0.291517956	0.360782146	0.216398321	0.193552036
0.697059872	0.31543738	0.106188909	0.453624517	0.011111589	0.52349091	0.063202066	0.662820744	0.290743922	0.915955567
0.420631349	0.894462584	0.189432998	0.302806726	0.369624061	0.204412094	0.50165079	0.506766193	0.596157878	0.436981008
0.423577495	0.027855719	0.184083693	0.396147431	0.055069193	0.13421083	0.473228382	0.753006187	0.400407879	0.079796908
0.396835092	0.875334421	0.087001641	0.074725239	0.268588215	0.197713737	0.008598965	0.992124745	0.380705712	0.10133315
0.410663258	0.106601459	0.180290578	0.020148057	0.066686729	0.459201335	0.070535033	0.971781844	0.505443432	0.147821475
0.384343706	0.609215862	0.189178319	0.671075168	0.243785276	0.040741028	0.511534257	0.484666816	0.899817908	0.060505194
0.349580057	0.223334924	0.100155785	0.15499973	0.533816862	0.550351229	0.013145303	0.091621647	0.12646872	0.217589223
0.42600002	0.683851721	0.04490098	0.153656977	0.181836816	0.098387726	0.263748155	0.97262164	0.99011626	0.677652213
0.299415367	0.557618648	0.136442032	0.760324105	0.005944915	0.419945905	0.35008056	0.184586026	0.565427674	0.059908452
0.434411993	0.923211085	0.087547587	0.121042894	0.515194198	0.843808663	0.464177566	0.142765569	0.637073318	0.955715683
0.420871637	0.055115775	0.02039982	0.896271938	0.101344547	0.58645889	0.498528209	0.757141469	0.694266032	0.256197231
0.27191294	0.60614348	0.211199844	0.247518733	0.180268905	0.465809349	0.485102413	0.662965653	0.877362642	0.881930726
0.474781567	0.462932115	0.1524179	0.657542537	0.519017343	0.372765979	0.076376533	0.622572908	0.422420823	0.164485215
0.254955784	0.673699982	0.054320703	0.721794006	0.119518629	0.492603428	0.051246857	0.276230537	0.944450823	0.534426792
0.094580298	0.599215465	0.111833135	0.208183288	0.032369159	0.335501513	0.346076102	0.44287183	0.577390817	0.957395627
0.239030525	0.186809077	0.096288279	0.628498015	0.24268093	0.437191781	0.392551718	0.484265823	0.014179595	0.54721237
0.401387469	0.560595036	0.064337278	0.431010625	0.0589786	0.291355125	0.312653491	0.967418668	0.252072202	0.45096474
0.526010856	0.1044445	0.690623322	0.372405693	0.837384829	0.041877898	0.488895992	0.46212129	0.304304261	0.191927968
0.484512908	0.271183124	0.84867107	0.243477413	0.839832716	0.012596552	0.708963177	0.545151045	0.410066574	0.861807561
0.640737604	0.217713222	0.440181416	0.504704435	0.946409397	0.232685233	0.724190846	0.90694405	0.668464711	0.020830149
0.923288184	0.283090492	0.346372262	0.87537493	0.830796011	0.651013265	0.563168155	0.944070424	0.491827023	0.61715507
0.991530878	0.732837709	0.258864233	0.61829857	0.80267726	0.73648093	0.501486806	0	0.522249905	0.926553376
0.514696474	0.711209043	0.858756708	0.323323559	0.778575854	0.346409478	0.691747307	0.551203965	0.809252814	0.904894789
0.817370488	0.740655927	0.493596307	0.156565837	0.905760036	0.476896712	0.671632755	0.563804009	0.24839616	0.184716087
0.773526582	0.347940467	0.341644926	0.728641419	0.820141123	0.746505315	0.711204055	0.135632549	0.356807618	0.069509421
0.458885848	0.341107408	0.670837881	0.995153906	0.843235605	0	0.835084259	0.260391801	0.533974833	0.848963132
0.614165958	0.42568185	0.799566842	0.662270724	0.880315898	0.258417173	0.802318271	0.327053729	0.808028232	0.839028678
0.890917895	0.583475002	0.501742347	0.307826381	0.857526021	0.518525593	0.792870752	0.419416252	0.789781166	0.697425568
0.606155331	0.124539674	0.4070344	0.944781626	0.828597487	0.079763164	0.532477133	0.833401397	0.494075925	0.780646075
0.535616296	0.955961813	0.645961416	0.735067953	0.875257996	0.551899383	0.589122021	0.593032513	0.854162921	0.275622572
0.914362144	0.67931859	0.638292618	0.116807777	0.761834409	0.987253133	0.597620877	0.630165188	0.014920337	0.941046623
0.503933408	0.094454784	0.595745196	0.321875989	0.914672345	0.884552111	0.657922131	0.596403048	0.910814541	0.994842268
0.536601863	0.448186317	0.653547387	0.937518825	0.761035153	0.178176031	0.711832181	0.405655273	0.708515966	0.845151337
0.758873676	0.642359291	0.624743496	0.080517614	0.877790106	0.553077538	0.689871865	0.573267693	0.203986105	0.893437792
0.645113047	0.288308946	0.920435426	0.724653686	0.799926683	0.870348803	0.569104472	0.094699438	0.099435785	0.354855945
0.69366942	0.304899479	0.232542052	0.199825881	0.81565045	0.32829973	0.763442518	0.609560464	0.659134397	0.226364886
0.884174356	0.311880328	0.258992172	0.756728424	0.89290877	0.590183956	0.68317421	0.815489983	0.331099226	0.214338044
0.995262424	0.103744899	0.131230965	0.951585551	0.762399517	0.93563151	0.634815546	0.74433279	0.142595554	0.917819501
0.798717281	0.203331989	0.251710836	0.267702419	0.799410051	0.462758147	0.711227655	0.605665902	0.814477324	0.166055713
0.611085631	0.251567459	0.556060764	0.982514507	0.87826818	0.203664532	0.576503615	0.735351888	0.867561512	0.736456399
0.492171831	0.315134613	0.476888619	0.35362833	0.799480549	0.40446032	0.671182035	0.737069799	0.995066779	0.266049914
0.620798105	0.328560712	0.122117202	0.558662167	0.826006143	0.606481726	0.710105885	0.442153725	0.00971026	0.788309504
0.874213761	0.039756854	0.87119698	0.139108433	0.891028676	0.964066619	0.749039274	0.767432936	0.172529944	0.355915501
0.59931334	0.516127005	0.745324037	0.63494318	0.873275417	0.400247296	0.491538702	0.28222229	0.932824271	0.945889653
0.56984846	0.59223866	0.90581767	0.268231265	0.929495078	0.660736254	0.675753151	0.215338047	0.591223687	0.786596408
0.42974137	0.159632343	0.844344903	0.446640399	0.803132474	0.411629465	0.762844645	0.128623807	0.175987237	0.463836864
0.948135249	0.487877622	0.462379489	0.660090396	0.929128993	0.675278147	0.911686186	0.091200689	0.485470528	0.048948099
0.464227972	0.248298328	0.143947807	0.623742141	0.850499491	0.588774124	0.544630061	0.242582566	0.921463139	0.485040285
0.79251519	0.181528348	0.606316303	0.699442603	0.760305508	0.229467713	0.6286513	0.681406457	0.449340213	0.036171768
0.722383074	0.117051166	0.423877858	0.931876204	0.798817073	0.470566155	0.648377141	0.949741136	0.895092467	0.648375571
0.423210494	0.559250345	0.605424285	0.945405217	0.91752374	0.587804089	0.52521054	0.599348204	0.557719012	0.102610873
0.812295345	0.780879828	0.241617192	0.1276857	0.901176275	0.156298929	0.391381026	0.221596657	0.851459347	0.057505756
0.666993756	0.559704476	0.719731427	0.050624794	0.942766637	0.269366938	0.509164508	0.32174386	0.517809255	0.930510268
0.773498366	0.151122988	0.68898743	0.451431265	0.896966193	0.127259694	0.735399095	0.414563417	0.135779455	0.761720034
0.57192079	0.602634165	0.611445187	0.800613696	0.860408274	0.616272177	0.47422743	0.132268722	0.802779979	0.107248564
0.893906888	0.123062994	0.214652307	0.080476209	0.83376169	0.559065939	0.61577339	0.658293251	0.609633534	0.233771796
0.837616488	0.534231794	0.452525001	0.369648869	0.985547609	0.632803002	0.546826089	0.812440884	1	0.530129981
0.571694334	0.906130532	0.948167217	0.653617992	0.837555435	0.563551969	0.807815643	0.692564114	0.700469134	0.515833347
0.456182785	0.734413537	0.647468442	0.357268062	0.852558506	0.227794762	0.657456152	0.327559045	0.263463673	0.744923236
0.609638892	0.751639721	0.248667886	0.920269362	0.898232117	0.816640385	0.64094928	0.916268317	0.164140032	0.430721728
0.714654716	0.26158617	0.391142534	0.652549116	0.830440417	0.652220447	0.714152253	0.595146819	0.1062751	0.048794543
0.765879491	0.245978551	0.261133867	0.716549034	0.83269576	0.980536828	0.463857999	0.810721268	0.600241295	0.55162264
0.620270745	0.952118056	0.772761394	0.308451422	0.857020779	0.799258076	0.58494572	0.160367067	0.779484711	0.591858489
0.938194295	0.702672769	0.27992753	0.586712109	0.818605584	0.904384426	0.404831179	0.167161294	0.037942057	0.945124374
0.805806025	0.425081528	0.839133269	0.476949406	0.801364904	0.51392871	0.592345571	0.10997386	0.000104966	0.599514229
0.734151885	0.145738904	0.303206317	0.651858156	0.875422769	0.470894388	0.807950314	0.686865518	0.571432402	0.412251375
0.583399083	0.139519386	0.221720783	0.11587204	0.831923177	0.883140468	0.776218294	0.94368248	0.119032084	0.751069566
0.514842234	0.38691852	0.576227283	0.340746315	0.777394762	0.031375254	0.551740138	0.793808726	0.688399671	0.305218232
0.980434179	0.378234273	0.311942604	0.807014496	0.895727135	0.827287843	0.436518772	0.062967204	0.902914362	0.438570886
0.509602365	0.804057694	0.920225636	0.043282633	0.856966865	0.27981138	0.571308897	0.563337992	0.405887935	0.075502533
0.61047774	0.27163241	0.38381736	0.798148578	0.879135093	0.612556128	0.473316763	0.988127111	0.491543803	0.961961409
0.791518284	0.771517617	0.524200833	0.56505544	0.922146208	0.299240791	0.529137912	0.805877177	0.53317018	0.980171891
0.73439782	0.555585722	0.786970244	0.215912688	0.778045202	0.463767339	0.592743928	0.601372585	0.10979204	0.998107016
0.432289179	0.843451967	0.493801526	0.942347124	0.902796298	0.201792776	0.549507181	0.119110422	0.989743724	0.624294863
0.48904912	0.070767853	0.346697728	0.4971989	0.849551548	0.487746069	0.694956801	0.865252542	0.074238127	0.637172942
0.71343358	0.394773959	0.229730201	0.961923567	0.871134903	0.893848516	0.583332457	0.200235096	0.860805367	0.194964327
0.540023983	0.277347142	0.194819505	0.486932876	0.888999565	0.907037439	0.821633628	0.88809842	0.242713546	0.56698865
0.713405871	0.894551518	0.993814258	0.432144368	0.799496713	0.287798813	0.516314753	0.079624965	0.214544617	0.498513219
0.587459996	0.08133031	0.463692399	0.453476081	0.884072679	0.232684247	0.598768037	0.638429389	0.77355841	0.553247879
0.495549608	0.259424911	0.262314281	0.900703383	0.872797492	0.412866412	0.81308086	0.137834823	0.676716919	0.460898172
0.430608751	0.584294981	0.552768541	0.223676044	0.933904103	0.152074689	0.844389688	0.711577995	0.26685753	0.075964582
0.844725256	0.75679059	0.114629664	0.557250882	0.878792926	0.977413347	0.678625139	0.768060867	0.019454701	0.018357566
0.651289367	0.78087133	0.404402231	0.340027461	0.760532969	0.059461993	0.741704602	0.43631139	0.780269559	0.834865941
0.701260383	0.674837032	0.180118334	0.636657185	0.940195965	0.037854473	0.70884008	0.426084647	0.693987494	0.887311685
0.802327486	0.972674056	0.712085855	0.587549766	0.838445814	0.336029245	0.347806713	0.274897714	0.165719852	0.778226036
0.614805098	0.104424974	0.685974586	0.718517561	0.873858881	0.789694599	0.570453401	0.467336823	0.085360587	0.745732806
0.849522461	0.588238024	0.290618046	0.743700191	0.864065841	0.427684883	0.904225107	0.854792947	0.951831982	0.735420901
0.762367983	0.803550411	0.299120032	0.51800572	0.831479116	0.300282213	0.481742724	0.593906759	0.459759311	0.12924958
0.533706824	0.394185498	0.270026211	0.3200493	0.795060611	0.672656031	0.650449027	0.962457105	0.541439248	0.399471193
0.95582839	0.024944287	0.410582227	0.377137588	0.767669958	0.261869771	0.631296222	0.751610705	0.80294826	0.115673988
0.847983719	0.952451908	0.637744644	0.409791584	0.87218717	0.809409976	0.481995181	0.592983007	0.621699752	0.511507218
0.710993143	0.621754916	0.773935467	0.147537645	0.769318668	0.346070264	0.561498601	0.623147728	0.66073839	0.227357761
0.95802673	0.037673553	0.522024867	0.506647656	0.810131891	0.371485923	0.787138824	0.79103483	0.688162758	0.813110789
0.88846721	0.796218516	0.602210263	0.093294634	0.908057106	0.480265733	0.44979467	0.289763517	0.127198996	0.408201608
0.87096769	0.547379624	0.893288489	0.162962911	0.872538019	0.257646362	0.655098033	0.848172492	0.812360241	0.463513354
0.517468149	0.587558185	0.193350005	0.074084534	0.850887272	0.060256558	0.750208566	0.324719053	0.941227216	0.88658394
0.807461964	0.84461846	0.712111152	0.456794495	0.850166393	0.239626627	1	0.18271161	0.412749	0.747485151
0.821030417	0.91865667	0.596105853	0.807902886	0.91616201	0.055642532	0.547798756	0.857576292	0.860464124	0.057893099
0.971364426	0.353332947	0.547760516	0.78221155	0.75972885	0.510111306	0.586460589	0.886362816	0.031892957	0.293434499
0.995510951	0.206707818	0.499882881	0.857284596	0.815610878	0.317784987	0.744608138	0.630372433	0.132750067	0.301389
0.424256181	0.36325155	0.861149979	0.674408655	0.893224696	0.532994954	0.693196798	0.539643567	0.868478605	0.925050032
0.745656104	0.165781374	1	0.595736465	0.791341175	0.611074372	0.488962207	0.619587825	0.256497991	0.403134182
0.979508639	0.371591386	0.780175714	0.418287077	0.977924417	0.124013329	0.470862786	0.182495624	0.575888612	0.450852244
0.593003535	0.956419408	0.611152817	0.392838378	0.88864385	0.909999246	0.590737673	0.886231588	0.154987651	0.259991925
0.90837247	0.892323326	0.507621172	0.125567132	0.846859459	0.864288936	0.399410807	0.773378927	0.675496929	0.451248924
0.422836581	0.70625173	0.341265879	0.160155345	0.816352943	0.946705551	0.594086047	0.240505098	0.574968191	0.345565603
0.843337263	0.177978281	0.605707333	0.963452426	0.806080494	0.94695291	0.714485769	0.862355781	0.515689561	0.165907176
0.419391864	0.186012088	0.869790923	0.942389705	0.872720709	0.266270479	0.569992899	0.561598187	0.254114137	0.188537496
0.505720687	0.047608691	0.205652369	0.474711161	0.780900145	0.748413135	0.633243684	0.482948352	0.657102141	0.837806059
0.76528282	0.007925513	0.739321573	0.006734153	0.888453047	0.326391297	0.622478596	0.257677801	0.107067241	0.527084346
0.97513567	0.312261801	0.976603409	0.618814656	0.919028001	0.894586644	0.605369581	0.537355896	0.417667912	0.613157285
0.908607658	0.260667689	0.964416494	0.459373039	0.783077198	0.910556672	0.471078733	0.193697611	0.741663145	0.314525737
0.750277879	0.281513345	0.463198339	0.217534777	0.79659036	0.805002235	0.623719326	0.30591778	0.358574817	0.848754037
0.949554447	0.580777916	0.532004452	0.735844168	0.861883819	0.272293486	0.772559127	0.356973627	0.98421263	0.215736212
0.594745441	0.028184116	0.717434981	0.34825452	0.91363637	0.389265152	0.580983769	0.794762608	0.24940522	0.195828234
0.633203887	0.345752616	0.645092979	0.358840633	0.828713362	0.006708353	0.437944498	0.066360071	0.472640806	0.13466567
0.593207849	0.490644705	0.384136747	0.397566994	0.840083691	0.691452416	0.750360187	0.874148598	0.957079317	0.39501924
0.868362673	0.657513006	0.150159325	0.114313236	0.82473122	0.45367585	0.830760993	0.099257228	0.284035015	0.352297381
0.860026904	0.321726519	0.737475646	0.794530404	0.825928927	0.090450474	0.449301851	0.715718065	0.563407002	0.930681685
0.53243351	0.065505999	0.534065164	0.453229461	0.804216973	0.710862539	0.533110392	0.916484649	0.079266303	0.115048775
0.908382625	0.217036121	0.159559592	0.047636871	0.837698583	0.690177993	0.487516813	0.500307688	0.958376304	0.804501453
0.516252723	0.378478234	0.884231516	0.577001444	1	0.917690842	0.633035876	0.290071243	0.704803578	0.723287626
0.770362157	0.319111487	0.396508683	0.462586259	0.86397452	0.572048924	0.613962604	0.49998211	0.228081305	0.042038496
0.953186429	0.956814027	0.318203862	0.36220024	0.883927418	0.497796948	0.624642455	0.859650366	0.683602816	0.641106603
0.483537783	0.449794561	0.164755733	0.533065408	0.869773537	0.148317267	0.693550726	0.025747573	0.871562252	0.764360435
0.618995239	0.373731571	0.869136258	0.587935704	0.858153521	0.472932541	0.363558298	0.17647239	0.88388324	0.45943729
0.953130847	0.681320579	0.567669193	0.554519946	0.786427726	0.691450476	0.644252866	0.797803118	0.469138788	0.043095208
0.619742516	0.599391574	0.528378775	0.342284295	0.832089229	0.494723137	0.650513837	0.162532906	0.9859585	0.236451823
0.551648696	0.317835688	0.320070446	0.697604657	0.911939935	0.814058571	0.550333282	0.30920315	0.442233467	0.927122748
0.581471112	0.531181721	0.696294673	0.349854709	0.947731537	0.978416568	0.860040041	0.535106558	0.5702374	0.69920172
0.495306463	0.558469264	0.869739265	0.531186584	0.901789841	0.642983218	0.558095125	0.958989739	0.764220458	0.777676969
0.778898492	0.254465267	0.392191667	0.992355563	0.728254286	0.627085819	0.545651078	0.946893678	0.612800641	0.282889539
0.403817901	0.877505687	0.759342945	0.28224305	0.822266382	0.325912071	0.571407252	0.862539632	0.428249492	0.170744744
0.816342656	0.993660398	0.943027652	0.133119934	0.814105937	0.000748821	0.525037426	0.440550136	0.177315179	0.925965869
0.936875057	0.140858932	0.135145466	0.467958047	0.865912612	0.082856941	0.812498088	0.827702041	0.69525786	0.438475481
0.43970936	0.054877777	0.266041891	0.953934824	0.849236202	0.91606287	0.612813208	0.12384108	0.856725242	0.848159618
0.440061676	0.386655176	0.859787303	0.084806566	0.970967046	0.192945749	0.762527015	0.324545317	0.14736961	0.250489408
0.717250653	0.636793574	0.399622506	0.40827447	0.873070948	0.451727962	0.507315377	0.9989757	0.476602176	0.006726049
0.425146099	0.312421578	0.94798421	0.622223652	0.867098619	0.578071864	0.586701858	0.025619228	0.055050236	0.597115788
0.811971821	0.831820044	0.357861921	0.149088548	0.833686867	0.015587591	0.715583449	0.957106072	0.060981851	0.771000835
0.428142037	0.102953972	0.481848101	0.692684009	0.782386109	0.751542245	0.592719204	0.692062453	0.196261235	0.846823884
0.803973203	0.423228028	0.502286983	0.565019511	0.943453202	0.942562445	0.659962977	0.936315985	0.652557929	0.436790111
0.894447321	0.4136359	0.986201903	0.697442306	0.813935189	0.035186504	0.466949957	0.133746649	0.923317397	0.936454942
0.618581915	0.679181748	0.206193264	0.642526374	0.864727112	0.89575683	0.404930304	0.231075802	0.225827316	0.770095225
0.909889224	0.616842696	0.505505711	0.367623651	0.682416293	0.988586754	0.521702291	0.644817138	0.795755251	0.942649646
0.953924358	0.766544849	0.663457483	0.082307849	0.866546598	0.896419454	0.648673777	0.071870693	0.262452648	0.14487496
0.74088015	0.432891552	0.12943722	0.732249384	0.880095575	0.709754069	0.640526816	0.735325517	0.736239026	0.9958236
0.594196126	0.913435656	0.754812012	0.922465357	0.80236514	0.813932912	0.483521713	0.935012841	0.803642816	0.226093258
0.616482761	0.803205255	0.730180565	0.639724623	0.836599428	0.884962358	0.554556216	0.133437909	0.177327174	0.269248526
0.495347717	0.055540578	0.249821115	0.243404934	0.765538258	0.589714069	0.711501986	0.595022224	0.211495095	0.946125012
0.99107047	0.371948429	0.464773024	0.719060934	0.836317371	0.227917918	0.432612851	0.405352574	0.771280799	0.870186986
0.798744463	0.143486944	0.329783534	0.44079353	0.830589461	0.490168637	0.674414844	0.724473896	0.098176516	0.106386506
0.617817536	0.008814176	0.738864011	0.283652428	0.866502111	0.968752994	0.742993996	0.863830676	0.027569807	0.438593719
0.896056626	0.601880678	0.878357872	0.452120889	0.873914981	0.05661644	0.627492962	0.623306543	0.068218687	0.504758551
0.672340785	0.742558004	0.908084927	0.755676785	0.79836802	0.836277037	0.527143294	0.336197841	0.225696982	0.23049994
0.681067828	0.460019427	0.120551991	0.818401702	0.7818894	0.054891245	0.595698552	0.747831051	0.638231883	0.672246111
0.902827916	0.356246443	0.264835947	0.266494949	0.872631461	0.500235362	0.636883157	0.494076045	0.715285969	0.77315484
0.418978909	0.063140209	0.717113796	0.110903761	0.874675267	0.278621824	0.650972511	0.607328529	0.917711849	0.670187712
0.790936688	0.748753352	0.577408446	0.128174029	0.92129664	0.525769905	0.67077281	0.432899177	0.126235094	0.065862321
0.44588588	0.231046011	0.9856721	0.715343772	0.903753338	0.848602618	0.597741791	0.895275436	0.659119066	0.881890132
0.789087845	0.478019024	0.543411194	0.86712874	0.925273825	0.797906662	0.648392418	0.7447419	0.278405879	0.951490486
0.771362552	0.726185717	0.72942305	0.458252824	0.936895219	0.296866585	0.47542834	0.816012527	0.544627814	0.653823215
0.607144008	0.825227209	0.329050017	0.427661102	0.991524122	0.290757736	0.479534799	0.903960728	0.825743249	0.833887843
0.725433728	0.231602468	0.491112847	0.043100787	0.838499825	0.963584626	0.750070076	0.130367621	0.394226033	0.927933712
0.842807257	0.648847133	0.610850415	0.594674537	0.852533777	0.988462447	0.564576222	0.169632677	0.525336576	0.716558176
0.960433883	0.976100371	0.202264353	0.839607515	0.866059606	0.587432094	0.53899083	0.669674474	0.609283057	0.273929524
0.46542027	0.220843079	0.711096563	0.302495785	0.876872377	0.029557027	0.730518981	0.594542542	0.451382199	0.358361247
0.59596768	0.846886095	0.578042654	0.101019483	0.885925997	0.717700594	0.656068167	0.793065898	0.135275387	0.785062121
0.45389959	0.726625323	0.982846363	0.709771918	0.805548168	0.025770404	0.495293284	0.101896646	0.009680824	0.537291747
0.914310431	0.708128016	0.228851668	0.816990293	0.861909283	0.507678038	0.537449243	0.173008742	0.248615466	0.021319196
0.509946479	0.29619058	0.161822625	0.146994712	0.878809896	0.687412585	0.623284865	0.624200505	0.546600678	0.242421241
0.469629429	0.539770055	0.142763466	0.272069697	0.788065093	0.904878792	0.67898457	0.134772927	0.75553148	0.341974836
0.607755213	0.437679776	0.365545639	0.09722395	0.839477192	0.245779986	0.56764877	0.6194299	0.013057033	0.738189228
0.79754048	0.705536901	0.808866032	0.469121463	0.871471229	0.44393453	0.672915394	0.196754621	0.65670225	0.19656295
0.757224988	0.370737065	0.196314144	0.603351991	0.898310278	0.090010835	0.716541497	0.371291486	0.800580734	0.807168576
0.448521178	0.162420711	0.445073505	0.745307911	0.879206914	0.245303789	0.719042314	0.724380968	0.666202374	0.017675013
0.958893313	0.988561769	0.25723039	0.642161299	0.846258681	0.045821972	0.697888039	0.333467338	0.058280091	0.805203551
0.915054863	0.119867753	0.833478723	0.074874462	0.802550501	0.442080591	0.52675872	0.081440967	0.159566295	0.444119793
0.438330017	0.132726764	0.794884755	0.497845512	0.864009789	0.011532009	0.657483721	0.717385756	0.080207131	0.655622053
0.711657068	0.954128729	0.588321336	0.895476076	0.891131093	0.402889475	0.409538726	0.801738642	0.993571495	0.081813039
0.697671089	0.582306391	0.181379842	0.05863457	0.825461865	0.827288013	0.499746296	0.214402431	0.8150834	0.695024909
0.488263198	0.641104781	0.840319114	0.569729205	0.844560201	0.752937833	0.730584191	0.383662034	0.626349719	0.753151453
0.644552657	0.492068385	0.321787771	0.103232939	0.920356304	0.374303932	0.74505463	0.211637172	0.949251953	0.164929735
0.666113652	0.327618635	0.90165594	0.380884562	0.810936638	0.980277376	0.594849261	0.476082407	0.48304355	0.638936933
0.54134577	0.180424205	0.569639832	0.341320779	0.897028052	0.974504354	0.558930884	0.789940088	0.860307564	0.265834985
0.430106739	0.043862121	0.642320779	0.799911988	0.710948013	0.514413974	0.446815935	0.683745147	0.445957829	0.236199792
0.649140388	0.210396816	0.116216955	0.926405771	0.865761321	0.42664402	0.576627898	0.415644974	0.09380762	0.846903262
0.83085754	0.789381505	0.142793073	0.535491375	0.794385705	0.205865516	0.552782427	0.968447436	0.022581274	0.611296747
0.61699725	0.700737533	0.644057392	0.374406219	0.917417292	0.19603443	0.650944577	0.613719992	0.375618252	0.572718188
0.576112117	0.904809602	0.557479698	0.924688945	0.844453647	0.431694696	0.612829607	0.996078015	0.239844608	0.605640873
0.804280015	0.912255753	0.37743543	0.280710272	0.908683721	0.674059802	0.459243825	0.234457852	0.491416976	0.575540103
0.854242142	0.213831174	0.589523161	0.588813127	0.891405657	0.519205276	0.578611172	0.614086599	0.504121696	0.599154597
0.863552592	0.02850275	0.453268373	0.813108911	0.854329723	0.178375666	0.77479045	0.139507901	0.483046186	0.153795223
0.592591648	0.162490251	0.864286237	0.22207609	0.892033334	0.727156553	0.482884647	0.817050907	0.046349122	0.053099394
0.821248228	0.816367385	0.337777543	0.459850187	0.82347918	0.775534081	0.554008681	0.057233103	0.157430655	0.069060212
0.591845268	0.540224153	0.23534315	0.996913916	0.837022983	0.231421702	0.217575316	0.963051163	0.839226559	0.112068732
0.996699096	0.480743286	0.763506965	0.440343035	0.860128706	0.357248993	0.605235826	0.636568896	0.06386181	0.013988515
0.88661848	0.761370436	0.947634429	0.095464727	0.925616227	0.598874581	0.533721852	0.925447938	0.572719402	0.50674241
0.800949112	0.522226179	0.275109992	0.626018074	0.822735882	0.164456118	0.532153978	0.171467098	0.889924347	0.925402366
0.594279093	0.921955184	0.917844601	0.541295168	0.873082297	0.086933545	0.536387696	0.897607154	0.875479486	0.434722942
0.576971885	0.707114809	0.185682965	0.636745967	0.805933092	0.783338873	0.520955188	0.977583889	0.024714584	0.015690144
0.532805171	0.109437128	0.51365762	0.630930556	0.863896789	0.562867224	0.521225405	0.004195024	0.319955209	0.310310375
0.686113034	0.346197645	0.567218696	0.008022031	0.87206859	0.581621155	0.559798885	0.577384707	0.99398135	0.168860692
0.815687217	0.153881992	0.521491947	0.96254675	0.880677577	0.772926585	0.723614882	0.064883512	0.526575255	0.76328252
0.822101619	0.251697744	0.957118418	0.909638052	0.849123636	0.078314998	0.756406321	0.610450323	0.811742815	0.304816794
0.990193557	0.256201973	0.481392834	0.743590116	0.904888825	0.946393054	0.619967574	0.014747519	0.455759426	0.22885563
0.846485777	0.801421707	0.821248004	0.812297614	0.818853169	0.1366053	0.71182682	0.510622496	0.893209851	0.479557664
0.915680054	0.514444125	0.216282757	0.929585055	0.802833487	0.027530725	0.668949175	0.656535341	0.281759339	0.070592689
0.832274554	0.769906601	0.806122831	0.841154051	0.883108328	0.183287293	0.285864596	0.04558339	0.048112244	0.107597647
0.437083113	0.10630354	0.649783542	0.289727846	0.842504877	0.962155494	0.5798743	0.369996222	0.545792852	0.474100301
0.398430602	0.445207063	0.918738516	0.367923801	0.826789883	0.274600775	0.751684368	0.212704984	0.781846199	0.305612635
0.797919667	0.951547105	0.646069393	0.098689977	0.903649539	0.419944465	0.513674884	0.812584809	0.282980411	0.125849628
0.563210082	0.347400627	0.738660765	0.001534656	0.839720884	0.809378498	0.692242886	0.48008881	0.150990196	0.689878369
0.85050006	0.568449932	0.748309622	0.762314962	0.889839065	0.072558551	0.791482225	0.100831611	0.547107733	0.162111207
0.480548176	0.972109812	0.536805362	0.568152912	0.939973253	0.933828171	0.604161109	0.623531659	0.227515247	0.343643402
0.413372882	0.758098822	0.694195241	0.980022778	0.891105065	0.858603894	0.953154248	0.918499319	0.573728317	0.96072859
0.433244727	0.145443414	0.946855725	0.851699761	0.875229028	0.466176257	0.508430821	0.127216242	0.677821682	0.458089117
0.593788963	0.631734319	0.710101277	0.741892082	0.910034235	0.646771662	0.694092181	0.373008443	0.796538551	0.478655586
0.977212693	0.179205574	0.308409452	0.392192101	0.761309554	0.091517294	0.526562093	0.00928728	0.767328545	0.292890391
0.459876763	0.573133374	0.394732549	0.470623594	0.86989987	0.668178626	0.660546888	0.175573317	0.111919888	0.055797713
0.706106574	0.240620734	0.316669525	0.563120877	0.915401715	0.425256369	0.456887145	0.451322312	0.963791066	0.815275254
0.730632228	0.168656317	0.204711565	0.823770289	0.797610348	0.177196102	0.655243344	0.486136376	0.685731246	0.31376153
0.662055046	0.808795361	0.537015193	0.174648501	0.887519231	0.671305838	0.540763913	0.568427445	0.868464736	0.070096398
0.997152239	0.016697212	0.741208381	0.27942374	0.826764499	0.328287197	0.512249244	0.767995084	0.154838355	0.451246011
0.577904434	0.802921096	0.481450857	0.38254525	0.805864106	0.52742449	0.586100414	0.787738961	0.053539411	0.604856512
0.862332743	0.056267718	0.900686473	0.516442298	0.966667385	0.62853986	0.737299309	0.236105218	0.644867736	0.541758645
0.584658058	0.465902383	0.695959149	0.35054257	0.912325423	0.768016229	0.620656517	0.274247534	0.16905196	0.219928555
0.542655685	0.913161845	0.232088353	0.432805612	0.898923186	0.658790275	0.370422623	0.070055063	0.564537698	0.62020076
0.42392383	0.065159085	0.980583424	0.476425393	0.869380561	0.616932946	0.608439769	0.657690991	0.052981046	0.243588081
0.813178092	0.419755161	0.699815493	0.454375256	0.786460046	0.5821687	0.530391173	0.444966365	0.099280632	0.208904351
0.756210364	0.142349848	0.949328346	0.884940891	0.901467174	0.263234444	0.59180936	1	0.890338965	0.958570498
0.619845305	0.457527859	0.472968932	0.470195214	0.799665656	0.966906015	0.348409464	0.807046446	0.460047036	0.440615218
0.447798253	0.390166513	0.144508272	0.809305663	0.92273781	0.696884146	0.65440083	0.244088073	0.547975702	0.247477636
0.84487411	0.567799822	0.959572785	0.172562235	0.869963434	0.670926707	0.62721791	0.119107702	0.902522821	0.46802307
0.845433548	0.621737314	0.417826833	0.760043472	0.776144169	0.581159349	0.623020457	0.412742956	0.280968981	0.034302379
0.695672997	0.155460219	0.221443186	0.797577234	0.809452776	0.461787437	0.635476251	0.57349729	0.313570074	0.33743054
0.97767871	0.870851639	0.52252285	0.634572705	0.855743795	0.641323887	0.555836572	0.133955742	0.193185679	0.886387575
0.835126513	0.861855178	0.457697305	0.646774361	0.868095388	0.618602523	0.674915422	0.250398286	0.058202073	0.260951298
0.969427203	0.323125659	0.463677695	0.709530237	0.815334391	0.517586299	0.494334225	0.047235636	0.5279312	0.81499227
0.754841019	0.204169679	0.24563949	0.082084484	0.712030821	0.882532427	0.615877929	0.356844815	0.287124358	0.09729579
0.824106864	0.649741586	0.930924549	0.308048861	0.943734395	0.407603235	0.694379441	0.07330183	0.621081493	0.275141881
0.554727692	0.568642438	0.440933595	0.039874881	0.83485981	0.851573496	0.487097779	0.127464798	0.502303132	0.13428394
0.509882497	0.483006111	0.750109592	0.1504877	0.846170832	0.976257041	0.760956328	0.207289389	0.334984992	0.535668184
0.787592899	0.499710462	0.410833138	0.7621406	0.83485517	0.409456584	0.668781413	0.399728777	0.026871602	0.367263813
0.911517511	0.46937431	0.439744638	0.47617565	0.792423374	0.420479315	0.785698139	0.095268042	0.770899713	0.613486115
0.481758092	0.662640537	0.260069102	0.456687067	0.829474022	0.195068093	0.774246939	0.555737843	0.209365315	0.689465564
0.963411102	0.580533094	0.942067543	0.600301855	0.830002943	0.296355642	0.846911756	0.842772101	0.812702077	0.369768211
0.826389011	0.332459323	0.718694831	0.348473887	0.79179385	0.662849657	0.697760494	0.392036342	0.245735534	0.697246397
0.558217577	0.041173438	0.630596002	0.257414525	0.983538152	0.343205067	0.765537047	0.747460101	0.253033368	0.297092911
0.558354465	0.519826447	0.332806065	0.21538855	0.912745637	0.524184625	0.672239048	0.737075166	0.940471825	0.224011843
0.907998218	0.085510508	0.493589026	0.892886596	0.898206612	0.384391245	0.643598184	0.753088842	0.784600427	0.896994741
0.547290615	0.16743525	0.679088897	0.935268955	0.759639177	0.351237369	0.819388358	0.518241188	0.293628462	0.681131393
0.841909192	0.491297048	0.409343031	0.117575751	0.791619424	0.167565608	0.577649246	0.942480247	0.320855341	0.403466116
0.540639539	0.390728412	0.520963763	0.171003959	0.76996865	0.355663218	0.30422799	0.526847334	0.663097529	0.42656283
0.568020082	0.722302171	0.128328397	0.467725848	0.877256948	0.598027619	0.449946706	0.981905924	0.462971273	0.708274663
0.433288651	0.471059899	0.675580344	0.381510358	0.821874925	0.479832199	0.805355613	0.78550625	0.108017437	0.084551226
0.517968036	0.786711764	0.216465127	0.627892626	0.847391497	0.789548911	0.599141926	0.810180752	0.838259605	0.431856239
0.635331982	0.254875505	0.232534965	0.956239733	0.896115495	0.999971883	0.678306226	0.196968779	0.412850212	0.54320477
0.888672412	0.311589176	0.591484121	0.269322319	0.750773016	0.504781544	0.384026018	0.054738527	0.158162195	0.024419487
0.575975109	0.787409932	0.401976264	0.602845574	0.824998223	0.541918049	0.725448234	0.868405492	0.74320269	0.03143456
0.92091581	0.040719635	0.12747422	0.144846941	0.661621596	0.592385269	0.739889806	0.151176099	0.2700158	0.902680111
0.673256619	0.398896024	0.165912276	0.959718019	0.865604328	0.422900811	0.660604978	0.290016141	0.60441705	0.268961354
0.943861298	0.50483226	0.373124451	0.635253458	0.712087429	0.443809097	0.5964578	0.887542439	0.029531865	0.63313763
0.472186284	0.867164938	0.877929862	0.779072342	0.914801505	0.830105082	0.392631522	0.924289835	0.007365171	0.173146454
1	0.129009359	0.845711971	0.078593969	0.876252048	0.014541958	0.628850428	0.082273727	0.652246647	0.864681918
0.92104224	0.715794934	0.177828096	0.200657316	0.835808626	0.140940915	0.484498051	0.285586171	0.079353025	0.904038936
0.710429355	0.545491888	0.661034465	0.319457221	0.915130198	0.533234531	0.496778056	0.332243132	0.760980616	0.64854923