17.807	9.710	0.071	1.454	-0.187	5.210	1.246	1.044	-0.811	-0.515	1.560	-0.230
7.466	8.767	1.614	1.802	0.182	5.009	0.868	1.175	-0.125	-0.607	-1.368	0.717
10.943	1.234	1.358	10.630	0.115	7.348	0.350	1.733	0.419	-0.436	1.298	0.447
12.361	6.835	1.946	4.914	-0.085	5.524	-0.294	1.951	-1.220	-1.631	0.540	-1.174
18.406	8.702	0.418	10.890	1.508	8.739	0.149	1.683	-0.157	-0.124	1.153	1.236
14.991	7.289	1.149	11.244	0.564	9.889	-0.400	3.600	-0.401	-2.653	0.457	0.617
7.294	5.844	4.805	4.657	1.481	0.707	-2.885	1.598	-0.425	-0.670	-0.794	-0.118
2.773	1.092	4.955	9.123	-0.489	1.265	-0.947	3.869	1.013	1.417	0.324	-0.672
1.296	9.378	4.468	11.720	-1.565	1.325	0.023	4.739	0.649	-0.715	0.099	1.124
2.448	8.453	1.574	13.578	-1.121	8.919	-0.219	2.881	1.238	-0.488	-1.023	1.161
6.192	1.270	3.490	19.650	-0.460	7.458	0.920	1.781	2.292	2.480	0.514	-0.061
3.762	2.674	0.523	9.806	-0.805	6.229	1.448	1.460	0.667	1.028	-0.753	-0.682
6.108	9.541	1.428	18.603	-0.087	7.152	0.567	2.968	-0.473	-1.496	1.010	-1.108
0.596	0.213	3.889	9.897	-0.414	9.061	0.201	1.884	-0.563	2.516	-1.076	-2.171
5.936	4.545	0.679	19.775	1.506	6.025	0.120	2.995	-0.071	0.660	-1.147	-1.236
14.156	1.126	4.276	5.945	-0.670	7.672	0.219	1.623	0.271	1.154	-0.247	0.067
9.471	2.628	4.049	14.986	-0.862	5.911	1.971	1.136	0.408	0.807	0.240	-1.038
7.575	8.509	0.621	19.689	-0.271	4.023	0.778	1.925	-1.177	-0.897	-0.260	1.324
12.903	3.682	0.412	2.817	0.405	3.532	-0.903	4.238	1.379	0.081	1.983	1.169
14.663	4.540	4.515	7.957	-0.179	4.651	-0.201	0.801	-2.276	1.381	0.927	-1.127
5.010	4.988	3.837	1.213	1.529	1.787	-0.108	3.387	1.105	-1.063	-0.929	0.542
17.085	0.634	4.486	4.927	0.194	8.658	-0.179	2.352	1.046	1.369	0.339	0.805
1.924	8.583	1.889	13.744	-0.017	4.166	-1.032	0.587	-0.396	1.259	-0.216	0.695
16.857	7.647	0.636	18.778	-0.743	8.262	-0.315	1.583	0.003	0.490	-0.028	-0.971
6.251	5.744	3.010	7.907	-2.774	4.787	0.351	4.523	-0.877	-0.569	1.531	-1.994
12.155	9.386	2.477	0.270	0.235	0.845	-0.388	1.051	0.952	0.139	3.154	0.827
16.683	7.908	4.748	12.395	1.054	9.772	1.810	0.165	0.192	-0.662	-0.179	-1.480
5.431	3.003	1.228	15.165	-0.983	2.956	-0.237	2.000	0.780	-0.654	-1.823	0.388
2.142	5.375	0.723	9.405	0.059	6.191	1.266	0.996	-1.758	-1.125	0.781	-0.513
8.416	5.668	4.707	17.411	-0.587	7.190	0.868	4.511	0.882	-1.072	-2.020	-0.914
1.813	5.192	3.082	3.775	0.324	0.092	-1.536	0.264	-0.189	-1.493	0.055	-2.542
11.985	9.044	3.596	2.909	-0.234	3.525	0.244	1.275	0.259	0.287	-1.376	0.918
17.625	3.004	0.422	16.421	-0.475	4.259	-0.333	4.657	1.330	-0.694	-0.594	-0.280
5.819	6.497	4.934	6.870	1.467	5.399	1.051	2.276	-0.038	-0.842	1.590	1.439
6.438	6.585	0.543	8.800	-1.188	8.084	0.732	0.571	-0.143	-0.765	0.217	0.180
7.662	5.482	3.349	5.921	-0.023	8.267	0.534	4.048	-1.061	1.264	-0.059	0.330
10.725	6.305	4.451	11.534	-0.797	8.478	-0.401	0.824	0.658	-0.523	0.075	0.958
17.652	7.713	3.419	9.700	0.219	8.380	-0.295	0.687	-1.782	1.068	-0.453	0.440
0.386	5.601	2.341	18.456	-1.152	4.103	1.964	1.227	-0.364	-0.618	0.578	0.945
17.119	4.174	1.227	0.411	1.041	2.982	-0.154	3.166	-1.018	1.467	1.000	1.047
12.841	5.445	0.794	18.178	0.329	5.175	-0.089	4.346	0.748	1.483	0.080	-0.299
16.038	1.284	3.893	10.077	2.209	9.936	0.208	2.583	0.439	0.335	-0.086	0.255
11.151	2.438	3.163	11.293	1.341	7.833	-1.501	4.168	0.133	1.274	-1.954	0.134
16.762	3.560	0.460	17.442	0.653	5.009	0.699	0.002	-0.331	-1.077	-0.003	0.205
4.343	5.543	3.213	16.075	-2.471	5.490	-0.956	3.690	0.814	-0.061	0.315	-0.520
7.952	1.486	0.156	0.859	-0.257	0.343	1.494	2.863	0.304	1.785	0.809	-0.147
2.408	4.751	1.631	7.345	0.680	2.525	-0.809	0.432	-2.571	-0.692	0.658	0.772
14.901	5.850	3.617	5.373	0.990	5.179	-0.811	3.997	1.189	0.240	-3.504	-0.434
3.624	7.364	1.173	18.292	-1.182	1.275	-0.063	2.241	1.533	1.318	-1.336	0.942
15.076	2.324	3.720	14.820	-0.486	3.192	-1.185	0.436	0.433	1.111	1.983	0.409
6.864	7.409	0.256	18.275	0.438	7.026	-0.060	4.399	-0.827	-0.964	-0.078	1.414
15.705	5.252	4.379	1.118	2.007	8.911	-0.332	0.849	-1.497	-0.372	0.382	1.119
9.177	6.717	1.832	17.781	0.661	6.376	-1.688	2.376	1.418	-1.172	1.379	-1.060
8.751	7.307	2.430	0.434	1.424	4.824	-0.350	1.749	-1.047	0.992	-0.968	0.764
4.974	1.404	4.616	0.672	-1.255	9.156	0.832	2.297	-0.243	0.264	1.351	-0.101
0.017	3.756	2.496	15.971	-0.606	5.860	-0.894	2.676	2.340	0.744	-0.325	-2.750
9.007	1.118	1.052	19.012	1.447	9.063	-0.354	4.303	0.539	0.032	-0.056	0.554
17.286	0.030	2.937	2.883	0.616	5.194	1.127	2.863	0.503	-1.541	0.319	0.348
5.698	6.396	4.492	11.682	-0.576	4.266	-0.380	2.242	-2.455	1.007	-0.285	0.346
4.520	6.500	3.926	13.363	-0.418	6.098	-0.440	2.353	2.265	-0.205	2.301	-0.286
1.544	1.649	4.618	6.103	-2.170	5.950	1.681	0.512	-0.045	0.738	0.921	0.606
6.997	9.080	4.631	15.880	0.263	4.051	-1.243	2.810	0.249	-1.469	-1.089	0.073
2.016	5.257	0.051	8.256	0.378	7.226	0.651	1.722	0.250	-0.244	-0.171	1.127
9.687	2.421	2.404	6.423	-0.613	7.495	-1.131	4.203	0.541	-1.317	-0.290	0.989
0.175	3.583	1.325	6.713	0.015	8.558	-0.643	3.451	-0.582	-0.722	1.021	-0.513
10.225	6.817	2.995	18.214	-0.748	9.678	0.662	0.075	1.354	-0.861	-0.066	0.981
11.276	0.728	0.970	7.262	-1.035	5.583	-0.642	2.078	0.352	0.197	2.308	-0.669
5.215	2.903	3.660	13.896	0.327	2.027	0.408	4.564	-0.189	-0.970	-0.549	0.232
19.740	5.163	3.268	4.016	0.771	9.508	1.215	4.346	-0.469	0.160	-0.091	1.726
12.994	8.622	1.702	15.357	1.931	4.583	-1.097	3.526	0.175	-0.185	1.800	0.300
10.710	4.512	4.652	9.963	-0.653	6.765	0.892	1.713	-0.407	1.040	-1.086	0.319
2.992	9.045	2.261	10.279	-0.818	0.602	0.904	4.164	0.363	1.449	0.351	-1.223
19.724	9.639	1.161	15.592	-0.293	7.726	0.961	2.213	0.306	-0.796	-1.380	0.490
6.405	6.537	4.309	5.837	0.295	6.784	-0.376	2.930	1.088	0.954	-1.324	-0.644
5.951	3.791	1.179	1.754	-0.031	3.838	-0.670	4.752	0.413	0.149	-0.523	-0.007
19.763	4.458	2.361	18.717	-0.403	8.298	0.493	0.985	0.560	-0.470	-0.517	-0.393
15.737	4.582	0.732	8.101	-0.184	8.400	-0.722	1.117	0.259	0.388	0.245	0.056
17.549	9.091	3.381	3.541	-1.531	4.018	-1.009	0.154	1.379	-0.335	0.724	1.119
4.329	2.289	0.855	0.732	-0.404	7.678	-0.431	2.768	2.135	-0.180	-0.822	0.564
5.970	6.688	4.512	16.692	-1.098	3.755	0.047	2.556	-1.322	1.899	-0.593	-0.740
0.030	1.435	4.385	7.262	-0.043	9.693	-0.003	0.842	-0.022	-0.655	-0.995	-0.284
15.527	9.192	1.346	11.496	-0.759	6.358	-0.838	3.632	-0.921	-0.049	0.166	0.931
0.676	5.316	4.764	11.497	0.276	9.225	0.224	1.943	-0.231	-0.475	-1.115	-0.112
14.891	5.297	4.965	6.142	0.168	0.198	-0.734	2.260	0.227	0.094	-0.161	1.095
4.179	5.292	2.902	10.224	0.685	0.027	0.348	1.905	-0.612	0.774	-0.417	-0.268
13.847	2.510	3.202	3.449	0.542	1.302	0.652	3.243	2.115	-0.173	0.685	0.039
11.867	9.577	0.224	19.109	-2.718	1.729	-2.003	0.783	0.440	-0.591	0.590	0.295
3.233	7.904	4.577	14.542	0.341	3.213	1.436	1.980	-1.583	-0.514	-0.311	0.785
11.466	8.927	2.446	10.182	1.047	9.803	0.120	2.855	-0.300	1.291	0.910	0.267
9.562	1.337	1.089	14.369	-1.121	5.986	-1.111	0.907	1.444	-0.521	0.247	-0.001
16.734	2.641	1.157	11.292	-0.394	4.234	-1.463	1.819	-0.878	-2.075	-1.424	-0.885
8.307	9.626	3.960	7.889	1.895	5.749	-0.284	3.983	0.580	0.239	0.753	-1.765
16.890	1.681	1.560	0.174	-0.153	3.772	-0.428	3.957	0.084	-0.599	-0.018	-0.127
8.736	0.602	1.482	15.702	0.138	4.875	0.221	1.736	0.095	-1.380	-0.162	-0.002
5.523	2.715	2.825	5.984	-0.513	3.156	0.213	2.470	0.199	-0.299	-1.479	0.056
10.603	5.437	2.233	8.418	0.518	2.389	-0.203	3.888	0.641	0.009	-0.275	0.515
15.785	9.979	0.490	13.005	0.233	0.265	0.191	3.114	-0.625	0.246	-0.997	-1.355
1.495	9.586	3.296	11.350	0.253	5.629	1.003	0.449	-0.132	1.071	0.671	-0.324
10.798	4.557	3.874	0.332	1.294	3.017	1.205	3.607	-0.808	-1.191	0.079	0.654
12.734	5.341	3.049	18.586	2.246	5.779	-0.920	0.057	0.925	-0.248	-0.948	-0.929
16.990	2.300	3.757	6.988	0.255	8.050	-0.457	4.249	1.013	0.094	-0.612	0.123
12.168	1.096	4.623	5.700	-1.626	7.357	0.029	3.560	0.240	-0.065	-0.484	-1.017
13.628	9.657	4.350	16.457	-1.534	2.569	0.531	1.769	-0.274	-0.635	-0.261	0.124
14.824	1.760	0.695	4.499	-1.159	7.932	2.404	0.806	1.932	-0.463	0.100	-0.581
10.137	2.772	2.689	9.705	-0.573	0.170	-0.822	1.907	-0.208	-1.042	0.347	1.430
1.575	9.136	1.679	11.397	-0.362	2.812	-1.349	0.943	0.226	-0.507	0.947	-1.550
11.796	8.420	2.471	11.178	-0.165	2.156	-1.801	0.982	-1.347	0.609	0.245	0.754
19.506	0.945	0.816	11.229	-0.421	9.010	1.735	4.802	0.916	-0.087	1.883	-1.295
10.130	8.317	3.482	7.455	-0.953	9.572	-2.695	3.361	0.421	-0.403	-0.524	-0.591
1.343	6.813	1.158	6.768	-0.941	1.622	0.553	3.712	-0.715	0.316	-0.096	-0.379
9.056	6.393	3.606	12.288	-1.146	1.517	0.845	2.636	-1.481	1.032	-0.199	0.238
19.093	1.805	2.573	1.401	1.186	2.088	1.763	4.049	0.342	0.209	-0.171	0.765
2.861	2.311	0.003	4.376	-1.392	1.209	1.307	0.517	-2.444	0.557	0.780	0.787
8.561	9.112	4.432	12.550	0.250	8.916	-0.402	2.439	0.009	0.362	-2.719	-0.088
13.256	8.197	1.253	13.780	-0.077	5.471	-0.971	0.112	0.040	-0.467	0.885	-0.428
18.097	5.148	2.871	9.656	0.941	3.117	-0.328	1.275	-0.755	1.751	-1.314	0.630
16.724	5.497	3.538	15.898	-0.667	1.390	-0.367	2.162	-1.019	0.183	0.947	0.689
14.701	8.298	3.685	18.533	-0.956	1.331	0.081	0.082	-0.440	1.027	0.835	1.951
11.173	7.811	1.552	10.725	-0.515	2.742	1.073	4.164	-0.463	-0.958	0.287	-0.717
8.892	3.578	0.634	2.605	0.869	7.824	0.717	0.923	-1.075	0.229	0.067	1.154
13.294	3.858	2.818	15.304	0.645	6.761	-0.735	2.521	-0.118	0.133	-0.680	1.652
8.924	2.420	2.631	13.131	-0.992	7.113	-1.483	0.802	-0.254	-0.550	0.060	-0.677
17.754	5.866	3.761	17.077	-1.591	3.854	0.946	2.102	-2.644	1.777	-0.706	-0.459
10.433	2.267	3.571	4.517	-3.127	4.013	0.622	3.628	0.688	0.046	-0.723	0.168
8.523	4.766	2.417	14.387	-0.187	5.117	0.152	3.504	-1.122	0.617	0.906	-0.806
10.177	4.141	4.748	4.808	10.805	4.233	6.509	4.728	5.110	19.861	6.153	0.419
2.482	3.699	1.046	4.955	0.341	4.898	4.728	3.389	4.646	11.446	8.434	2.201
11.735	3.737	2.293	3.837	6.288	6.154	5.601	6.317	6.731	1.686	2.889	3.533
10.077	5.441	0.951	5.962	2.050	4.695	4.813	5.175	3.362	15.753	0.233	2.467
13.452	4.113	1.634	5.816	14.815	6.197	3.570	5.181	5.142	0.311	4.338	4.471
3.861	3.296	2.068	3.897	6.034	4.923	5.322	4.236	5.972	17.089	9.781	3.575
5.022	4.454	2.038	4.035	12.607	6.445	6.159	2.132	4.412	8.124	6.798	1.621
18.605	6.021	2.577	5.484	3.620	6.398	5.086	5.417	4.433	19.643	9.016	3.981
13.844	4.655	3.949	4.576	4.674	5.004	5.507	4.571	4.926	17.104	0.457	4.854
10.010	2.852	4.235	4.598	3.584	3.419	5.831	5.795	5.042	14.537	2.325	3.107
9.102	5.182	1.354	3.595	17.982	2.529	5.922	6.612	3.770	18.477	7.158	4.724
8.884	4.123	1.768	4.313	2.239	5.869	5.255	6.179	5.793	16.399	4.678	1.491
3.711	5.632	1.868	5.266	19.784	3.824	3.573	6.406	4.300	9.865	5.535	0.297
19.973	4.712	2.952	3.219	19.154	5.995	5.981	5.181	4.781	7.860	9.231	1.848
16.409	3.836	0.734	4.111	9.340	5.648	6.317	6.153	4.832	16.364	0.674	0.352
2.696	5.312	0.305	6.011	12.927	4.607	5.442	4.369	3.575	9.187	6.812	4.299
2.276	4.462	0.374	4.464	14.971	5.301	4.110	3.025	4.886	9.872	0.330	4.834
18.545	3.846	4.387	5.111	2.782	3.933	6.155	5.304	5.320	18.100	8.603	3.726
4.032	4.795	1.552	2.344	1.250	4.417	6.057	4.566	3.705	12.065	7.461	4.211
7.719	4.242	4.557	5.318	18.432	3.905	4.735	5.670	4.401	14.206	6.843	4.442
15.864	4.325	0.859	3.503	4.457	4.989	5.286	5.217	5.318	10.473	0.866	1.606
12.407	5.683	4.271	6.642	10.499	6.950	5.700	4.162	3.841	16.628	1.854	2.249
4.554	5.531	1.194	5.284	3.818	5.422	5.843	3.831	5.941	6.837	5.398	2.562
5.656	5.774	3.365	6.196	13.630	4.784	4.635	5.042	3.203	15.968	7.306	3.721
12.399	3.988	3.229	5.246	6.103	4.175	7.069	4.573	3.092	14.333	5.113	2.985
12.987	3.296	2.396	5.060	14.100	4.056	4.398	3.707	4.277	18.293	3.146	3.048
0.621	5.437	0.525	5.413	9.933	6.259	6.398	5.279	5.131	0.481	3.357	2.846
14.802	5.463	1.707	5.277	2.327	6.096	4.152	6.011	5.802	18.311	0.019	4.566
17.088	4.191	0.700	3.970	0.374	4.596	5.855	2.884	5.337	8.801	8.867	3.064
13.710	5.666	4.963	4.381	17.123	6.230	2.611	5.948	6.144	9.661	6.011	4.192
17.681	4.794	1.045	4.627	9.840	5.916	5.912	4.824	4.388	3.984	9.536	4.771
13.618	4.637	1.167	4.145	13.979	6.598	5.948	5.296	6.455	7.402	9.887	2.640
1.966	4.701	1.791	3.667	5.423	4.791	5.395	4.014	4.862	2.165	8.849	0.025
5.043	4.012	4.901	3.789	5.760	4.869	6.103	4.737	3.489	3.302	4.556	1.362
3.482	4.424	0.085	5.438	10.659	4.057	5.569	5.289	5.646	8.449	3.520	0.913
18.656	5.073	1.450	5.687	10.749	3.715	7.416	7.256	4.798	3.964	9.127	1.123
16.582	6.425	2.129	5.986	18.536	2.968	6.250	5.560	6.312	13.127	3.682	1.478
18.011	3.409	0.521	5.105	2.530	4.287	5.347	4.601	3.579	8.065	5.174	2.984
18.720	4.503	2.509	6.152	2.672	3.394	4.388	5.539	6.173	9.536	0.077	3.604
6.623	6.491	3.421	4.416	14.880	6.222	6.165	5.579	5.624	18.666	1.556	1.728
0.337	6.966	0.532	5.569	1.147	5.372	4.505	5.057	2.415	5.982	9.869	0.212
12.662	4.778	1.427	7.207	8.780	5.118	4.779	5.788	5.442	3.907	9.235	2.310
1.981	4.457	0.329	4.764	11.950	5.475	5.461	5.286	3.737	0.148	8.785	2.269
16.875	7.165	0.620	6.087	9.768	4.978	5.020	5.646	5.017	12.895	7.405	3.295
18.486	5.085	3.636	5.341	13.437	6.131	5.224	6.168	4.773	11.824	6.816	2.828
0.272	6.558	2.883	3.187	5.494	5.111	5.310	5.175	5.102	18.111	8.885	4.261
19.339	5.222	3.071	5.596	8.537	5.019	4.577	4.661	4.459	16.283	8.746	1.122
2.004	5.830	3.195	2.785	7.996	3.874	5.453	6.249	5.292	5.181	8.703	4.627
18.572	3.080	3.002	5.851	0.960	3.798	5.866	5.815	3.564	5.180	2.679	4.909
8.861	6.177	3.574	4.832	2.077	4.255	4.132	5.167	5.093	1.268	2.367	3.416
19.923	5.707	2.214	3.158	19.305	4.682	4.947	3.670	5.795	19.189	4.483	4.161
6.852	4.750	0.392	4.842	3.842	5.957	5.504	5.674	5.797	10.298	4.005	1.850
3.709	4.830	4.444	4.920	4.617	4.564	5.167	3.713	4.223	5.518	1.481	0.572
10.975	5.253	0.563	5.605	0.082	4.696	7.018	5.818	3.738	12.031	0.751	4.259
12.037	2.984	1.037	5.752	3.697	5.920	4.221	5.761	5.273	13.841	7.567	0.472
16.774	6.374	2.612	6.242	9.209	4.612	4.434	4.798	4.727	17.551	7.235	4.942
0.216	4.138	2.239	4.391	1.454	5.657	4.951	3.512	6.213	4.204	9.076	1.698
7.882	5.347	1.502	4.906	3.260	5.343	4.922	4.007	5.437	0.879	2.515	4.940
4.157	4.160	2.528	4.593	6.900	2.736	4.631	4.723	6.655	19.470	4.715	1.166
11.221	4.714	4.252	3.290	0.329	5.630	3.742	5.193	5.923	17.716	0.844	2.754
8.443	4.568	0.243	4.535	16.755	5.985	4.147	5.848	5.527	5.207	8.913	4.936
6.489	4.583	0.882	4.021	14.063	4.877	4.458	6.129	4.041	3.805	3.765	3.939
8.039	6.213	1.320	5.525	2.617	3.896	3.201	5.074	6.707	13.724	9.180	2.960
9.391	3.600	0.703	3.463	6.499	3.968	4.639	4.136	5.900	2.144	3.742	2.829
2.123	4.940	4.450	4.255	19.860	6.045	5.198	3.960	5.864	13.925	8.982	4.240
6.242	5.286	0.184	6.325	6.091	4.356	4.914	4.839	4.338	14.953	2.169	2.476
3.497	4.391	0.456	5.737	17.473	4.948	4.564	6.986	5.109	15.839	2.823	3.202
3.811	5.879	1.460	6.422	17.105	4.048	5.772	5.586	4.991	1.964	7.783	1.473
15.002	4.376	4.367	6.617	8.651	4.754	5.177	5.073	5.759	5.731	8.425	2.770
8.240	6.295	0.753	4.686	14.078	3.820	5.410	4.121	4.759	10.585	0.720	2.852
1.247	4.662	4.026	3.179	10.260	2.965	3.726	3.361	5.223	5.553	0.479	4.634
0.836	6.438	1.300	5.759	17.319	6.493	5.429	3.810	4.530	18.203	0.280	3.156
4.446	5.076	0.479	5.030	19.725	5.565	6.328	5.869	6.083	2.827	4.381	4.667
7.588	5.301	1.550	4.630	18.370	4.603	4.210	5.396	6.342	19.258	2.226	2.964
4.029	5.495	0.511	6.567	5.810	7.590	6.016	4.542	4.782	6.022	4.173	2.257
9.337	6.391	4.608	5.741	4.422	4.790	5.177	5.884	6.906	2.224	6.197	3.702
3.736	3.920	0.286	4.731	1.594	5.655	5.376	3.194	5.628	0.450	9.441	3.675
14.833	6.104	0.045	3.754	3.555	5.827	6.090	4.772	4.391	16.416	1.706	3.438
6.707	3.209	2.162	4.987	12.041	3.953	7.182	5.392	4.555	5.374	3.151	4.276
13.734	5.454	2.978	4.805	19.281	6.154	2.818	6.526	5.623	10.854	5.449	0.829
10.694	5.105	0.614	5.389	12.378	5.334	4.773	3.140	6.784	11.527	0.085	0.554
15.501	5.403	3.053	5.079	2.513	5.964	5.089	5.116	5.052	2.912	1.115	3.951
8.038	3.672	4.576	4.626	15.774	5.355	3.151	3.801	5.340	0.641	4.351	3.750
17.594	5.426	4.620	4.798	12.557	4.541	4.384	5.123	6.092	4.060	4.543	4.259
7.079	5.042	2.933	5.128	11.991	6.601	4.840	5.212	5.345	14.445	6.971	3.778
2.229	4.070	3.750	5.984	7.276	6.399	5.125	4.206	5.672	7.201	9.358	3.774
16.571	4.566	3.711	5.444	6.753	3.638	5.448	5.775	5.183	13.333	2.477	1.913
7.850	6.309	2.338	4.050	2.046	4.270	3.557	4.097	5.698	12.174	9.888	3.219
9.263	2.634	1.737	4.568	6.294	6.104	6.612	3.442	6.927	3.593	5.997	4.528
13.518	6.029	3.679	6.288	5.130	5.275	6.623	5.483	5.325	12.019	7.105	1.650
2.117	5.769	2.010	5.124	1.491	4.404	5.910	5.658	6.377	6.264	6.084	2.594
0.255	5.504	0.518	4.683	5.256	3.110	6.566	3.788	5.311	8.813	5.140	4.553
10.014	5.815	4.455	4.761	19.594	4.283	3.062	6.522	6.575	14.833	5.640	4.599
11.388	5.153	0.808	6.279	7.723	6.444	4.849	5.082	6.700	0.057	5.388	0.325
11.245	4.147	1.217	5.196	19.544	4.471	6.865	7.579	5.700	3.809	9.370	2.366
3.265	4.137	2.608	5.405	18.245	6.114	6.024	5.220	6.091	12.690	5.087	0.989
15.329	6.184	0.098	5.417	4.221	5.261	5.163	5.477	6.147	14.498	1.516	1.050
19.773	6.060	1.719	5.490	3.017	3.961	5.553	7.625	5.775	7.720	1.334	3.660
2.487	3.949	3.330	3.697	15.818	4.415	6.009	4.545	3.578	17.176	3.049	1.724
15.085	4.783	1.628	4.520	5.912	7.333	4.434	4.647	3.355	1.026	4.245	2.592
12.500	6.083	0.715	5.924	10.853	5.601	5.388	3.882	5.115	18.451	6.258	0.459
8.017	5.696	1.133	5.284	15.749	5.550	3.599	4.800	5.298	19.770	4.985	0.635
9.404	2.877	4.309	4.282	15.581	5.222	3.684	2.926	5.072	12.492	7.423	4.503
0.256	5.206	3.282	5.776	4.107	3.231	5.825	4.532	5.849	7.418	8.436	1.363
17.372	5.598	0.738	5.232	7.218	5.112	5.438	4.196	5.781	14.311	7.183	3.449
14.875	4.910	4.631	6.145	0.160	3.284	2.956	5.461	4.080	15.653	4.666	0.471
15.706	3.826	4.562	5.632	9.065	5.032	4.897	5.580	4.896	4.646	7.504	0.931
3.613	3.350	2.428	5.333	13.516	4.186	5.475	4.745	6.232	7.836	5.774	2.229
13.393	4.960	0.557	4.810	12.475	5.766	3.956	5.350	6.296	4.374	5.593	4.642
15.930	3.910	3.449	5.412	17.621	4.544	5.661	4.399	4.794	16.125	2.048	1.714
10.504	4.499	0.564	5.860	1.141	5.773	4.861	5.707	5.808	16.174	7.799	1.244
5.052	4.762	2.263	7.138	14.616	5.869	4.992	7.170	2.327	11.221	1.133	3.996
5.578	2.995	4.805	3.975	6.580	5.370	6.517	4.557	3.578	3.720	7.296	4.925
4.140	4.777	0.087	5.735	3.936	4.141	5.536	4.723	3.576	15.525	9.821	1.220
10.247	2.936	2.988	4.980	13.544	4.703	4.541	3.814	5.743	13.266	5.333	0.235
5.011	5.723	3.691	6.013	1.016	5.454	4.650	4.535	5.836	2.898	8.877	0.986
14.448	5.118	2.550	5.473	9.860	5.315	5.071	5.959	7.416	19.484	3.764	0.330
12.514	4.724	4.113	3.345	18.975	2.758	4.597	4.655	3.868	0.082	5.110	3.564
11.688	4.928	1.741	5.045	13.777	6.714	5.081	5.842	4.146	18.575	8.688	3.903
4.537	4.341	3.144	5.328	6.084	4.686	2.952	6.304	5.340	15.910	9.385	2.482
16.537	3.712	3.646	3.565	8.132	5.136	3.907	7.309	5.243	10.871	4.483	0.816
10.413	3.337	3.648	3.798	1.606	7.236	6.448	5.442	6.892	18.637	5.884	3.783
0.390	6.038	3.645	4.334	1.827	6.025	5.460	4.161	2.686	8.733	3.808	1.628
3.827	5.993	4.389	5.996	7.226	3.798	3.743	5.712	6.353	5.106	3.368	4.700
11.579	3.831	4.824	6.027	18.897	5.415	4.739	4.603	6.068	8.466	6.408	1.818
-4.879	0.365	-8.761	11.893	-6.597	-5.617	-5.042	-7.207	6.817	7.394	7.236	5.000
-6.816	2.714	-5.532	12.282	-8.237	-4.268	-6.150	-6.804	6.857	12.082	8.184	4.785
-7.389	5.955	-8.229	7.982	-7.878	-4.640	-7.958	-8.637	3.394	18.205	6.953	1.145
-6.356	9.394	-6.821	5.185	-6.034	-5.042	-6.580	-5.435	13.436	12.963	6.368	4.916
-6.295	3.421	-7.494	13.624	-6.023	-6.502	-8.897	-6.374	1.425	18.412	7.020	2.028
-6.397	2.130	-6.900	10.806	-6.856	-4.648	-7.313	-9.668	17.806	14.483	8.976	4.205
-3.989	9.944	-6.530	2.483	-8.594	-5.474	-7.864	-6.277	17.818	7.294	1.380	0.321
-7.088	8.057	-6.308	18.948	-5.437	-7.388	-7.500	-8.421	1.410	8.136	5.809	0.574
-6.217	4.481	-8.182	1.850	-6.155	-8.544	-5.622	-7.586	13.209	8.061	5.033	3.853
-8.559	9.251	-6.693	15.067	-6.736	-6.117	-5.965	-7.049	19.334	16.341	5.885	1.068
-7.503	8.975	-6.931	2.892	-8.387	-8.109	-8.827	-6.978	3.339	14.662	2.803	2.553
-8.864	2.426	-6.952	18.603	-8.245	-4.533	-6.853	-6.480	6.130	13.722	5.077	2.099
-8.232	4.109	-7.218	1.516	-8.376	-6.699	-7.418	-7.614	13.507	10.006	0.921	2.449
-7.932	1.990	-7.360	4.520	-8.253	-6.550	-5.734	-8.122	5.131	2.307	1.352	4.713
-5.965	9.664	-5.720	18.650	-8.312	-6.166	-7.165	-6.317	8.315	5.653	8.673	3.235
-7.048	1.921	-6.908	1.680	-7.227	-7.739	-6.536	-7.623	0.556	6.836	9.432	0.704
-7.501	2.070	-6.841	1.044	-6.280	-6.942	-8.565	-6.851	7.045	4.290	3.688	2.640
-5.532	6.902	-6.132	5.127	-8.158	-7.478	-7.502	-7.814	3.605	0.437	5.373	1.156
-7.031	4.629	-7.889	1.410	-6.195	-6.163	-7.575	-6.577	6.500	9.495	0.861	2.856
-6.187	4.483	-6.504	2.297	-5.567	-5.865	-7.590	-7.231	11.389	16.461	2.390	3.598
-7.613	1.034	-8.406	7.259	-7.337	-8.254	-7.819	-8.369	15.653	9.979	9.095	4.412
-7.583	6.632	-7.608	3.429	-7.583	-7.614	-7.393	-8.457	1.084	14.444	4.489	1.746
-6.809	1.047	-7.575	2.833	-5.217	-7.603	-7.153	-6.995	5.943	10.761	1.265	3.358
-6.580	7.144	-6.779	12.940	-6.284	-6.529	-7.715	-5.981	18.620	17.967	8.742	2.914
-7.993	3.805	-6.888	13.036	-8.469	-7.965	-7.269	-5.931	15.690	6.927	0.775	0.350
-7.189	4.201	-8.101	17.744	-7.842	-6.311	-7.145	-7.743	19.852	1.924	2.304	0.372
-8.375	9.038	-7.782	0.297	-7.566	-7.626	-6.668	-6.210	6.257	0.365	9.421	0.693
-8.510	4.432	-7.169	10.251	-5.977	-7.759	-5.781	-6.731	13.353	19.669	2.985	4.379
-6.688	8.374	-8.239	1.436	-7.407	-8.401	-7.114	-6.352	5.768	13.628	3.598	0.310
-7.880	4.566	-6.093	17.142	-6.056	-7.328	-6.713	-7.599	7.912	12.893	4.752	0.292
-5.939	4.820	-7.204	2.829	-6.999	-5.849	-6.405	-8.885	11.678	10.201	5.132	0.000
-6.231	1.975	-6.538	2.150	-7.071	-6.596	-6.131	-8.094	11.757	18.305	4.821	3.158
-6.628	2.917	-6.575	13.328	-7.549	-6.517	-8.689	-7.858	6.676	11.555	3.133	3.840
-5.966	0.615	-6.187	2.291	-9.277	-7.410	-6.961	-8.368	7.582	2.338	9.788	2.540
-7.629	2.509	-6.212	18.417	-7.952	-5.550	-6.690	-8.161	6.853	7.190	2.036	0.116
-7.263	4.516	-6.447	18.740	-6.577	-6.071	-6.812	-6.440	0.051	6.014	7.772	1.057
-5.906	6.249	-7.165	16.272	-7.755	-6.123	-8.410	-8.254	2.806	17.929	3.585	1.765
-6.565	4.212	-6.781	1.193	-6.411	-6.594	-7.170	-4.981	7.000	0.371	3.581	3.550
-6.232	5.288	-7.656	0.568	-7.232	-7.033	-7.074	-7.130	12.884	16.053	7.912	0.793
-6.663	1.997	-6.064	15.041	-6.276	-7.168	-7.292	-7.513	0.435	7.768	3.153	0.211
-7.716	1.363	-7.045	12.383	-5.014	-8.344	-7.750	-7.279	3.281	9.887	9.133	1.818
-7.052	1.444	-6.698	3.706	-5.595	-5.599	-8.128	-7.630	6.018	14.864	6.256	2.783
-7.677	5.198	-9.215	0.743	-7.112	-7.132	-4.839	-5.894	1.942	15.029	0.612	3.433
-10.613	9.343	-7.387	10.875	-6.321	-9.589	-7.474	-8.136	14.979	12.762	9.743	3.196
-7.287	7.147	-6.197	1.688	-7.635	-6.373	-8.419	-6.854	5.227	1.488	7.349	1.173
-5.939	5.330	-8.480	19.010	-6.597	-8.231	-7.268	-8.162	0.118	3.829	4.959	1.573
-6.771	5.528	-6.425	5.856	-5.290	-7.248	-5.958	-7.571	7.360	16.556	2.052	2.796
-8.553	6.042	-6.419	19.102	-8.129	-7.940	-5.835	-7.166	5.361	4.422	2.454	3.447
-7.332	6.597	-7.716	9.736	-7.424	-7.660	-6.397	-5.450	2.396	15.630	1.756	3.408
-3.896	8.834	-7.275	12.530	-8.299	-7.227	-7.474	-7.061	18.038	16.845	6.984	4.197
-7.170	1.740	-8.039	19.032	-4.953	-6.401	-6.352	-5.721	8.020	14.955	9.172	2.874
-9.320	7.083	-6.740	16.713	-8.091	-7.651	-6.608	-7.970	9.787	1.642	3.182	4.330
-7.381	4.204	-7.024	14.490	-9.178	-5.334	-7.156	-7.698	0.945	11.196	1.835	1.890
-6.484	2.105	-7.129	8.128	-6.608	-7.894	-6.281	-6.523	10.523	3.430	0.429	3.040
-6.882	0.023	-7.240	18.873	-5.893	-7.982	-6.449	-5.961	3.147	3.011	9.017	4.668
-6.341	5.338	-7.818	7.167	-6.505	-7.232	-7.601	-6.125	11.221	3.108	7.765	4.297
-7.163	8.093	-7.656	16.878	-6.303	-5.687	-7.824	-6.163	4.066	18.059	5.930	1.143
-7.452	6.496	-6.919	16.709	-6.155	-7.510	-5.971	-4.884	3.249	14.868	4.252	2.952
-6.670	0.129	-8.023	17.669	-7.420	-8.167	-7.312	-6.623	0.774	13.380	2.558	1.398
-8.297	8.816	-7.453	1.519	-7.890	-9.451	-8.413	-6.777	6.207	12.438	3.960	0.882
-7.999	6.038	-7.383	15.035	-6.823	-9.280	-6.956	-8.699	11.390	9.606	2.660	4.857
-7.296	5.260	-6.334	16.844	-7.091	-6.266	-6.562	-6.710	4.844	9.831	6.648	4.921
-7.879	3.703	-5.434	6.525	-6.728	-7.261	-7.044	-7.121	15.142	12.011	8.718	4.614
-6.315	1.179	-8.390	18.855	-8.633	-5.723	-8.378	-5.936	19.043	10.206	2.938	1.328
-7.301	0.084	-8.718	18.620	-8.147	-5.758	-6.631	-6.808	0.355	18.039	5.845	3.167
-5.563	9.129	-6.789	9.814	-4.374	-5.485	-7.372	-6.613	18.252	0.351	7.884	2.947
-6.808	7.231	-6.622	15.797	-8.140	-8.044	-6.325	-6.927	6.075	0.807	7.899	3.272
-6.462	2.979	-6.240	3.263	-6.512	-8.128	-8.324	-6.940	18.176	2.426	9.430	0.409
-7.558	0.530	-5.209	18.919	-6.065	-5.360	-6.321	-6.526	4.952	10.981	4.991	4.047
-6.427	0.723	-6.787	12.755	-7.555	-6.299	-7.725	-7.769	1.232	10.324	1.761	3.218
-6.575	0.404	-6.750	19.216	-6.059	-6.928	-6.138	-7.022	7.906	11.889	1.401	1.366
-5.803	4.467	-7.634	9.546	-6.828	-7.313	-4.841	-7.329	5.661	11.387	5.549	3.575
-8.788	6.859	-7.428	10.834	-6.277	-7.399	-8.503	-6.594	4.878	9.498	2.452	4.394
-7.060	2.485	-8.089	9.445	-7.384	-5.988	-6.784	-7.037	3.107	7.664	0.327	0.390
-6.918	8.229	-7.820	12.825	-6.749	-5.333	-7.206	-5.907	10.942	5.484	7.988	1.297
-5.934	7.179	-6.287	7.191	-8.298	-6.583	-6.598	-7.153	9.901	0.034	5.345	1.786
-6.778	3.835	-7.656	11.618	-5.916	-6.959	-7.930	-9.226	12.470	10.477	2.026	2.978
-8.655	5.848	-8.300	16.690	-7.521	-5.553	-6.034	-7.554	9.017	10.973	4.426	1.440
-6.341	7.296	-7.557	4.746	-6.907	-8.128	-7.748	-7.831	3.388	8.624	3.135	0.041
-7.525	2.362	-5.972	17.993	-6.501	-5.327	-6.249	-7.678	4.686	7.418	2.933	0.908
-5.511	9.393	-7.304	4.494	-6.866	-8.064	-7.954	-6.797	9.795	11.313	0.849	3.629
-6.416	7.636	-8.471	1.532	-6.630	-6.679	-6.022	-7.009	0.882	13.324	0.021	3.443
-6.697	8.827	-9.712	19.491	-7.279	-7.325	-6.268	-6.249	5.085	17.507	1.038	1.305
-6.875	3.660	-5.571	2.732	-5.391	-7.185	-7.977	-7.682	1.753	1.599	5.984	3.526
-6.289	0.463	-5.435	17.890	-8.763	-8.135	-6.609	-7.251	6.243	11.650	5.935	4.854
-7.411	4.411	-5.880	10.924	-7.516	-6.904	-7.074	-8.147	5.417	6.185	6.105	4.138
-6.162	4.539	-7.265	10.702	-6.241	-6.053	-6.416	-3.986	14.999	0.858	8.659	4.054
-6.705	7.117	-7.814	11.514	-9.393	-7.595	-6.157	-7.261	2.931	8.996	7.893	1.230
-7.667	9.249	-7.687	2.314	-6.975	-8.431	-5.183	-6.259	6.579	13.662	5.219	3.512
-5.747	5.729	-5.280	9.175	-6.918	-6.925	-5.135	-6.991	17.492	8.558	9.567	3.008
-6.365	4.837	-6.833	17.632	-7.346	-6.906	-7.181	-7.076	8.550	2.574	0.781	0.940
-7.577	9.423	-7.470	11.980	-7.749	-8.091	-6.707	-6.067	7.590	0.747	0.264	0.123
-6.272	1.763	-6.058	13.507	-5.763	-6.141	-7.307	-6.706	6.044	5.116	2.276	0.698
-8.894	9.993	-7.270	7.185	-6.053	-7.252	-8.781	-6.031	8.379	7.649	1.989	2.771
-6.150	8.853	-7.635	10.533	-7.321	-7.296	-7.551	-6.762	12.286	15.821	3.101	4.713
-6.578	7.822	-7.028	11.918	-7.339	-6.844	-5.408	-7.900	2.766	11.245	4.544	2.606
-6.174	7.786	-7.657	9.259	-7.680	-6.779	-7.513	-7.530	12.126	6.147	8.816	4.087
-7.870	9.800	-7.830	6.336	-7.186	-9.592	-6.574	-6.506	1.198	11.673	0.176	2.458
-8.336	9.383	-6.660	14.111	-5.662	-7.392	-7.599	-6.472	14.594	5.288	8.447	1.766
-6.578	0.036	-8.081	8.813	-7.230	-7.471	-7.111	-7.506	14.725	3.313	4.892	3.584
-8.563	3.109	-5.835	1.964	-5.958	-8.327	-9.067	-6.018	6.495	18.993	0.466	0.205
-8.155	3.118	-6.039	2.447	-6.796	-6.329	-6.275	-6.331	6.907	13.193	9.421	0.408
-7.208	3.949	-6.955	17.741	-7.267	-6.524	-5.194	-7.377	2.544	19.580	3.039	3.498
-7.094	4.189	-5.988	6.600	-7.078	-6.351	-6.963	-5.406	5.783	12.308	9.530	1.287
-6.472	1.546	-6.871	3.512	-5.109	-6.372	-7.195	-6.788	8.101	9.354	9.803	0.703
-7.948	6.368	-6.682	10.642	-8.272	-8.576	-6.847	-8.470	15.939	14.886	1.026	4.686
-7.514	1.136	-8.473	14.188	-5.055	-6.753	-7.314	-7.532	12.288	5.701	1.378	0.979
-5.588	4.548	-6.538	4.677	-6.919	-7.283	-4.441	-9.159	19.430	4.633	4.963	1.192
-7.415	6.586	-7.134	5.381	-7.070	-5.550	-8.813	-7.335	7.915	9.470	8.627	0.669
-6.491	7.477	-6.354	13.696	-5.316	-6.264	-7.244	-5.021	3.263	3.119	8.170	2.374
-3.604	4.586	-8.776	14.870	-5.957	-6.348	-7.097	-7.547	14.734	18.970	6.474	1.138
-7.281	8.248	-7.825	12.942	-7.623	-8.198	-6.550	-8.330	12.990	8.982	6.446	3.210
-7.174	1.353	-5.789	5.444	-9.125	-6.042	-7.442	-6.985	1.936	5.426	8.432	2.358
-6.251	1.766	-6.721	4.943	-6.426	-5.847	-5.329	-7.627	1.442	7.335	1.569	4.126
-5.467	6.220	-8.125	16.083	-6.752	-5.433	-5.175	-7.987	8.348	17.448	9.997	0.812
-5.652	7.698	-9.252	0.648	-5.813	-5.880	-7.773	-9.299	13.688	2.672	7.632	4.927
-7.949	9.881	-6.920	18.594	-5.989	-6.679	-6.209	-7.103	9.817	18.234	7.773	2.762
-6.600	4.062	-9.096	13.643	-7.619	-7.187	-7.403	-5.123	4.443	8.166	4.310	4.126
-5.241	8.161	-7.942	2.021	-6.957	-8.065	-7.404	-8.468	14.139	0.362	3.243	1.273
-7.072	3.436	-6.811	7.405	-7.576	-8.028	-6.684	-8.004	6.800	8.209	7.185	0.316
-8.495	5.419	-5.751	19.206	-7.481	-7.656	-6.063	-7.061	5.854	2.072	3.950	1.441
-6.132	1.202	-5.939	17.331	-5.700	-6.370	-6.594	-5.642	14.255	17.851	0.397	4.512
-5.805	0.574	-7.223	18.760	-7.822	-8.629	-6.030	-8.001	16.308	1.215	3.328	3.046
-6.145	5.694	-5.430	14.274	-8.359	-8.100	-8.361	-5.714	2.578	10.190	2.504	4.460
-6.834	0.743	-7.893	19.792	-5.948	-7.436	-7.507	-6.429	12.228	13.161	5.225	0.454
1.451	10.730	10.549	10.748	7.149	2.617	3.586	3.100	10.248	12.514	10.849	1.311
15.782	11.158	12.491	12.098	17.587	6.848	1.692	4.154	9.390	11.957	11.333	0.568
15.791	10.080	11.371	12.273	4.436	0.083	4.869	0.257	10.826	11.140	11.585	0.507
0.334	10.758	12.358	11.227	4.884	5.324	10.781	0.912	11.036	11.189	11.538	4.581
6.720	10.828	11.537	10.505	1.762	1.285	14.650	3.649	10.800	8.955	12.511	4.401
1.657	10.896	10.961	11.134	14.918	6.365	2.773	4.439	12.083	10.442	11.756	1.511
12.543	10.007	10.755	11.421	9.892	1.369	18.312	3.648	12.405	9.781	10.455	1.034
8.272	11.387	10.693	12.453	18.548	6.727	18.610	1.824	10.973	11.383	11.769	4.752
8.375	13.292	11.705	10.940	1.818	2.653	1.111	3.169	11.341	10.316	10.356	4.018
4.080	11.917	10.629	11.075	2.630	4.322	6.791	3.382	12.153	10.895	10.116	3.777
8.968	12.622	10.892	10.980	10.059	0.887	10.011	3.940	10.232	12.399	9.837	4.133
8.410	10.028	11.147	9.938	10.758	2.020	10.796	0.259	10.246	11.073	10.650	3.271
17.848	11.705	8.662	8.934	8.677	9.503	13.364	4.237	11.896	10.824	9.329	2.560
4.486	10.760	10.132	11.125	3.983	2.334	2.701	4.102	12.879	9.714	11.594	3.019
18.665	9.215	10.018	11.374	0.814	4.872	5.475	4.997	10.562	9.685	9.591	3.181
19.626	9.552	11.384	10.797	4.990	9.885	10.934	3.184	12.788	10.963	11.022	4.895
17.362	11.049	11.694	12.204	4.299	7.694	3.141	1.073	11.017	11.141	9.850	1.814
14.058	9.902	11.115	10.670	10.904	5.682	11.389	1.116	11.139	10.514	11.719	3.017
6.347	10.340	10.932	10.958	7.772	6.151	7.875	1.847	11.245	11.692	11.120	2.630
13.661	8.471	8.224	10.144	2.577	2.803	10.984	3.547	9.846	9.998	10.972	2.282
7.330	11.061	10.260	8.927	8.538	5.608	19.042	1.601	10.306	9.637	10.530	1.316
2.694	12.908	10.233	9.440	12.230	0.545	7.877	0.237	11.912	11.893	13.033	2.510
17.547	10.023	11.685	9.461	13.017	6.879	15.632	0.076	10.713	12.402	10.820	4.066
19.309	11.921	11.024	11.693	14.772	1.327	7.279	1.308	9.968	11.874	10.729	3.924
2.002	10.021	10.909	11.638	5.071	0.281	2.590	4.044	10.611	12.645	10.404	3.687
18.416	11.282	10.526	11.322	8.364	8.349	3.514	3.051	12.057	11.748	9.522	3.495
8.675	10.297	10.483	11.590	6.770	1.359	5.056	1.942	12.983	10.194	9.462	4.164
6.101	11.681	11.669	12.945	7.614	9.343	11.496	4.818	10.207	12.240	11.557	4.094
18.616	12.372	10.868	10.761	10.678	8.152	12.072	0.819	12.045	12.818	10.928	1.416
5.924	9.039	12.307	11.378	3.629	5.629	8.038	3.960	12.241	10.215	10.377	3.302
10.866	11.320	12.808	10.107	1.676	2.778	12.282	4.729	11.721	11.171	10.545	4.386
19.982	10.630	10.841	13.830	15.809	3.526	1.483	1.724	11.106	11.565	11.676	4.460
17.347	9.194	9.754	11.777	2.660	8.673	4.921	2.935	11.142	9.593	11.017	2.176
3.272	11.531	11.564	12.747	18.470	8.408	13.764	3.250	9.889	10.644	11.537	3.112
11.096	11.056	12.321	12.050	2.660	4.569	10.777	1.769	11.173	11.320	8.914	2.074
0.281	11.498	11.210	13.120	7.054	1.945	17.218	4.528	10.845	11.285	11.039	2.535
17.710	11.320	11.707	11.052	14.944	6.108	7.675	1.081	11.649	11.000	11.496	0.147
8.562	11.651	11.116	9.500	19.064	2.907	9.347	3.967	10.954	11.874	9.833	2.683
17.210	11.543	9.604	11.893	2.626	7.185	11.426	4.295	10.294	11.908	12.059	2.926
7.506	10.961	11.285	11.878	16.870	8.663	6.324	4.416	10.505	9.856	12.782	0.605
1.859	10.138	11.362	13.213	6.656	2.299	1.210	0.676	9.437	11.260	10.518	1.823
8.086	9.135	9.812	10.706	17.586	3.603	4.345	4.442	11.251	12.179	11.716	3.148
12.301	9.620	11.013	13.679	11.121	6.492	8.241	3.549	11.384	10.133	11.864	2.024
18.123	11.723	11.239	12.692	7.048	9.607	4.537	4.671	10.723	11.791	9.958	1.146
11.991	11.896	11.014	11.418	3.592	0.628	2.167	4.255	11.607	12.447	11.754	0.019
3.286	11.562	11.301	10.166	6.842	8.319	17.834	0.526	9.805	10.483	11.179	1.194
8.178	10.445	9.816	10.313	6.902	9.258	18.009	3.693	9.878	10.255	10.232	1.843
16.182	8.258	9.476	11.176	18.640	0.384	17.996	4.827	11.554	11.525	11.003	2.185
4.943	9.637	10.055	10.570	0.748	6.374	1.472	2.304	11.163	12.096	10.784	0.861
19.752	11.052	11.829	11.218	10.584	0.217	4.095	3.027	9.879	11.517	10.326	2.869
5.038	10.479	10.681	12.461	1.825	8.065	2.145	2.988	11.215	10.604	10.602	1.630
19.945	10.122	11.163	11.864	10.514	5.088	13.253	1.900	11.142	10.638	10.809	2.183
0.034	10.016	11.482	10.245	6.578	1.431	2.657	3.815	11.186	10.891	12.805	4.802
11.732	8.926	12.580	9.566	12.016	0.244	12.981	0.106	10.745	12.136	11.363	2.335
12.531	11.590	9.434	12.502	15.992	3.192	14.706	2.509	10.277	10.262	11.518	2.127
4.466	11.031	12.505	9.360	7.135	0.193	17.259	2.124	12.012	11.015	11.257	3.366
1.589	8.582	11.676	11.490	19.970	1.442	4.496	1.647	10.336	10.547	8.881	0.172
6.047	10.018	12.199	10.890	12.628	3.590	8.438	0.028	10.939	11.184	11.183	2.791
4.291	9.981	12.039	11.183	1.979	3.379	12.996	2.727	11.590	12.328	11.605	4.179
3.428	10.144	9.412	10.863	3.549	0.126	7.942	4.945	10.360	11.171	11.147	2.522
19.071	10.832	10.462	9.536	6.194	7.086	4.831	2.129	12.390	11.004	10.639	4.877
13.161	12.742	12.633	13.579	19.493	1.475	10.524	1.481	10.182	9.962	10.888	4.486
14.742	11.522	12.997	10.989	0.669	5.662	2.162	1.941	12.235	11.234	10.299	2.310
15.211	10.543	10.123	10.135	7.229	7.997	11.701	4.235	10.929	12.112	9.439	4.136
6.464	11.676	11.642	12.656	13.681	0.711	0.612	3.627	11.633	9.145	11.892	2.035
18.865	11.731	10.173	11.220	14.255	9.241	10.897	0.847	11.537	10.805	10.631	2.007
16.743	10.736	10.071	12.307	1.988	7.475	15.033	1.529	10.062	11.507	10.758	2.688
7.833	10.922	11.441	12.203	10.843	2.121	14.789	4.136	10.456	10.060	12.126	2.404
8.188	11.156	9.403	12.404	12.237	5.393	15.623	1.645	10.278	11.980	12.205	1.512
18.191	12.351	10.870	12.588	10.397	2.304	8.513	2.571	12.428	11.933	11.867	2.760
4.897	10.784	9.439	11.581	7.131	7.432	8.425	4.484	10.324	9.057	11.646	3.121
1.476	11.609	10.912	13.098	11.842	3.168	8.201	4.935	10.918	11.355	10.872	1.401
13.069	11.031	10.902	9.228	4.497	1.080	11.516	4.333	11.309	11.514	12.263	4.265
15.986	10.051	9.857	9.253	10.127	1.461	13.165	2.593	10.760	11.842	11.040	4.092
7.005	11.216	11.784	10.496	0.268	5.906	5.414	0.166	10.532	13.146	11.327	1.339
19.842	10.776	10.098	9.992	7.029	0.324	11.018	4.489	10.555	10.477	8.797	4.393
19.979	10.820	10.787	9.966	17.571	5.087	6.069	3.761	10.702	11.209	12.461	4.210
17.011	10.886	10.787	10.598	16.609	9.310	4.286	0.560	11.736	10.463	8.383	4.853
10.854	10.939	11.647	10.906	14.994	7.839	15.176	0.728	9.330	11.555	10.232	1.821
5.647	10.321	11.333	11.176	15.749	0.161	7.056	1.377	12.056	12.090	11.936	3.612
7.692	10.177	12.140	10.788	2.055	4.169	3.301	2.842	11.248	12.121	11.010	4.967
14.595	10.129	10.407	10.782	14.844	9.398	17.729	0.321	10.669	11.828	11.430	3.351
4.551	11.973	11.802	9.751	15.764	7.175	0.102	0.393	12.070	9.738	12.209	1.633
8.603	9.910	12.182	11.876	18.833	2.203	0.193	2.765	10.116	12.017	8.258	2.322
13.078	11.872	10.729	12.283	11.437	4.768	7.296	4.520	11.014	11.642	11.016	0.543
5.401	10.834	11.043	10.727	14.401	7.106	15.004	4.214	9.582	12.440	9.903	0.955
12.030	11.462	10.629	10.835	13.786	4.550	4.424	4.863	10.088	10.194	10.446	0.290
12.898	11.233	12.820	11.919	2.900	7.624	1.750	4.917	11.766	10.252	12.368	2.261
11.938	10.495	12.014	10.932	18.881	1.386	15.813	2.605	11.221	12.520	9.152	0.254
9.554	10.935	12.158	12.132	9.577	8.825	3.354	0.317	11.715	10.155	10.463	0.103
3.919	9.869	11.833	9.489	1.269	5.560	13.142	1.448	10.297	11.592	10.580	4.724
13.811	9.230	10.136	10.270	16.547	3.387	3.939	4.662	10.751	12.444	9.696	1.624
11.054	12.910	10.578	11.853	9.503	6.678	17.661	3.434	11.059	10.877	10.565	4.117
7.620	10.765	10.675	9.717	1.331	8.830	11.651	1.622	11.134	11.039	10.222	0.250
1.330	11.462	10.653	12.832	2.082	4.202	1.195	4.825	9.964	11.160	12.029	4.098
16.203	11.736	12.575	10.988	3.581	7.579	2.463	3.041	10.701	11.363	10.799	0.411
17.939	11.853	10.913	11.233	4.341	0.399	18.182	2.588	10.047	11.053	11.603	2.883
19.942	11.762	10.462	12.889	17.390	6.837	16.287	0.835	10.852	15.220	11.058	3.690
6.444	11.533	11.365	9.695	15.536	5.614	3.503	1.673	12.111	11.008	10.955	3.435
9.410	9.663	10.872	10.428	7.674	5.760	15.661	2.596	10.076	10.670	8.969	4.300
4.973	10.710	12.344	10.375	13.676	9.063	10.898	1.253	11.037	13.111	10.433	2.491
0.144	10.256	10.825	10.487	7.229	0.611	10.688	0.386	9.063	10.703	8.703	4.294
19.393	11.244	10.449	11.305	9.040	5.901	16.904	0.234	9.006	10.236	12.196	4.311
18.291	11.773	10.583	11.223	5.375	6.733	9.246	4.474	10.249	11.617	12.615	4.980
11.968	10.397	11.467	10.049	10.962	1.918	19.991	4.418	9.573	11.216	10.949	4.583
10.188	9.107	11.793	12.401	15.169	1.881	13.280	0.352	11.063	9.786	11.586	4.549
0.933	12.293	11.900	11.926	12.040	8.703	9.535	4.318	12.508	10.620	12.158	3.713
0.174	10.197	13.360	11.444	19.046	1.907	19.197	2.269	10.333	12.663	11.104	0.642
10.987	10.214	12.431	11.439	7.683	3.145	15.317	2.259	9.911	10.497	11.164	4.447
1.500	10.994	10.527	10.284	5.510	7.775	9.748	1.429	11.464	12.199	11.321	0.085
16.018	11.459	10.915	11.405	9.554	8.484	1.902	4.414	10.173	11.007	11.015	1.135
14.087	11.208	11.594	11.528	16.276	2.770	17.304	1.961	10.794	9.318	10.006	4.573
18.020	12.579	11.689	11.077	0.486	7.575	9.931	2.569	11.300	12.115	11.062	0.194
4.352	9.752	11.863	10.306	13.684	7.966	2.796	4.115	11.574	11.293	12.970	2.288
2.547	11.735	12.549	11.632	2.066	7.095	5.962	1.857	10.122	11.919	10.148	1.739
8.968	10.359	9.902	9.835	15.288	1.429	13.418	2.003	11.429	10.006	11.455	4.673
7.150	11.666	12.263	10.594	8.070	6.005	16.220	0.375	12.391	10.860	11.142	2.314
10.162	11.429	10.136	10.970	17.705	0.100	9.373	1.614	11.436	11.460	10.658	1.592
4.574	10.485	11.308	10.882	2.939	0.384	4.662	0.577	10.936	9.241	13.840	2.821
10.258	11.192	10.421	11.827	9.393	1.309	17.318	1.121	11.339	10.482	10.793	2.588
19.875	11.396	10.381	10.939	17.829	0.098	1.852	0.273	10.451	10.163	12.336	0.484
0.987	12.208	11.185	10.429	7.149	4.560	16.797	2.111	9.375	12.045	12.941	1.155
13.762	9.794	11.242	10.518	17.854	6.507	4.554	4.187	8.720	12.282	9.737	1.121
15.326	11.629	9.916	11.010	4.680	3.708	1.759	3.970	10.024	11.430	8.329	3.178
2.199	10.979	12.369	10.810	5.366	8.968	19.804	1.076	11.341	12.461	11.899	3.727
