0.36774231	0.990011209	0.338747532	0.131937517	0.414413848	0.18425356	0.098231271	0.403069311
0.222466846	0.675332657	0.406889273	0.220067434	0.468424925	0.177883318	0.423052776	0.081294893
0.293535771	0.610381897	0.520396719	0.255722001	0.530474709	0.087100674	0.713605913	0.046804285
0.197022422	0.728965319	0.446945475	0.152877448	0.447774782	0.126224546	0.568453147	0.289419878
0.046847477	0.672948794	0.458624306	0.162805726	0.504216874	2.77556E-17	0.056944413	0.279286905
0.096580633	0.530853514	0.434833092	0.085925058	0.354725527	0.251607694	0.502840759	0.230820023
0.074913307	0.658362369	0.506453434	0.183693149	0.428438134	0.297830708	0.845612715	0
0.230239372	0.830829283	0.463091909	0.082228027	0.424519795	0.275455806	0.575081335	0.254316376
0.490926642	0.491816992	0.401813778	0.10575189	0.482665683	0.111003653	0.266119157	0.125011401
0.421054245	0.795735251	0.356222278	0.332197235	0.429934949	0.086156836	0.118939323	0.223525631
0.185001113	0.894077002	0.424980637	0.23105895	0.399773297	0.20629956	0.752672272	0.354498539
0.050038124	0.851546409	0.310795462	0.249198269	0.433767719	0.244369198	0.844617881	0.093814134
0.191101805	0.872338772	0.4039291	0.259703855	0.490216228	0.04647081	0.446109191	0.279719132
0.239054867	0.671064534	0.374428847	0.25210827	0.383318212	0.102541881	0.641889715	0.227482496
0.461445116	0.727329935	0.444452307	0.280163893	0.41501714	0.14267217	0.051066495	0.152323524
0.279893268	0.616818803	0.406120537	0.082423397	0.439605747	0.245466124	0.090457598	0.098986519
0.150261441	0.72648208	0.44194528	0.074741587	0.47017899	0.255126154	0.71237904	0.061698661
0.250652863	0.645987744	0.443598655	0.180920182	0.414050103	0.21683401	0.538772979	0.269728188
0.535357122	0.977833869	0.397717963	0.20114156	0.416206486	0.175930645	0.283200796	0.221321797
0.108239135	0.79362627	0.414284267	0.258348414	0.395956385	0.111941631	0.967268833	0.01914746
0.111346811	0.958770057	0.407674087	0.317001386	0.356688381	0.214535252	0.389195346	0.296889001
0.334045833	0.844059737	0.447142665	0.1964097	0.385914721	0.151799957	0.140399567	0.3355239
0.381156397	0.490958727	0.468013267	0.067113246	0.39125162	0.173690649	0.640801156	0.041680188
0.343759869	0.922290899	0.462024469	0.075124726	0.437547612	0.169410886	0.978185135	0.152145615
0.471464928	0.939750845	0.443234724	0.102804203	0.335836639	0.204532188	0.986167691	0.262594348
0.320793241	0.595434881	0.435435321	0.219572096	0.438804655	0.108785439	0.999659748	0.387693392
0.034084221	0.505833154	0.455628916	0.00092934	0.444616217	0.098938151	0.042948836	0.396247563
0.313839263	0.494024978	0.44702025	0.110139517	0.45785506	0.204089482	0.726283238	0.410419608
0.057548143	0.519722021	0.431580942	0.242408438	0.439172194	0.110577357	0.723884553	0.186629302
0.294383169	0.649378377	0.398872999	0.183387896	0.402845802	0.099180293	0.922353364	0.298931669
0.490187713	0.533723334	0.485406254	0.130353116	0.429575068	0.142291668	0.626445103	0.259210839
0.406234364	0.483644774	0.448596314	0.167626517	0.498914296	0.221835583	0.841750589	0.138097789
0.513015993	0.65652145	0.426017595	0.189174698	0.448598026	0.202500986	0.681985081	0.111217447
0.474970831	0.600631142	0.437898341	0.226123229	0.456274307	0.182581304	0.332636296	0.120613338
0.161703092	0.563568682	0.406531907	0.154056975	0.362013337	0.20282385	0.269676903	0.371691344
0.194475911	0.87189619	0.397296124	0.135238564	0.482105308	0.099893735	0.280253385	0.013118628
0.141867463	0.633727457	0.366103007	0.184447144	0.40043175	0.217820568	0.246146506	0.017451084
0.483822124	0.563278401	0.367204587	0.17561272	0.420905637	0.222794872	0.43870964	0.118648581
0.4228026	0.956041344	0.477782715	0.251619649	0.469361246	0.213520817	0.605721689	0.071273491
0.131876953	0.972485953	0.404921316	0.141196913	0.413148772	0.186366887	0.148312192	0.219542374
0.395522685	0.497421196	0.424287275	0.206993608	0.469682405	0.143093302	0.295315881	0.147563051
0.106789425	0.589194076	0.419456336	0.232321269	0.357176875	0.057592281	0.553775234	0.077203193
0.335498904	0.955366536	0.397239496	0.34119057	0.441976894	0.138175492	0.014705401	0.060102182
0.382899277	0.558202766	0.470176934	0.178157678	0.386278804	0.217418868	0.756011388	0.330262264
0.021361793	0.768615006	0.446463312	0.188891761	0.414219858	0.246613154	0.436063041	0.174050453
0.463548275	0.52997762	0.480173001	0.149890916	0.448191634	0.137962436	0.943780475	0.088600959
0.213686779	0.647492995	0.382442624	0.265760698	0.391014433	0.136118922	0.435190339	0.011752845
0.34389408	0.978922868	0.376728207	0.228749118	0.420653448	0.115231831	0.5541954	0.222252523
0.244451407	0.847588153	0.309059839	0.147705998	0.449578065	0.213510375	0.157318978	0.045109921
0.155000761	0.828728283	0.517959266	0.076087079	0.387248037	0.242338015	0.753015702	0.218248028
0.348539304	0.854323455	0.306057815	0.133711748	0.412203939	0.141223614	0.071101881	0.373412085
0.556952768	0.544878374	0.372772938	0.189960871	0.441683684	0.087035059	0.737522608	0.159990218
0.521834068	0.565433965	0.413003423	0.156394527	0.3608383	0.192985603	0.228028492	0.131287582
0.001024033	0.798700161	0.447658013	0.190247094	0.458495155	0.197596901	0.364475833	0.367566859
0.376683065	0.86924987	0.431738793	0.172577097	0.33028831	0.229915381	0.271485207	0.044984658
0.259919419	0.919056199	0.439191056	0.222456043	0.417777836	0.080968019	0.055995082	0.140815835
0.249100305	0.718548016	0.405238842	0.179898169	0.397258875	0.173853184	0.164375401	0.228517834
0.009191057	0.891685179	0.412449185	0.262302486	0.419908459	0.194688848	0.364411142	0.219241869
0.112824073	0.834353659	0.388295933	0.229106389	0.373247852	0.186033897	0.671008395	0.408242242
0.284009653	0.828583533	0.434314221	0.166529619	0.452442361	0.192124917	0.648485462	0.37355683
0.39728994	0.776988289	0.443342289	0.09145109	0.442090168	0.06335771	0.683580627	0.27379242
0.174202213	0.90368735	0.406905946	0.013438185	0.400809355	0.133408151	0.129173584	0.093414231
0.510995388	0.945824429	0.412821872	0.273788835	0.409673043	0.214125687	0.595848414	0.383065115
0.551639782	0.674063008	0.440386757	0.121754146	0.494818406	0.146625864	0.020800869	0.185304169
0.418194545	0.697987876	0.427547278	0.111545234	0.462208797	0.199936265	0.688748831	0.229843831
0.063379407	0.539398811	0.440345863	0.11470367	0.449194578	0.251951439	0.892096048	0.084933731
0.01390928	0.920893812	0.372506019	0.248351374	0.409003514	0.202710236	0.10510008	0.096524643
0.144598059	0.588262303	0.428506168	0.249773305	0.559860346	0.194618423	0.224268791	0.142617208
0.43078095	0.945027962	0.410971593	0.209233991	0.46018262	0.263280766	0.482756636	0.350887904
0.545658924	0.675456475	0.393667592	0.326374515	0.487446325	0.193198082	0.838394043	0.226571133
0.475887965	0.878608619	0.3774128	0.165365085	0.41417707	0.220284376	0.746231367	0.182008318
0.553788336	0.540490736	0.369311717	0.19408112	0.455528934	0.244692001	0.910526226	0.091722174
0.044612058	0.748491642	0.511052728	0.054191796	0.407150914	0.10157529	0.016070252	0.187048595
0.391696932	0.937001544	0.428117114	0.137321027	0.42659381	0.151160824	0.687391265	0.163994335
0.43725526	0.848795855	0.436762337	0.244409195	0.449973061	0.182119393	0.279771591	0.021456647
0.142439415	0.770498063	0.438555228	0.04815042	0.407587701	0.171560488	0.69624991	0.309175445
0.130675301	0.593873666	0.485280737	0.238190426	0.397479587	0.239917212	0.461750009	0.313694305
0.110535627	0.527153107	0.352607053	0.164064919	0.52169514	0.07018514	0.233486967	0.258541817
0.341637825	0.499254915	0.461098831	0.211318921	0.460859951	0.161041118	0.015550419	0.034261779
0.08550164	0.895883675	0.498653313	0.25199369	0.333927228	0.100476034	0.898759443	0.121495835
0.328921729	0.878876938	0.304777977	0.264884583	0.370310148	0.225328707	0.958244822	0.031230384
0.430575551	0.998053908	0.48078498	0.146888356	0.255171389	0.16328321	0.825187735	0.107268405
0.17816385	0.669934954	0.424153716	0.165444383	0.307159548	0.076728887	0.950437	0.31087034
0.485651133	0.537830711	0.493432035	0.192150789	0.383355964	0.178862741	0.896290773	0.007904464
0.132658971	0.596356695	0.456606166	0.156401114	0.395425649	0.18669661	0.118142049	0.192578102
0.491725727	0.86783379	0.441842104	0.096161909	0.521372697	0.081872913	0.710715581	0.118951885
0.434621419	0.789457749	0.394538722	0.191390951	0.387582493	0.269768529	0.93616718	0.36905241
0.215257058	0.678939984	0.336207577	0.483435475	0.387459276	0.113661324	0.335685556	0.409747188
0.356341254	0.928671381	0.376861679	0.152308942	0.308507883	0.110697461	0.171164054	0.376401922
0.31122799	0.831875992	0.470893911	0.157380908	0.398651678	0.277532277	0.03663186	0.387245401
0.106408426	0.503329975	0.414491075	0.062019177	0.410839951	0.257080016	0.942381391	0.127751135
0.490706041	0.706334655	0.437550276	0.326311342	0.439752229	0.196063955	0.2073167	0.098815388
0.496787516	0.558653203	0.401759577	0.295666835	0.402676875	0.153641271	0.01163335	0.274519369
0.324916916	0.646641388	0.380451637	0.202263311	0.413278094	0.175458689	0.145902629	0.242824257
0.035062479	0.93682733	0.372148744	0.21011258	0.427507421	0.284077872	0.90197891	0.082973876
0.509843999	0.922360714	0.390920989	0.147299896	0.43283784	0.065009743	0.494735394	0.21190454
0.080039101	0.929402938	0.433550481	0.082073656	0.404381506	0.100460329	0.103104649	0.224207126
0.321289211	0.690854828	0.454580604	0.196735173	0.527124954	0.25666864	0.046329328	0.195045059
0.010525385	0.81296682	0.40659283	0.185359174	0.396478974	0.248221782	0.100349282	0.118762083
0.185151982	0.95486188	0.405459969	0.088266091	0.411731424	0.161685078	0.563404983	0.06944585
0.370010955	0.674441076	0.409804788	0.038360002	0.413007288	0.134263377	0.646139738	0.129482242
0.005369681	0.814976021	0.475190928	0.147911539	0.394974729	0.154416114	0.457636487	0.361341318
0.388790709	0.680240445	0.444953119	0.093086588	0.460221359	0.163166522	0.668755779	0.334571567
0.125526893	0.992250275	0.391967487	0.157111312	0.359112721	0.192654436	0.379119754	0.37449732
0.030048859	0.630687387	0.349573024	0.148739964	0.463295641	0.118908686	0.835202833	0.082812162
0.394161613	0.932361673	0.425621772	0.265063487	0.430502849	0.0580992	0.515032177	0.19325553
0.437317645	0.807945622	0.462989666	0.137559732	0.421428558	0.241278616	0.778400047	0.137173498
0.170536825	0.669849011	0.392051472	0.233674701	0.458282409	0.158391367	0.102040114	0.167743628
0.138648384	0.777207361	0.398100924	0.155054954	0.418823278	0.230728697	0.844647192	0.058070217
0.16746956	0.583053042	0.32783848	0.161221964	0.402678167	0.120518272	0.036688626	0.225247467
0.095884568	0.574391876	0.443443994	0.155810446	0.426826828	0.202648073	0.456951299	0.392348015
0.389083822	0.842573748	0.378537879	0.1747074	0.30605384	0.12114057	0.601250367	0.067367428
0.145428096	0.911620133	0.415391501	0.20543122	0.441211809	0.135596857	0.182664932	0.370799174
0.295415339	0.815211194	0.350047523	0.281806083	0.566631992	0.115934134	0.719398383	0.052921107
0.522721774	0.889119664	0.295072817	0.185609126	0.515305025	0.144256001	0.778002873	0.006161471
0.233115306	0.836343696	0.406391598	0.104015943	0.395490969	0.115415474	0.758836673	0.334425722
0.048114009	0.605518794	0.35164309	0.107820453	0.504990263	0.109846111	0.638327871	0.106025715
0.386617842	0.855941703	0.341484814	0.255640328	0.389615185	0.207465127	0.551943849	0.000188709
0.334827193	0.927062222	0.422080201	0.124777935	0.405510545	0.149412238	0.622692549	0.250750247
0.293496618	0.511396597	0.409264943	0.263315377	0.45539508	0.204100012	0.106852767	0.326693877
0.535503774	0.850932883	0.394817148	0.213465467	0.449779295	0.123697873	0.728905222	0.008936123
0.512794641	0.98411709	0.315854171	0.203986251	0.440225572	0.133753715	0.591256408	0.280817014
0.248226261	0.682203697	0.364228978	0.116122595	0.375966218	0.139584382	0.092002193	0.146389307
0.283400041	0.527193452	0.384035297	0.040220872	0.510374167	0.184889275	0.6495657	0.038950397
0.131942087	0.694882908	0.470447441	0.097154274	0.482050865	0.102777081	0.489525413	0.289636399
0.488285628	0.717102752	0.489483575	0.297165057	0.396501872	0.174741956	0.802960656	0.33577492
0.139439218	0.688987555	0.472676687	0.174003773	0.40442395	0.083233196	0.655568364	0.375590603
0.477114896	0.499989513	0.460461152	0.244159752	0.491829391	0.164407241	0.622559538	0.038495016
0.517853507	0.885287251	0.398144046	0.255163142	0.407467789	0.175233729	0.810127048	0.134255554
0.41432558	0.66276607	0.360573382	0.053093696	0.400299715	0.137386491	0.904501167	0.208581786
0.462311321	0.493759168	0.399046564	0.329588428	0.402721232	0.185325946	0.203478678	0.32569342
0.511350545	0.92274611	0.400690513	0.170368607	0.429347083	0.106709633	0.039274727	0.402760328
0.556953785	0.702487453	0.447511321	0.157555754	0.429450953	0.176920633	0.13809762	0.154954686
0.421747054	0.912404054	0.458656137	0.214336313	0.426310619	0.145019314	0.520949951	0.40933705
0.428979799	0.813582909	0.411094291	0.242515203	0.355452552	0.127619743	0.450020767	0.230353624
0.194146474	0.591344786	0.447665353	0.32441328	0.436413266	0.238278582	0.807223167	0.099375577
0.458729554	0.68246254	0.410439239	0.148344185	0.495304174	0.263694961	0.987294612	0.214304121
0.322129241	0.543838609	0.370676371	0.165407434	0.434815771	0.172217601	0.904013904	0.023847082
0.357473212	0.714375146	0.427662035	0.134650121	0.409759392	0.131468386	0.27978788	0.100156089
0.181867277	0.907273902	0.435848219	0.190838545	0.527443193	0.144332616	0.027659656	0.186119991
0.360704975	0.530564307	0.423300292	0.146948566	0.415880169	0.210457387	0.668126309	0.394904374
0.301651927	0.559126173	0.462041076	0.17843832	0.399564741	0.17260315	0.402509777	0.135243408
0.228376411	0.784844205	0.446142125	0.181631993	0.412613132	0.155103625	0.774352842	0.381086534
0.306682854	0.577601345	0.427484347	0.195459898	0.458691984	0.154724183	0.969381057	0.024642571
0.287726954	0.917057859	0.458807035	0.158955115	0.432710118	0.187873563	0.762890176	0.018307556
0.338871531	0.824731276	0.429700215	0.161489942	0.474400959	0.145842416	0.838198232	0.023780113
0.528644741	0.652036557	0.433561351	0.130796437	0.429443271	0.064129999	0.475397436	0.067144168
0.0356461	0.694338461	0.443016476	0.168077478	0.394378991	0.122576935	0.384395282	0.376500303
0.279725218	0.783042764	0.422335415	0.155494808	0.473473487	0.074111343	0.253878437	0.148748305
0.390780161	0.961507609	0.407787729	0.114996747	0.365856721	0.164952919	0.330305968	0.149677475
0.40437625	0.620901283	0.46391629	0.146549114	0.409465446	0.176173804	0.841396083	0.006430689
0.160348708	0.539992961	0.42861703	0.240901573	0.42445687	0.194592011	0.907968915	0.163176416
0.417576494	0.758035486	0.437532165	0.211043225	0.456559449	0.254108625	0.616610725	0.108927301
0.55721518	0.550595184	0.444970087	0.03500943	0.437815867	0.178423754	0.071048032	0.193512974
0.149416203	0.921526391	0.445856177	0.110978129	0.399419187	0.28433075	0.57081596	0.284586083
0.400184866	0.881288632	0.451294047	0.042907109	0.445403436	0.176146043	0.437791476	0.158117033
0.281434072	0.96752695	0.41334887	0.225508387	0.39059373	0.10193323	0.472049525	0.290273007
0.427604924	0.747763908	0.393515724	0.205163057	0.463092863	0.229995348	0.428384214	0.245498816
0.33962252	0.682391386	0.407562647	0.216598191	0.419652772	0.171369354	0.46888796	0.114880788
0.025367302	0.763134573	0.36609842	0.030208124	0.442069812	0.195872268	0.77798273	0.230138197
0.012021445	0.862975282	0.373815922	0.180968166	0.470874322	0.112205928	0.81064907	0.253586898
0.178578453	0.685708809	0.416359501	0.173641288	0.443886016	0.128835279	0.239519413	0.173908926
0.501057775	0.674756693	0.393422048	0.144688697	0.427578931	0.205655642	0.026967183	0.329562942
0.381909192	0.916152149	0.390670326	0.056709936	0.433212208	0.178931939	0.498900313	0.099120194
0.360555975	0.824617427	0.446780103	0.160076515	0.459168618	0.208814892	0.121240604	0.33724966
0.037206959	0.495063965	0.413584033	0.228458351	0.305593303	0.191849384	0.972460418	0.027312508
0.49178178	0.631701485	0.420234434	0	0.421861877	0.317538916	0.367878411	0.198209994
0.467747211	0.673287807	0.387589343	0.07620968	0.497022971	0.220860636	0.398825442	0.006103345
0.392491874	0.690467316	0.399124052	0.217538537	0.442069476	0.152745824	0.890929305	0.125456975
0.166834466	0.761153096	0.385983563	0.035387057	0.438629885	0.193705545	0.177986125	0.391661176
0.458683041	0.501160214	0.407891493	0.193893807	0.428735801	0.133128791	0.150858161	0.169025349
0.203493046	0.509481653	0.413618193	0.21570398	0.408228769	0.11909005	0.216070336	0.005383581
0.346313528	0.716397717	0.377381777	0.168827361	0.371008569	0.150386852	0.833685876	0.10442574
0.26613717	0.887461571	0.384398527	0.254696132	0.489543098	0.193430571	0.573179548	0.174800049
0.19896267	0.705988966	0.418525615	0.218839113	0.416569723	0.124420056	0.496386087	0.362296908
0.192249455	0.984720627	0.433909475	0.286458693	0.434466749	0.119324088	0.108644474	0.329554901
0.019296589	0.628449236	0.372581083	0.175692031	0.427021249	0.168135112	0.342043787	0.384335239
0.523174022	0.557180596	0.42254713	0.199032774	0.428442168	0.238482448	0.443810638	0.408357131
0.257520951	0.523666022	0.392830411	0.183266732	0.458710903	0.171171007	0.870123504	0.040133273
0.185397912	0.83350119	0.367230156	0.353257695	0.442830026	0.120519675	0.494775929	0.407931103
0.194091088	0.768006049	0.41713536	0.259951093	0.471274892	0.198920605	0.234862861	0.356132633
0.095023955	0.950318814	0.389610567	0.241036901	0.418388941	0.177583313	0.237544398	0.275678638
0.31806835	0.832350419	0.44476162	0.218734652	0.451668588	0.227646718	0.429134181	0.206564207
0.561978944	0.602203336	0.512511375	0.189267102	0.46366376	0.194368548	0.193990975	0.29491577
0.463069439	0.490130287	0.418075183	0.293099071	0.404392875	0.114471022	0.167127077	0.273491369
0.201328765	0.901788747	0.46502125	0.270753464	0.473651973	0.216935961	0.764670474	0.263053959
0.483407219	0.574078681	0.413021936	0.199714395	0.422658254	0.223381731	0.275932261	0.157691002
0.102804846	0.558200142	0.378968664	0.213728812	0.448908792	0.211255686	0.460242637	0.261140493
0.557097428	0.51035179	0.388749955	0.060844402	0.424292248	0.161683112	0.143807311	0.128132942
0.396108269	0.586637323	0.47936532	0.213428098	0.501359951	0.314882478	0.074349101	0.351386982
0.544809548	0.869965511	0.428814916	0.147164282	0.446185781	0.088128968	0.709598354	0.307056778
0.411361017	0.987369568	0.282547736	0.3031839	0.405171004	0.198511763	0.425570594	0.306539385
0.214424114	0.67005944	0.426858609	0.144952679	0.412043501	0.118162458	0.530430761	0.052689787
0.286512849	0.504961823	0.455851254	0.208339176	0.39792486	0.224743789	0.032982451	0.127550855
0.070767316	0.542154465	0.437948248	0.207767935	0.447442219	0.203233298	0.409344831	0.017583642
0.242911719	0.880276919	0.398321783	0.140108911	0.367150837	0.091122085	0.668044119	0.396801957
0.076255637	0.700048603	0.382796927	0.300130003	0.446322075	0.172589136	0.124174262	0.406742482
0.542337611	0.966891747	0.443521016	0.184297804	0.427393335	0.203905521	0.315068413	0.025387505
0.184237947	0.505548998	0.44706119	0.190427828	0.490047495	0.188669585	0.755604681	0.19113759
0.082831466	0.980437471	0.398102825	0.253714683	0.457641511	0.092632821	0.571968541	0.254973404
0.289297751	0.708105352	0.417609312	0.336293936	0.451377392	0.25051735	0.026292053	0.334435032
0.189435814	0.702860035	0.377004294	0.295839083	0.406070007	0.166104617	0.338331171	0.416313183
0.525111982	0.593979975	0.377576417	0.093874548	0.508850492	0.195429986	0.586466995	0.213439666
0.444785563	0.658570254	0.410264399	0.255088857	0.368149966	0.139352353	0.276141701	0.287433661
0.288300021	0.842474454	0.442575651	0.176189962	0.436454412	0.125421907	0.315597639	0.185259099
0.109024392	0.665066269	0.420545194	0.194424433	0.428536975	0.14362714	0.081525624	0.001642753
0.199314315	0.973473329	0.448291609	0.266885351	0.444313134	0.167110987	0.384978728	0.354165501
0.388599457	0.532127536	0.378950426	0.11409534	0.483760927	0.204084028	0.132243532	0.189760699
0.233345166	0.639384555	0.367093086	0.260743892	0.432936028	0.135651732	0.70935487	0.228354607
0.203878419	0.8564185	0.42465182	0.018109853	0.39086137	0.109151659	0.041123933	0.285679822
0.429025395	0.888274472	0.434978767	0.057268958	0.394229349	0.062954106	0.295045051	0.367963936
0.543842463	0.763438652	0.287063349	0.177048172	0.437604231	0.193003596	0.762191817	0.28969366
0.34092969	0.625708838	0.391566593	0.293711411	0.472202693	0.27293795	0.669176335	0.155677684
0.327494845	0.703095341	0.338574957	0.153447552	0.361323876	0.343463885	0.993277274	0.173102312
0.081936315	0.54918385	0.371272137	0.204413707	0.46189361	0.129587648	0.221168099	0.140607853
0.345229077	0.767110625	0.403443132	0.249424156	0.505553002	0.189434072	0.788433061	0.373901151
0.10948648	0.714852168	0.413781866	0.019709352	0.478008623	0.16325196	0.596556179	0.009689139
0.246877962	0.984815853	0.463104091	0.117489905	0.452847112	0.138768432	0.829796543	0.100480063
0.026663399	0.877564167	0.388293347	0.174077248	0.452292863	0.254960255	0.086332781	0.246298677
0.231792616	0.803102334	0.439254581	0.267522251	0.412757018	0.14713422	0.31554113	0.175720751
0.450905848	0.957870717	0.47218883	0.150027792	0.44509466	0.206652388	0.411562321	0.299107331
0.329726287	0.861794768	0.427845952	0.275332139	0.430944341	0.15492438	0.715550552	0.358690212
0.411308315	0.776270618	0.483217921	0.182711799	0.38829212	0.22186157	0.736398091	0.274844265
0.43969973	0.600681201	0.449912026	0.2260462	0.439865992	0.265944784	0.67260073	0.395451428
0.268785392	0.745997713	0.415569742	0.202076489	0.356055923	0.069923624	0.018286538	0.253922154
0.161793186	0.852841165	0.461193595	0.142331025	0.440673463	0.097237163	0.216188371	0.164128751
0.010593509	0.741188339	0.366370629	0.219959711	0.406450053	0.210263359	0.093960329	0.155158229
0.386301293	0.670891082	0.346215634	0.148953558	0.42364335	0.136610424	0.676985664	0.014128671
0.548453228	0.971357777	0.452875356	0.213328235	0.358066065	0.227473285	0.702466953	0.276069532
0.310806187	0.67046301	0.314994375	0.263064666	0.350501572	0.285174905	0.326972413	0.33125917
0.520248672	0.85906279	0.464149675	0.180682379	0.448407605	0.085201814	0.259671786	0.238377934
0.187738817	0.797511068	0.463465908	0.214513625	0.464768464	0.214118347	0.376557463	0.271219368
0.04904384	0.812928098	0.466639094	0.046141248	0.406532538	0.238958626	0.742032617	0.180864707
0.100122826	0.855344468	0.402979631	0.218508481	0.396497935	0.114339202	0.647382304	0.1522418
0.091320027	0.840471279	0.384482557	0.063139026	0.476116337	0.248702135	0.016322215	0.408488799
0.072140887	0.623698386	0.400610219	0.201970448	0.45913903	0.117944091	0.622073198	0.390345982
0.201053673	0.647979918	0.472699683	0.145058817	0.445587575	0.306764719	0.706441782	0.396424574
0.438120709	0.552923037	0.404073117	0.134752163	0.466785796	0.213219466	0.754883818	0.397421934
0.487751461	0.877577821	0.416005546	0.213544561	0.371837303	0.278722294	0.367984864	0.023362599
0.531117649	0.64455953	0.411859773	0.171540647	0.421793522	0.102282569	0.213056541	0.371449894
0.022232089	0.551661189	0.423843354	0.118649327	0.444297625	0.17955256	0.610563166	0.39976094
0.406273808	0.750944237	0.373780305	0.154030745	0.405472976	0.121389872	0.546021798	0.127301207
0.216888617	0.739285459	0.454366264	0.136606116	0.410190881	0.115254506	0.56116221	0.084897826
0.056004183	0.554740139	0.405099494	0.309093258	0.406977122	0.123789266	0.699939356	0.164678824
0.251430882	0.85864694	0.408745546	0.202420606	0.467564194	0.224112418	0.700632249	0.107856566
0.324442619	0.598545519	0.402216866	0.159434789	0.411683359	0.186075015	0.890986991	0.111430539
0.341890248	0.780435716	0.439093135	0.118154242	0.41501792	0.102679587	0.641967062	0.003554974
0.014654232	0.875972322	0.474466126	0.297506449	0.430088623	0.233048687	0.376002529	0.252610646
0.2634506	0.545206629	0.422292344	0.209966076	0.505558386	0.191323304	0.568655965	0.304599841
0.463182613	0.736190929	0.423654593	0.171248769	0.433917831	0.151018862	0.260905917	0.357201419
0.764489123	0.743740044	0.584653828	0.274980269	0.013675691	0.484669389	0.483806717	0.579824672
0.915604564	0.704828209	0.530486298	0.554582976	0.091461381	0.389289161	0.759252598	0.65819336
0.904867412	0.7705284	0.566321219	0.865238138	0.164370076	0.675419458	0.11089982	0.585555093
0.856864768	0.834251701	0.662285713	0.583700153	0.02719698	0.744097789	0.18644075	0.655861673
0.908275309	0.7537787	0.680686845	0.422598909	0.097011675	0.619404353	0.240069064	0.712977524
0.794329673	0.697257282	0.618550272	0.21434354	0.250758063	0.589785586	0.523895545	0.618763787
0.779153842	0.805956726	0.644174303	0.971232016	0.225874092	0.339420545	0.43014304	0.611377004
0.876713152	0.715242857	0.602192669	0.206093324	0.114058983	0.279591775	0.022497177	0.666265614
0.85793222	0.831210401	0.622241343	0.91745575	0.305753911	0.767714519	0.923710876	0.626270156
0.848080492	0.782879753	0.645711988	0.250420436	0.062852779	0.401786462	0.692111256	0.546743621
0.794153987	0.639492557	0.516950528	0.377484308	0.1801662	0.762745732	0.159791159	0.720873121
0.957763132	0.679288769	0.618265692	0.993361575	0.415519839	0.618546257	0.27314879	0.652699928
0.789291588	0.73153662	0.664308589	0.375783459	0.376032271	0.222152303	0.628753274	0.607272249
0.861714509	0.775195352	0.642332438	0.283886246	0.195042138	0.782656684	0.33372383	0.634100066
0.784652898	0.766083788	0.713413042	0.579934025	0.08895672	0.786393634	0.018773415	0.586066949
0.808577796	0.830874881	0.611348752	0.329441584	0.169193773	0.196273978	0.16101789	0.66460734
0.833722854	0.754248358	0.602103922	0.841167629	0.201903619	0.248584125	0.450981879	0.640390035
0.843189473	0.759170563	0.70097346	0.314289272	0.163631694	0.288503274	0.866329631	0.568224975
0.78593788	0.771560208	0.547794583	0.250806251	0.08080263	0.60091291	0.454014461	0.627138145
0.838308571	0.744583911	0.561722881	0.397842354	0.380559266	0.502036232	0.898447947	0.61735787
0.857382956	0.775171625	0.629060744	0.340551481	0.383687004	0.201891381	0.010844969	0.65387711
0.876756283	0.759460111	0.587663063	0.598223063	0.236504605	0.561068599	0.505690225	0.580144667
0.795909736	0.742581492	0.614628664	0.821431188	0.322696411	0.218599158	0.609385514	0.646657671
0.839940781	0.757795757	0.620416605	0.926544083	0.195512463	0.406345684	0.481004502	0.595868139
0.850671974	0.714365261	0.645318517	0.240585638	0.139543156	0.613109299	0.510109757	0.638202309
0.799628326	0.79792717	0.618403973	0.228172439	0.405794773	0.245070539	0.265295525	0.571262423
0.770272694	0.754756272	0.617142869	0.539208098	0.009727494	0.592931102	0.571053115	0.61024539
0.889023436	0.753700133	0.646351236	0.81848903	0.358671827	0.732948711	0.578688727	0.600675561
0.866002609	0.839709901	0.574023726	0.536524838	0.178548758	0.273045967	0.403095148	0.538713025
0.842748726	0.740024908	0.598877122	0.365660079	0.362869988	0.583474202	0.221182362	0.60706945
0.796966292	0.73077563	0.56211433	0.246847745	0.062587919	0.665300281	0.050341873	0.709765264
0.773074112	0.701665416	0.592052887	0.415163043	0.17385147	0.207016552	0.448503418	0.652882943
0.881831301	0.622859018	0.591707608	0.903195882	0.223485866	0.33950217	0.462326163	0.55091724
1	0.703789917	0.620067489	0.630623814	0.110495573	0.567265373	0.608623029	0.643734164
0.972397024	0.73441159	0.631417835	0.378642647	0.334177464	0.619733419	0.917194842	0.629294984
0.861948701	0.744781445	0.667730912	0.47812173	0.20817526	0.763318355	0.892735514	0.620264039
0.876351398	0.702823704	0.63407183	0.779861401	0.116015798	0.305542479	0.536636741	0.648069892
0.847046436	0.914220257	0.609550305	0.627086858	0.065118418	0.722445565	0.211611851	0.654603397
0.90834599	0.720348356	0.575896235	0.432601526	0.294372553	0.68143399	0.035587291	0.624021823
0.849440849	0.800042949	0.581062442	0.416991747	0.16284849	0.568399792	0.782696118	0.63469997
0.865726091	0.656701587	0.583558413	0.384946418	0.337412782	0.433622353	0.844191739	0.592606538
0.852627857	0.757956135	0.714801913	0.695240282	0.102944725	0.319676646	0.104779852	0.537688833
0.878323397	0.748835619	0.683418862	0.705032938	0.016099693	0.30953623	0.857403498	0.54253031
0.892022014	0.738953407	0.57909834	0.266939506	0.211060926	0.410730983	0.520025194	0.616198864
0.950385743	0.710785948	0.664964289	0.591916996	0.049131455	0.480074434	0.992073949	0.612718676
0.796721843	0.736907053	0.606002336	0.657558065	0.328806453	0.782902144	0.531738927	0.648445959
0.890533949	0.707640547	0.619639693	0.514722865	0.195345479	0.6144216	0.227044366	0.590713503
0.874129671	0.72608051	0.52932727	0.230488047	0.360015921	0.545180747	0.257866187	0.662514315
0.823124206	0.666697412	0.550272334	0.481661623	0.27900895	0.573822628	0.912140907	0.623421559
0.873412485	0.656876924	0.625927258	0.452839588	0.383396064	0.492512522	0.674542839	0.541720478
0.839936699	0.765546722	0.648284297	0.799680778	0.171166084	0.569536018	0.11287453	0.676638526
0.859492839	0.694373063	0.601492036	0.213937774	0.249298742	0.682927185	0.071336302	0.637959295
0.888161741	0.721146416	0.599494891	0.77635409	0.149957227	0.364421297	0.556809813	0.605076437
0.76065946	0.86266106	0.639179577	0.371176992	0.048177396	0.676891279	0.956566168	0.677024179
0.86491276	0.70841297	0.639167183	0.546134057	0.218549541	0.735594887	0.509885953	0.640433494
0.866493965	0.629881132	0.600512551	0.711038494	0.348138898	0.363118053	0.51327455	0.666400367
0.816558957	0.710334105	0.589837412	0.800939808	0.323137504	0.652884978	0.134771775	0.588211715
0.790548027	0.724202585	0.594418818	0.760240221	0.334417682	0.439598635	0.2498046	0.534941298
0.823098878	0.673414608	0.651490051	0.647213257	0.204255669	0.486352124	0.146464381	0.633233159
0.84703608	0.730243167	0.601699225	0.208151441	0.068764216	0.184217192	0.463484281	0.569822329
0.815288739	0.652036307	0.580493489	0.192792398	0.205299595	0.656710419	0.835684187	0.574394736
0.891410371	0.728489649	0.544923566	0.336292649	0.073805855	0.766908428	0.249522442	0.582214857
0.824256722	0.706313834	0.62221909	0.856918996	0.062844636	0.449982544	0.702470882	0.67243913
0.85179001	0.692738153	0.527055632	0.345486063	0.237308212	0.462120977	0.010074652	0.612705738
0.88593321	0.662153987	0.575151138	0.723921037	0.322603563	0.646029306	0.200282529	0.639149884
0.95841094	0.712854509	0.673591709	0.323552693	0.140156543	0.444266819	0.081963614	0.604331891
0.839724355	0.665885298	0.601611308	0.205847656	0.188145589	0.592829237	0.72780992	0.639556126
0.915279423	0.834861787	0.616287457	0.878815296	0.39829259	0.746091536	0.021089121	0.671743866
0.905702322	0.83868675	0.66310267	0.405376017	0.414792117	0.314427291	0.573667549	0.720129534
0.834828973	0.736607221	0.612279563	0.560094967	0.016041067	0.601138004	0.398765942	0.617350227
0.869192746	0.639085371	0.539542295	0.496403444	0.378018189	0.624942437	0.546963771	0.680848077
0.862585881	0.763947556	0.560454048	0.361981218	0.395132686	0.339000049	0.514513151	0.660507292
0.84215389	0.698332434	0.581070686	0.243580368	0.164876036	0.479241045	0.886494231	0.655748864
0.847111998	0.778866101	0.597076191	0.454761585	0.026331351	0.773214695	0.083444694	0.62752685
0.914281605	0.652527317	0.660225719	0.732222296	0.053641198	0.748881495	0.898508299	0.670253297
0.877978979	0.638631095	0.566505948	0.236463355	0.15453131	0.558005019	0.862250635	0.606736468
0.864640484	0.658951742	0.584788677	0.375882092	0.011425223	0.793612876	0.392358162	0.627648384
0.837458278	0.835232265	0.609127385	0.232283452	0.232182289	0.638989902	0.111356076	0.595525223
0.886685457	0.764007598	0.663224574	0.662492054	0.245025512	0.26150634	0.854076773	0.596899328
0.877779948	0.783695965	0.563895496	0.647582756	0.388670032	0.238456051	0.418613396	0.618740145
0.710858755	0.784804128	0.59837425	0.458636834	0.141377835	0.673955538	0.264598522	0.663175269
0.760513814	0.73688907	0.622672472	0.492539827	0.080253259	0.256770115	0.115324912	0.666431066
0.875001249	0.672893137	0.620573952	0.351945279	0.061543765	0.346268776	0.308161638	0.670325531
0.744802635	0.777811653	0.645376513	0.200039384	0.387249237	0.205883982	0.156742917	0.641048425
0.77450963	0.803400639	0.589922106	0.52884075	0.370538353	0.271218687	0.202972181	0.632392738
0.815911647	0.782673943	0.640944863	0.461281614	0.035083073	0.249684158	0.266357057	0.627011649
0.86429595	0.793078458	0.607306552	0.527377992	0.192857611	0.546093253	0.621438269	0.560748203
0.915718493	0.727854235	0.574873378	0.213029453	0.216527314	0.692960048	0.116755765	0.647219881
0.835835773	0.795933176	0.71843396	0.24326035	0.426006645	0.296259129	0.948318477	0.589295717
0.8564964	0.749150625	0.662219611	0.884084911	0.232266843	0.414978314	0.512906862	0.603321602
0.878042929	0.742690929	0.636237414	0.43152889	0.013952765	0.704819125	0.369788138	0.617694224
0.826136436	0.699269916	0.651101121	0.53768313	0.4007789	0.360561388	0.989948634	0.582315129
0.911489071	0.767222647	0.663742537	0.656816593	0.194885526	0.773278469	0.15144092	0.682484479
0.760572259	0.794362487	0.644545574	0.523114281	0.17253088	0.557825651	0.559444126	0.648892472
0.824892805	0.715430457	0.599107934	0.340115757	0.312767078	0.711708695	0.3214732	0.684863143
0.858391729	0.734971435	0.625249692	0.91223917	0.251499192	0.508748048	0.68026219	0.73565981
0.821850246	0.824835642	0.598386504	0.598812233	0.130644742	0.794658641	0.14837209	0.617546684
0.831844379	0.777355002	0.641717061	0.363369859	0.166173149	0.439356028	0.783712899	0.613779616
0.741812395	0.687484157	0.680554834	0.549737078	0.324833541	0.368390929	0.058457427	0.590712181
0.800265886	0.733984849	0.653884426	0.552503379	0.367058915	0.23608606	0.516446695	0.650489859
0.80752926	0.674434967	0.651139281	0.371632451	0.041342237	0.691421652	0.834966271	0.616832437
0.848977855	0.757284284	0.567166024	0.828366636	0.010551469	0.690598951	0.058349429	0.646857215
0.870848951	0.787694985	0.669367226	0.862131485	0.079006328	0.538635632	0.695008417	0.641312262
0.846551944	0.798243544	0.586558376	0.529626079	0.320859153	0.655764853	0.283954837	0.629817555
0.744788738	0.656965665	0.519274972	0.661185685	0.223414047	0.358610434	0.232506715	0.558345604
0.855854895	0.738778536	0.558695803	0.610142233	0.132557574	0.18448111	0.699097085	0.620937564
0.775891359	0.757608983	0.605929963	0.522502915	0.255382918	0.372899984	0.429258975	0.622602313
0.884187406	0.611180582	0.670405276	0.866471421	0.117458785	0.507480478	0.134268485	0.587403153
0.893201033	0.686676444	0.565031721	0.657494641	0.384897122	0.399890268	0.067293877	0.59177767
0.954192301	0.72265595	0.64912519	0.681360441	0.32846511	0.404007919	0.205727329	0.599992208
0.859080683	0.767433225	0.577872262	0.641430703	0.022030727	0.342125308	0.798304691	0.596589286
0.932967728	0.778803009	0.637829759	0.703552421	0.189587981	0.272953519	0.943062165	0.546110696
0.839956477	0.780818502	0.627628106	0.962704184	0.277276935	0.543161712	0.835477935	0.541984495
0.872406694	0.83172967	0.733272787	0.578568894	0.181085475	0.212522863	0.650749457	0.656671103
0.8501141	0.74649457	0.615920403	0.840891457	0.363484507	0.574845774	0.816457184	0.547977331
0.852026503	0.664337237	0.596429196	0.481040462	0.194184082	0.217015309	0.344698081	0.628632715
0.789872578	0.719778698	0.648312647	0.488108911	0.359072588	0.614877483	0.843741308	0.58912052
0.80549919	0.804706807	0.588910623	0.352375747	0.237056673	0.435266338	0.339386172	0.65259827
0.844630386	0.79029715	0.650032172	0.590093618	0.4079779	0.207258417	0.125528482	0.655021461
0.847211363	0.657445459	0.603508288	0.898410536	0.362714986	0.629054513	0.457094788	0.56709332
0.890877183	0.728109554	0.648058191	0.751618031	0.03173645	0.724857818	0.69228785	0.62213668
0.862663116	0.776719582	0.60316498	0.811935796	0.17793035	0.706188926	0.766369394	0.660297664
0.892067053	0.766308514	0.60307159	0.260888448	0.181300588	0.762295391	0.044023212	0.625649795
0.790725607	0.682307733	0.706236427	0.830678831	0.390349452	0.402738581	0.995143415	0.674689214
0.864605877	0.786014476	0.639090702	0.518801699	0.406882305	0.282104933	0.671871749	0.595314471
0.80893383	0.710353843	0.713773185	0.722595362	0.118904837	0.288348897	0.155083584	0.600990992
0.832444576	0.68675297	0.644061766	0.782387963	0.016904583	0.244966285	0.706950999	0.689100312
0.856019934	0.741429006	0.564032701	0.924938263	0.169108322	0.75729279	0.195539658	0.615292462
0.838020599	0.690716699	0.736989762	0.246949757	0.255013197	0.436129744	0.064934892	0.634066247
0.848749715	0.810148122	0.600373585	0.391664574	0.40882705	0.71009181	0.945507017	0.628126715
0.883774794	0.796132759	0.599653245	0.351378454	0.411407118	0.249693883	0.45623446	0.673618211
0.896126752	0.712019398	0.677701432	0.270873268	0.100309142	0.795193369	0.159382554	0.680489532
0.909778093	0.704971902	0.666379454	0.485734497	0.361049922	0.697821465	0.8399769	0.62745579
0.8938868	0.673831294	0.567610363	0.605907649	0.141531358	0.617438728	0.193526973	0.711553036
0.863306653	0.721215918	0.632853672	0.265600613	0.302083638	0.645726703	0.649954393	0.611141563
0.866802659	0.759872149	0.636141264	0.27149525	0.309595079	0.582972591	0.062585217	0.619102564
0.91838667	0.798600735	0.542594371	0.746179376	0.007464771	0.519637547	0.8175985	0.607638218
0.784465628	0.730353857	0.644386437	0.905541379	0.059310628	0.681557238	0.655031835	0.649009829
0.863449562	0.712446991	0.561866583	0.71334009	0.180551314	0.684620224	0.105618534	0.621393586
0.842770411	0.717178756	0.668777131	0.62096531	0.146316029	0.659604839	0.248975389	0.677880543
0.840162621	0.716984696	0.592355121	0.738722389	0.349643546	0.717882291	0.195364786	0.677679218
0.897293004	0.789047299	0.651674219	0.193573078	0.149735818	0.242679091	0.368077877	0.588104382
0.83622898	0.807022772	0.550723014	0.839078161	0.420122729	0.648900942	0.32285308	0.756997073
0.927690545	0.78463775	0.618735313	0.411538555	0.039670893	0.614416435	0.325111982	0.572835306
0.823651975	0.756689903	0.630246674	0.620043	0.189879569	0.546570401	0.943175154	0.652508502
0.871646186	0.727391877	0.584983533	0.782960373	0.212540835	0.4316913	0.965663361	0.691763831
0.817384662	0.674700283	0.611240311	0.217001675	0.039841971	0.220800433	0.528993283	0.549054118
0.79433273	0.769782903	0.611514008	0.331232028	0.238320636	0.543543644	0.477037999	0.69460805
0.867071589	0.723940237	0.586044801	0.874189993	0.335878079	0.484007212	0.021109916	0.681753223
0.821666177	0.707451039	0.618789515	0.999519496	0.050211523	0.723121261	0.747435058	0.599040845
0.866771138	0.718732747	0.632527001	0.338939685	0.088905121	0.566705593	0.151593797	0.648663107
0.942202469	0.733127235	0.612250665	0.802265868	0.207590491	0.564859519	0.208440834	0.591597462
0.853289809	0.719029643	0.662743851	0.886659527	0.393978482	0.551339979	0.909836314	0.614622083
0.781350299	0.699797093	0.548469096	0.630503608	0.117187816	0.602319656	0.196587967	0.609797315
0.86987988	0.815632784	0.595066816	0.560944042	0.352754933	0.719185137	0.121216527	0.568363583
0.733690131	0.720780372	0.531094145	0.642355237	0.175544426	0.520635061	0.147657755	0.594536979
0.915390313	0.823139076	0.634374663	0.476061191	0.055284979	0.360495977	0.442212453	0.591816416
0.808548368	0.765788325	0.591891386	0.611342161	0.083498526	0.277627671	0.047189696	0.699478604
0.805543487	0.724947233	0.622287125	0.642987277	0.300856573	0.594713388	0.105486674	0.659949073
0.852355132	0.757019065	0.654766322	0.451142048	0.402500336	0.492896771	0.039336462	0.598275238
0.92552776	0.773563938	0.74018381	0.192413641	0.366983658	0.744545419	0.766407877	0.58719874
0.941682655	0.681472487	0.672743503	0.250659681	0.373311879	0.454654825	0.49352108	0.640918482
0.849944011	0.653483746	0.589481883	0.971061945	0.421433577	0.266013996	0.306111228	0.638839496
0.883517864	0.710146107	0.587129646	0.355388568	0.185701377	0.786495049	0.739066191	0.565701631
0.767118434	0.680008951	0.579692727	0.426233635	0.155666705	0.311760942	0.175663487	0.567921837
0.948754136	0.714397288	0.652918116	0.965865899	0.343630059	0.627491442	0.745432777	0.579946449
0.793607836	0.782963597	0.604169931	0.576195818	0.258181751	0.591562273	0.85215342	0.69024262
0.818061684	0.738812458	0.610741857	0.994672844	0.02169228	0.385786642	0.046369502	0.57120024
0.89167854	0.813413962	0.655682366	0.524234728	0.096045028	0.52831645	0.932951148	0.588644533
0.827079656	0.620083601	0.629122775	0.756440708	0.155349802	0.762678525	0.859978444	0.656126763
0.811370597	0.701180495	0.608844244	0.630558513	0.261302874	0.685500076	0.004798702	0.625014875
0.933194757	0.671206324	0.623384257	0.712549687	0.168603363	0.275484852	0.791489173	0.628038664
0.901069323	0.743119943	0.648023781	0.334425228	0.427805332	0.388477984	0.212054643	0.59205076
0.734728291	0.716892509	0.597721148	0.983470878	0.149158436	0.222096181	0.920155078	0.659637966
0.821269287	0.724908088	0.60196569	0.968978589	0.412760186	0.788374739	0.710477939	0.697952207
0.916697814	0.765820767	0.712069391	0.579442495	0.375429182	0.593526573	0.443936297	0.642627093
0.885001856	0.700157602	0.602382247	0.718297348	0.026514912	0.191574038	0.140311684	0.632721715
0.821496169	0.730638759	0.694232989	0.7356777	0.22512556	0.620573902	0.654331004	0.570821429
0.7883294	0.736312666	0.545163054	0.568363314	0.236221109	0.439592884	0.320039368	0.631205115
0.852411691	0.690182129	0.613554536	0.633608166	0.180572802	0.66657156	0.721812341	0.541844009
0.799618644	0.784725762	0.517607716	0.257644473	0.314833778	0.405873422	0.316311984	0.604874886
0.834646146	0.707715854	0.634142683	0.481525601	0.021293494	0.523593119	0.81674742	0.59137473
0.852493014	0.749021416	0.552719607	0.614094824	0.422304765	0.319671011	0.114399295	0.62732586
0.916480759	0.792606178	0.584434155	0.340017199	0.154159717	0.514135126	0.914650015	0.617568339
0.893116745	0.651337896	0.64322241	0.836665151	0.127128457	0.458723122	0.736977438	0.659173077
0.767629601	0.690223647	0.592142486	0.815825418	0.285928838	0.296108315	0.443301948	0.641862664
0.788639944	0.728403767	0.647510702	0.758871908	0.252825271	0.672651417	0.755381478	0.610328345
0.800250101	0.781320897	0.53476778	0.310801337	0.319146411	0.215701864	0.44713907	0.580611962
0.750751489	0.792005169	0.541796884	0.35591248	0.028431768	0.46976683	0.333874513	0.618850249
0.955670799	0.720037574	0.683325039	0.345356232	0.076841209	0.406522829	0.392949772	0.63502032
0.835710547	0.749016841	0.659853646	0.379705898	0.278842043	0.544304932	0.04253339	0.56822663
0.828562305	0.731608169	0.618887832	0.916088461	0.321072185	0.760436451	0.624499409	0.65177872
0.799153081	0.84668516	0.737106366	0.271227078	0.179506639	0.52328619	0.160078812	0.63998006
0.831949814	0.872755741	0.596041093	0.463872768	0.342446867	0.702077838	0.984917072	0.615227104
0.759951761	0.748996453	0.700555255	0.929634883	0.176048288	0.638705689	0.008041847	0.608385181
0.797491855	0.745367489	0.633537803	0.285421664	0.367736439	0.29872986	0.498920274	0.601939567
0.836658238	0.791345626	0.612182691	0.273438444	0.266725322	0.183770578	0.604974246	0.584872711
0.804456206	0.667029053	0.596522748	0.596273455	0.17758985	0.697911208	0.568869882	0.622014651
0.881704484	0.753646587	0.653737254	0.241449811	0.025028815	0.186749094	0.676363895	0.578834245
0.937936874	0.678564307	0.675776241	0.28537312	0.263734817	0.777903064	0.97770609	0.631684116
0.839651403	0.634541995	0.63930406	0.524003209	0.193561695	0.459868163	0.419028852	0.644074739
0.820859999	0.708345072	0.59478447	0.612583566	0.295627215	0.433621123	0.690403637	0.676119437
0.856598106	0.712583953	0.614380826	0.498081662	0.344347071	0.616700556	0.472316856	0.576836728
0.738624469	0.719253497	0.596687758	0.894541082	0.075592196	0.211557202	0.792807092	0.586051396
0.897801978	0.813954344	0.631086395	0.717888364	0.089629515	0.734672673	0.688974935	0.57677275
0.809686003	0.699138524	0.582132924	0.788642021	0.229986035	0.443502057	0.152854634	0.599322922
0.8537913	0.742488343	0.571272328	0.213210469	0.26284222	0.458102547	0.869523741	0.606631106
0.814964213	0.759894131	0.633521588	0.584737585	0.14066443	0.511423161	0.584299182	0.585462977
0.80343341	0.78378928	0.589135148	0.577292456	0.307371561	0.261751348	0.720651522	0.681673694
0.87704173	0.726628851	0.590791367	0.89185951	0.050106331	0.650090193	0.610628884	0.583744117
0.805669792	0.715644448	0.658316925	0.223354244	0.180268736	0.709408808	0.566285113	0.572555497
0.834136785	0.773987077	0.660098235	0.471272149	0.258805185	0.60806346	0.970114237	0.673768177
0.749588311	0.772518496	0.690648813	0.541380805	0.076433728	0.438415533	0.192036484	0.683659246
0.769227127	0.737340932	0.653032747	0.323739821	0.181224209	0.73278633	0.529407306	0.603073782
0.923291204	0.789254683	0.681492411	0.681355689	0.26381554	0.598274886	0.029315298	0.600446741
0.847650479	0.689372415	0.594260211	0.5256866	0.375971035	0.665089116	0.772919732	0.577509244
0.795673724	0.7207061	0.639613091	0.884085144	0.200498227	0.383856975	0.772563495	0.707527827
0.859161537	0.773948231	0.660636401	0.687813847	0.414118077	0.457983973	0.35411156	0.673515537
0.859519799	0.703898035	0.642289971	0.599590378	0.164895414	0.562707135	0.423032811	0.630909848
0.743423495	0.772844383	0.668371958	0.882056728	0.136720078	0.688383679	0.517556768	0.622162013
0.867606884	0.713175155	0.54873984	0.209275098	0.252162294	0.20450909	0.095069853	0.695692227
0.825174192	0.794748511	0.609710792	0.70140399	0.354837348	0.219635288	0.816399457	0.612069425
0.767013672	0.758442967	0.693746288	0.682566143	0.071970684	0.735800342	0.613700406	0.661151132
0.830962355	0.602883738	0.586923709	0.705192491	0.129746097	0.754394075	0.652320239	0.616942506
0.87438293	0.807198379	0.569958448	0.529672613	0.105949374	0.209587923	0.641776005	0.582643801
0.889496016	0.754494283	0.651016743	0.484661626	0.342919019	0.591980668	0.40077869	0.606286898
0.856364087	0.717631858	0.572309467	0.498428324	0.013097776	0.499565054	0.379744288	0.604932311
0.832538862	0.748097489	0.632249109	0.320236208	0.389397005	0.560254624	0.191130517	0.628444505
0.764040458	0.781882077	0.59867213	0.684084291	0.34479786	0.789895184	0.891332643	0.667615535
0.803851003	0.739040859	0.601695699	0.38605556	0.314045846	0.381623741	0.914824599	0.63420989
0.865105901	0.804728471	0.640508568	0.34396785	0.097971619	0.501287848	0.344942792	0.592228304
0.972286181	0.817733239	0.593831221	0.469315224	0.406934057	0.258457377	0.511141742	0.632472036
0.769319184	0.787774732	0.648006352	0.804702169	0.263898913	0.734938879	0.70185297	0.640704272
0.85062507	0.722421431	0.684559293	0.495503627	0.217556309	0.632109828	0.861366694	0.661223011
0.78407591	0.774483099	0.587349414	0.342667937	0.106057517	0.612707596	0.875316507	0.696554475
0.809499654	0.724655272	0.618885627	0.727952649	0.327306637	0.405924738	0.268245229	0.66545125
0.798191498	0.691804509	0.668799499	0.216683002	0.299796412	0.26945255	0.840678374	0.542654219
0.85756675	0.764658776	0.626283976	0.522831602	0.131162784	0.215618272	0.734106148	0.661484776
0.812294929	0.758375727	0.655276221	0.802164089	0.140805685	0.627746745	0.449164388	0.632417526
0.767868552	0.784261264	0.591661575	0.750020706	0.211795219	0.54542391	0.656325509	0.605743781
0.805527003	0.70592729	0.670625209	0.690224686	0.405877925	0.523907258	0.375443412	0.586792049
0.857109075	0.690125763	0.644740492	0.721483268	0.137452888	0.785640274	0.466983794	0.639044548
0.90512457	0.74828825	0.585034029	0.740400375	0.323827371	0.554338211	0.032103641	0.645962782
0.935533932	0.777961936	0.5840047	0.648608437	0.299217874	0.323091848	0.004566437	0.600268813
0.780450959	0.733727833	0.510126474	0.463633284	0.05185825	0.410140346	0.146075191	0.690340997
0.824067129	0.769112214	0.616168685	0.232467245	0.262556877	0.770045505	0.67435283	0.654394932
0.766561697	0.795120876	0.564902874	0.895389481	0.182987176	0.741695295	0.134059083	0.641538015
0.836460941	0.720422272	0.670018242	0.81323778	0.398825044	0.622398319	0.681203598	0.628509781
0.766946745	0.716319444	0.629703533	0.406834955	0.275451047	0.728860945	0.685827491	0.655973831
0.879627481	0.733504347	0.617507492	0.327030814	0.428759617	0.642323501	0.886673725	0.670166823
0.080621293	0.133629886	0.35250505	0.43855508	0.13453485	0.321696026	0.737183526	0.155369055
0.040480702	0.137675243	0.402297553	0.598806973	0.167699097	0.76141207	0.054406116	0.091289068
0.262643422	0.148045113	0.140005926	0.432386303	0.205291952	0.69555754	0.159041915	0.148327452
0.205935501	0.06440421	0.027617187	0.516085248	0.126330014	0.711793614	0.024856674	0.141148945
0.224796641	0.080449815	0.117639627	0.740765984	0.101053043	0.269330041	0.314590338	0.156371323
0.185091802	0.084117064	0.378532699	0.865056492	0.178802355	0.673908793	0.723251721	0.113725226
0.17808663	0.107420372	0.377834966	0.644200201	0.106265394	0.360424928	0.521487565	0.139731064
0.170992161	0.234301379	0.000190156	0.472398812	0.132254	0.338387627	0.766585239	0.170882864
0.198444369	0.195938349	0.241703151	0.821268209	0.190319446	0.775670816	0.697430871	0.041250571
0.216516197	0.086803889	0.333170463	0.901761197	0.108785862	0.742888584	0.873618548	0.089051059
0.112426195	0.052999329	0.19814687	0.568055869	0.071205065	0.464488157	0.406035415	0.051653736
0.13176864	0.158112743	0.328107669	0.647913172	0.080564355	0.39563311	0.352565177	0.118448828
0.197101707	0.150343609	0.411415308	0.668875239	0.110770807	0.19619092	0.749549487	0.099129137
0.227937001	0.181556929	0.395792451	0.672265199	0.072297683	0.540277438	0.198113125	0.148792713
0.162283289	0.234460626	0.354510583	0.477055172	0.159486751	0.547145763	0.120533854	0.199844225
0.084662118	0.115248681	0.045093258	0.53987962	0.155799088	0.739995042	0.613642019	0.158686231
0.225450044	0.058239316	0.14403918	0.447507806	0.120315378	0.534140892	0.267746638	0.147021949
0.217073413	0.129285643	0.234823335	0.716458495	0.186632894	0.604756085	0.944044819	0.185093767
0.194774334	0.004404016	0.029129797	0.279324952	0.182217422	0.642122034	0.080325715	0.176489073
0.175756221	0.146528881	0.277581802	0.734594379	0.159637211	0.77460293	0.742115137	0.152415835
0.200391093	0.160643224	0.375228914	0.817380723	0.085588435	0.298601588	0.342338822	0.081195467
0.13034503	0.095443478	0.132927464	0.480736447	0.098090625	0.528569444	0.871905097	0.097050827
0.191776477	0.10208102	0.181834736	0.224437043	0.152714103	0.739039609	0.978187484	0.132517565
0.197898715	0.061795723	0.205256389	0.707143507	0.052276549	0.529219316	0.368605722	0.184168159
0.144144781	0.081087296	0.068583249	0.64358548	0.163779467	0.402862049	0.192731871	0.148677229
0.221005365	0.122976663	0.37630706	0.262892531	0.13878225	0.260813942	0.172237269	0.152562213
0.165936983	0.105558266	0.328659344	0.675243008	0.2090644	0.538198166	0.086192351	0.114112078
0.140479419	0.140587057	0.392252079	0.495231766	0.132808793	0.466215201	0.304475834	0.009876032
0.197392406	0.114599472	0.312499068	0.192132977	0.130972738	0.798599516	0.147343799	0.045262507
0.168924033	0.112020929	0.181784306	0.578358262	0.183289679	0.213968069	0.526670595	0.11511911
0.09036484	0.071934992	0.038532552	0.235088049	0.100639207	0.594462971	0.304058332	0.143812166
0.179863863	0.13421006	0.361916969	0.8633469	0.199382061	0.208291614	0.696787753	0.145607568
0.096711798	0.146810909	0.248169783	0.408374031	0.086689687	0.345664208	0.188948113	0.157349128
0.145815052	0.182525904	0.146574603	0.388415802	0.090148202	0.28161659	0.286522522	0.108618418
0.123622089	0.161702226	0.384430117	0.746684282	0.157688668	0.634755359	0.042879131	0.074487976
0.137272489	0.080659791	0.242737077	0.953520962	0.098489539	0.552738281	0.415041718	0.106038504
0.249563626	0.103065276	0.173572419	0.806664368	0.087476193	0.407252513	0.549424138	0.088293736
0.218520095	0.167597319	0.057377898	0.949432445	0.170774737	0.693584657	0.621375818	0.115765022
0.213816698	0.078881616	0.12227627	0.669211412	0.158020828	0.45638271	0.79509832	0.067390608
0.129368917	0.105710622	0.275141744	0.931510398	0.128194681	0.758791893	0.674597497	0.128203295
0.155346424	0.069770526	0.091764162	0.567168023	0.147992745	0.640462749	0.704081319	0.123548144
0.250438739	0.113311021	0.301431077	0.562108565	0.11298449	0.306423299	0.721627785	0.162196357
0.139974921	0.170826505	0.395975283	0.636846995	0.217320774	0.496347664	0.405965247	0.115575073
0.178330992	0.146863381	0.070122849	0.34713812	0.154688261	0.66762255	0.931477583	0.079701092
0.111551544	0.092054352	0.001861533	0.55830134	0.156633533	0.607559458	0.310209955	0.124770839
0.25942295	0.113278156	0.224421092	0.196635939	0.172074518	0.328125742	0.646713427	0.148963561
0.176948368	0.111293562	0.214704847	0.253017449	0.109819844	0.39897289	0.128179096	0.103838128
0.182448337	0.071819065	0.396500718	0.701970955	0.088147467	0.41509271	0.929441621	0.132909522
0.142392544	0.076618683	0	0.8720577	0.12880355	0.345948618	0.026791795	0.199004634
0.163153009	0.140266723	0.312469777	0.957377045	0.147386636	0.24204934	0.894005814	0.129057021
0.174242572	0.162105058	0.358826669	0.470351275	0.123056148	0.528237199	0.875306202	0.17654727
0.163913185	0.077561288	0.186297346	0.579824994	0.109606531	0.591772057	0.526918294	0.148412813
0.224448238	0.092891935	0.087218069	0.199467609	0.175216423	0.243680051	0.840710609	0.126094773
0.154864847	0.131964746	0.331735879	0.593516494	0.121690025	0.725045761	0.290147014	0.169996004
0.150863488	0.081754407	0.412507584	0.308670471	0.140469805	0.474123679	0.460967992	0.147757026
0.13445217	0.181347562	0.165164358	0.230598967	0.131698823	0.237101542	0.350970007	0.144544953
0.161596943	0.216530918	0.172563729	0.766034666	0.127275199	0.632980858	0.398113243	0.08976214
0.200162212	0.019261655	0.064507557	0.914965529	0.152444752	0.325812917	0.829387247	0.139806265
0.177800282	0.054582199	0.36737786	0.813142493	0.2002796	0.486951648	0.825037361	0.117427101
0.143794725	0.19329103	0.406653801	0.234473467	0.122076022	0.675108001	0.402943866	0.152035244
0.233595281	0.112467417	0.274606361	0.925389105	0.105840404	0.291910353	0.381837884	0.199981203
0.185364633	0.082682696	0.28210843	0.702036586	0.178817753	0.459546617	0.578851698	0.118673716
0.219916357	0.169958202	0.377095303	0.977099985	0.056468023	0.74608331	0.320556914	0.118772535
0.209570065	0.107657048	0.123185899	0.896746172	0.064867461	0.478688007	0.463986431	0.137129286
0.054161325	0.162333774	0.217047359	0.398694969	0.116562419	0.717159772	0.903162851	0.116211451
0.015650882	0.139439915	0.157183926	0.278228354	0.160966453	0.198218334	0.795732405	0.15047454
0.184490408	0.048432268	0.391709109	0.554300284	0.087617993	0.550337163	0.686522086	0.089034031
0.134401118	0.079402591	0.264249335	0.415956185	0.131635098	0.683765123	0.757710931	0.100869946
0.171637883	0.055112257	0.144061359	0.346968614	0.09364076	0.476515481	0.41289315	0.127455725
0.171466396	0.115216273	0.083648304	0.538637429	0.104944373	0.768869822	0.869301147	0.079538359
0.14886161	0.145634286	0.362910068	0.962743867	0.162888131	0.416189339	0.264217785	0.052755051
0.276078909	0.156141883	0.326787702	0.446798616	0.061757593	0.293791542	0.889383083	0.141670566
0.210384274	0.079551069	0.368512418	0.890744855	0.043157507	0.514035766	0.367905408	0.131686423
0.192652512	0.108247485	0.387362191	0.224005078	0.092475805	0.414028779	0.820147794	0.122312269
0.196198733	0.117925634	0.256489575	0.214837081	0.106254666	0.422212434	0.301502168	0.061729247
0.067789142	0.107929092	0.190940897	0.264080456	0.078267654	0.721372704	0.135841892	0.053190735
0.181744151	0.166312849	0.004808005	0.501680738	0.140771612	0.616257805	0.538644335	0.128820361
0.173715572	0.071950873	0.396646622	0.630281796	0.137300719	0.242535856	0.780864252	0.189569094
0.250442253	0.124057196	0.272776779	0.576493437	0.137648634	0.703117882	0.71723314	0.111178875
0.175249969	0.135509637	0.348513006	0.34563015	0.208931031	0.59775235	0.851150976	0.130218855
0.21311838	0.12112146	0.107351655	0.797087845	0.166675276	0.344154987	0.510863784	0.198486285
0.218601402	0.131633915	0.016682227	0.616362558	0.207799158	0.754619712	0.228102123	0.106951109
0.063824087	0.124986099	0.045077433	0.82534908	0.068482874	0.321118031	0.442404811	0.141469221
0.15459404	0.14068309	0.299602719	0.355639332	0.10325864	0.213798513	0.632774547	0.108219771
0.267035219	0.067906937	0.21467987	0.44116065	0.182436685	0.466886621	0.965028166	0.081188289
0.106481619	0.034603038	0.006965184	0.56011192	0.020687779	0.294324237	0.047644115	0.077726865
0.137178569	0.17936375	0.175715439	0.633534344	0.082822618	0.550108198	0.864970079	0.15635727
0.130311466	0.216954071	0.105043023	0.195719545	0.156431293	0.564876331	0.651532606	0.124344073
0.155026818	0.081234453	0.313330906	0.605436649	0.171258804	0.465700749	0.928679668	0.130298939
0.159817597	0.057231861	0.303958984	0.431800657	0.136964405	0.794265336	0.340685051	0.161785398
0.159303884	0.116340637	0.105397596	0.531023374	0.197613862	0.499054258	0.626244594	0.198956993
0.135531158	0.164063923	0.144802326	0.565333652	0.104801009	0.54786868	0.914436533	0.136231883
0.20725733	0.073907641	0.054118715	0.370765934	0.199074173	0.400459785	0.181437964	0.127876939
0.146376701	0.105409757	0.10823872	0.695268097	0.071914325	0.528878993	0.96572015	0.114026635
0.277019713	0.206489572	0.134085519	0.221780744	0.171442988	0.289318789	0.327499414	0.159989189
0.180171966	0.082011173	0.412005423	0.83337209	0.13415497	0.228698683	0.467562971	0.121782408
0.130771137	0.054698272	0.387806574	0.196618006	0.095988692	0.754885448	0.02417044	0.081088688
0.20504104	0.108165243	0.05584294	0.958410167	0.059611586	0.244031414	0.985701751	0.045963635
0.27515537	0.123698151	0.123070198	0.503519633	0.091850552	0.538440765	0.756299256	0.12384471
0.175331751	0.21181495	0.173597311	0.417096898	0.128101001	0.645713359	0.954038659	0.17608155
0.225593736	0.136022759	0.170164433	0.74722954	0.122534833	0.548967757	0.323481629	0.170216686
0.140663809	0.167288669	0.043155738	0.886411763	0.179891939	0.190444607	0.522194407	0.12311921
0.220250172	0.093590258	0.373361227	0.734503418	0.148806665	0.636640138	0.27974586	0.123606376
0.216901975	0.086731258	0.259447187	0.761413229	0.092752561	0.395545497	0.573412167	0.092314443
0.17381911	0.133640903	0.228570911	0.53237788	0.116432472	0.759289065	0.070302105	0.109197651
0.182483372	0.198704349	0.139105886	0.736596505	0.118442719	0.644101105	0.325316874	0.114259807
0.19483109	0.097212022	0.211986098	0.623073202	0.186873931	0.294669365	0.121343526	0.115170525
0.149109242	0.138534459	0.107296539	0.327699651	0.136751074	0.506909703	0.748366364	0.05458877
0.038379936	0.112978104	0.292240208	0.303449388	0.171596082	0.180354351	0.901623328	0.128685892
0.164235889	0.252809748	0.094555541	0.281932078	0.19211036	0.199885991	0.420248656	0.097913973
0.189950853	0.102845303	0.09165024	0.837156975	0.128937499	0.333858347	0.544561378	0.070321752
0.191951144	0.161538146	0.357591358	0.588095879	0.142894552	0.746399936	0.28205338	0.153686964
0.141018117	0.118109703	0.271909582	0.427435196	0.101023137	0.2836266	0.252633072	0.16234737
0.082532823	0.155536765	0.085813951	0.941957684	0.223853029	0.490892903	0.68486187	0.163327098
0.121974072	0.114686709	0.12815332	0.844388335	0.15905325	0.396019744	0.339250237	0.13639572
0.11164741	0.114132074	0.137057048	0.706634512	0.142890752	0.319035397	0.156188215	0.103588144
0.108655796	0.152804481	0.341537208	0.510324979	0.132253706	0.741290994	0.877508334	0.170160845
0.129762521	0.191721658	0.136361885	0.485966226	0.093009271	0.535867047	0.555700493	0.108154767
0.114486252	0.104305119	0.263430486	0.945660621	0.170724776	0.488762157	0.642261641	0.171620851
0.215286464	0.113536838	0.076256313	0.307572184	0.101041956	0.699679371	0.527430682	0.163974632
0.173203098	0.152415093	0.152786609	0.493058571	0.106805626	0.658605784	0.283218732	0.10693503
0.151680959	0.15069663	0.321030465	0.243366412	0.122742926	0.437473674	0.15720156	0.114520676
0.132418099	0.114136558	0.392945627	0.837623105	0.135939934	0.614891794	0.383323704	0.119607569
0.128296957	0.191171131	0.313328787	0.267715115	0.155247231	0.197408311	0.130959793	0.171813019
0.12238986	0.078787119	0.184772658	0.921818392	0.210865555	0.690801087	0.40964172	0.105873533
0.131230447	0.151562708	0.336470748	0.516518715	0.176636022	0.504008827	0.0990319	0.143731654
0.069459775	0.151578003	0.006646662	0.247708935	0.067444048	0.620400284	0.926731159	0.202484119
0.092435423	0.226542224	0.266825167	0.978367606	0.199201442	0.55354926	0.78193772	0.044854112
0.175832406	0.163103698	0.307853918	0.854089482	0.13666625	0.581151622	0.034957553	0.0715938
0.154560334	0.153220899	0.349163529	0.8535889	0.173997203	0.540464975	0.273349012	0.144743365
0.065670305	0.167917185	0.348777205	0.359630371	0.153733698	0.735068747	0.7229141	0.196948013
0.145584452	0.086894315	0.061212393	0.83880315	0.106787763	0.2229245	0.784554822	0.15209689
0.171248185	0.125630291	0.402325073	0.26359694	0.153045355	0.600717626	0.696333942	0.173335474
0.080826642	0.178312655	0.001764567	0.41488715	0	0.23686268	0.113224158	0.166189
0.14811907	0.172331939	0.346602657	0.653876579	0.174727276	0.797912377	0.438669497	0.132218668
0.184991376	0.181829359	0.104369554	0.96920393	0.108459111	0.409534461	0.117846513	0.182365599
0.209579809	0.158743938	0.201968304	0.434683731	0.121407428	0.600643285	0.505188114	0.111496778
0.096053316	0.117954927	0.20123147	0.282996607	0.097561408	0.678845207	0.87059001	0.116899776
0.186243229	0.188640488	0.364950529	0.984090063	0.166778965	0.741090922	0.566384623	0.074424766
0.08388766	0.194057063	0.364472519	0.387772938	0.140048175	0.452698513	0.73465913	0.083925334
0.290004284	0.149588744	0.266991012	0.337183821	0.098018316	0.612148065	0.106065471	0.158663128
0.253029433	0.053984949	0.33344901	0.536883003	0.058387638	0.736497529	0.007478269	0.156678634
0.168236555	0.124283926	0.089333261	0.314048466	0.122615057	0.789377668	0.956696518	0.152431221
0.10137001	0.125895276	0.068856475	0.268981065	0.096967545	0.233832432	0.133530334	0.056466184
0.30979457	0.092613468	0.228092829	0.408545977	0.141543293	0.599188804	0.159430308	0.140779313
0.175383511	0.160463817	0.385998335	0.838384137	0.21578491	0.636141726	0.661775689	0.170763691
0.209494879	0.12431335	0.044967863	0.210918828	0.176617023	0.608168285	0.312675924	0.068891841
0.207731958	0.094242913	0.114742009	0.760008988	0.165774756	0.367163384	0.018426606	0.222378979
0.242016608	0.107852444	0.200460351	0.744486753	0.190079234	0.508916469	0.840042701	0.209968298
0.331090488	0.196344326	0.244217199	0.501531975	0.139462615	0.254235473	0.330965939	0.179846326
0.092353367	0.123996544	0.372682256	0.687543113	0.133490007	0.179018455	0.351248606	0.166136378
0.127086885	0.182522794	0.247072258	0.241098157	0.158192021	0.625834187	0.501131064	0.141050243
0.282765357	0.070476589	0.380489199	0.690810024	0.192303906	0.57481284	0.733103938	0.136392305
0.056786697	0.155543039	0.258527768	0.809888124	0.151329632	0.503669119	0.654863338	0.144836391
0.157705102	0.094888993	0.072621992	0.901519973	0.109234941	0.308473687	0.572341949	0.11320742
0.193925686	0.186655328	0.215948407	0.541812783	0.13620901	0.58171158	0.437572199	0.141389636
0.168284895	0.14535578	0.220621238	0.8488445	0.102993555	0.705608756	0.754371648	0.104459654
0.143392266	0.11849577	0.046841347	0.310628439	0.121159797	0.657287733	0.784601503	0.153728593
0.218808423	0.137790527	0.350607673	0.200817319	0.085962742	0.619847022	0.079269077	0.113601344
0.221873324	0.168007661	0.12868194	0.732580851	0.066540318	0.466336558	0.581762374	0.053493125
0.180859578	0.145238053	0.097053102	0.897432691	0.120402881	0.370326851	0.376728741	0.117045007
0.241529417	0.176572166	0.120413458	0.917099178	0.076563591	0.294525658	0.068461217	0.06474658
0.137371032	0.15705557	0.084031073	0.737241506	0.23348184	0.744021439	0.694825582	0.092136914
0.160511894	0.133148434	0.125450093	0.624807965	0.098671298	0.588173019	0.223804477	0.178199995
0.077572428	0.117907798	0.071284907	0.559093079	0.064631091	0.792221189	0.098028947	0.149580913
0.152810227	0.138761547	0.240588579	0.972816013	0.124087688	0.700972813	0.347329837	0.084543685
0.142287132	0.130219841	0.038645381	0.380450164	0.189482393	0.606332372	0.892939392	0.209624051
0.142446759	0.11303163	0.052161527	0.327572251	0.054147698	0.791566751	0.697115574	0.174522801
0.215157936	0.137384088	0.030853077	0.349020626	0.118879852	0.426767038	0.810047562	0.126300393
0.17070733	0.108253793	0.376751398	0.6794144	0.170621632	0.423125417	0.862993591	0.134568167
0.137413087	0.028764869	0.219451825	0.21781754	0.087929013	0.337795828	0.022139779	0.127968819
0.191596801	0.089126619	0.193757825	0.260411225	0.075560096	0.51771289	0.109567387	0.105394615
0.189623489	0.135723998	0.251123168	0.733896472	0.125433934	0.721694303	0.046204807	0.152061996
0.137102161	0.141540752	0.217328453	0.961786003	0.10246045	0.649366162	0.798223983	0.226334975
0.223390276	0	0.247613771	0.227129761	0.111027144	0.55659144	0.715446564	0.068928835
0.197372994	0.104218539	0.260709765	0.322607362	0.01113471	0.205071872	0.446770383	0.151398856
0.167105915	0.115027158	0.275109576	0.908693562	0.089694536	0.304375826	0.159642804	0.208995376
0.122549367	0.147474406	0.356016202	0.649316956	0.10295061	0.30735523	0.188199084	0.151756965
0.21132009	0.124041498	0.197058882	0.778532933	0.101499467	0.4492034	0.859482963	0.054948244
0.102872086	0.029754309	0.017138231	0.848785516	0.15000332	0.322816792	0.153559269	0.085393863
0.229080974	0.13588272	0.274038195	0.220519405	0.122834607	0.788515504	0.656058888	0.131600678
0.168487784	0.083982385	0.086972237	0.445102594	0.132043991	0.732575472	0.777562843	0.194504632
0.139706848	0.136791373	0.363864108	0.344199148	0.160999873	0.477567613	0.333202174	0.126572133
0.125476034	0.102155471	0.021915227	0.834775217	0.17578456	0.212538796	0.038896672	0.125883788
0.227343022	0.130390091	0.237269764	0.958916098	0.14025264	0.774737126	0.471960407	0.159205228
0.204489665	0.116568031	0.154808923	0.557283474	0.110218861	0.645395797	0.633011082	0.146317816
0.201216717	0.041592124	0.241294515	0.862343897	0.190395578	0.786487758	0.323396953	0.13557714
0.127437016	0.161253025	0.069713812	0.935109656	0.087486806	0.605815083	0.586017428	0.136957539
0.171815072	0.052608424	0.026326554	0.406441919	0.151926383	0.462316197	0.591618618	0.135056683
0.034416232	0.090674324	0.035947939	0.660702176	0.158810985	0.204785479	1	0.070332171
0.169656932	0.102309351	0.078309775	0.741454877	0.186299328	0.219021013	0.825982225	0.204219524
0.084074729	0.117492309	0.02834203	0.229630131	0.113736375	0.709096742	0.206528756	0.05631371
0.144111671	0.172051098	0.298033356	0.905798982	0.080092542	0.791052365	0.841658395	0.063028072
0.124407943	0.17916005	0.08370981	0.782909583	0.078775645	0.572220323	0.353005608	0.130491165
0.126450568	0.181619561	0.199024174	0.578123368	0.142441862	0.578304049	0.486965258	0.113548835
0.11717697	0.153747521	0.264397112	0.601291201	0.177695735	0.478603549	0.410136128	0.146740034
0.233925739	0.113021731	0.016191875	0.402192044	0.104161885	0.481736479	0.764109733	0.126474002
0.13695744	0.17338347	0.004735844	0.45719264	0.191571447	0.490756209	0.184041737	0.073466279
0.17815994	0.063513969	0.137950997	0.819590939	0.114901945	0.506522143	0.88493796	0.1205084
0.231139338	0.12921762	0.193605978	0.550294226	0.143625138	0.249912531	0.165120693	0.139362904
0.238834769	0.100605066	0.153641426	0.884758563	0.185430243	0.723989004	0.825416256	0.14961354
0.23085601	0.132491202	0.213242712	0.840114113	0.067429529	0.467137568	0.473241562	0.135838326
0.144517288	0.10596029	0.028219666	0.53092281	0.111738693	0.505243654	0.830823615	0.128734792
0.058422231	0.090160027	0.031683253	0.594996054	0.128530002	0.362253521	0.811958049	0.146120412
0.112298318	0.069733076	0.171703771	0.874855985	0.132294753	0.234731805	0.764117068	0.162870999
0.089763663	0.116682463	0.294742828	0.224991036	0.110629297	0.328798256	0.10236716	0.066821964
0.168731516	0.07722401	0.186723071	0.377185064	0.127141856	0.459817568	0.494540719	0.114497387
0.236566877	0.127135362	0.271516596	0.667308499	0.138506703	0.536619554	0.220138896	0.140241147
0.210442665	0.11975184	0.350975834	0.831149401	0.150076338	0.24603556	0.016790932	0.167368892
0.180356885	0.110169455	0.012291452	0.527145953	0.07190178	0.748881369	0.696179873	0.154860442
0.198244355	0.178744395	0.011139668	0.717234845	0.148539419	0.252693719	0.518651065	0.172796342
0.222056974	0.154324247	0.402363975	0.73411659	0.160799077	0.434049955	0.733131505	0.07885694
0.25309632	0.086538671	0.143427884	0.250249168	0.10981496	0.267365407	0.576004666	0.133923644
0.25382378	0.129452615	0.316992101	0.287525968	0.15577945	0.532712865	0.247846407	0.105424029
0.154888897	0.16295986	0.284217339	0.257767311	0.220101767	0.451428211	0.031683698	0.20218768
0.191062978	0.07297775	0.363030509	0.473159651	0.131767938	0.552212825	0.775515007	0.081875443
0.116331578	0.157760414	0.382850705	0.233451309	0.120894584	0.464361222	0.065832755	0.172674567
0.112372131	0.090494734	0.144604056	0.200974279	0.055658223	0.482368942	0.886373699	0.129045234
0.224523359	0.128733992	0.309400448	0.694078268	0.103282919	0.310692365	0.106633965	0.137621464
0.127575954	0.186353379	0.268532446	0.655097159	0.057593721	0.435141708	0.559480012	0.110872626
0.208050017	0.035229041	0.02155839	0.335730932	0.031458316	0.467691935	0.46241269	0.132645731
0.226155934	0.112040607	0.113744042	0.53328534	0.073469035	0.4460407	0.382239997	0.042706451
0.05124528	0.224064362	0.129663093	0.922361991	0.100696927	0.542693106	0.068033376	0.11325417
0.229961774	0.084538137	0.055558886	0.447156662	0.124348133	0.412754305	0.296543856	0.108698148
0.146374236	0.115702958	0.396001	0.939842944	0.136597122	0.194976178	0.895599015	0.066567259
0.106649082	0.141431565	0.084884363	0.855315079	0.101572382	0.676437811	0.833257857	0.076682811
0.184195397	0.144463788	0.092252191	0.250491122	0.188243477	0.349586872	0.306013738	0.128914537
0.221983411	0.184200324	0.209753289	0.233661676	0.103622145	0.785109639	0.538504193	0.087265747
0.147049087	0.082602702	0.120197843	0.348923441	0.131187607	0.726443546	0.769978935	0.047325115
0.083063205	0.158633087	0.19383567	0.878825722	0.005831132	0.567659651	0.423458114	0.119791081
0.188859051	0.125228539	0.306773452	0.544696002	0.182902869	0.759398909	0.080353128	0.205894836
0.171307148	0.111438083	0.371704654	0.448156874	0.204696425	0.211138536	0.399838661	0.203666777
0.199636806	0.134562342	0.265571672	0.712900898	0.143536725	0.339324606	0.991238058	0.014752683
0.262339766	0.245154136	0.312037781	0.497210263	0.131277724	0.29153201	0.0135509	0.13015574
0.108086089	0.159968345	0.040132366	0.904011575	0.111808993	0.707643826	0.602426744	0.127256871
0.24027929	0.142936798	0.186875302	0.249179083	0.089546986	0.384227299	0.389967756	0.103774499
0.220095077	0.117255355	0.341902539	0.847996897	0.10645454	0.690054256	0.946292265	0.183193454
0.142326113	0.134043239	0.348660704	0.821436922	0.138574034	0.384526485	0.067535921	0.117560397
0.237488997	0.188792559	0.016510269	0.533702945	0.205426816	0.264715799	0.568134226	0.193671481
0.242491575	0.079345938	0.400029214	0.823831372	0.09869284	0.363676501	0.646836279	0.188126823
0.19500866	0.079030889	0.396318675	0.646720684	0.099098873	0.263938204	0.971213724	0.110461287
0.188597421	0.095989393	0.193106377	0.596046718	0.167003989	0.379786709	0.058404941	0.160200837
0.114633078	0.10581687	0.066396533	0.300556295	0.174447547	0.294366108	0.46721973	0.067044941
0.214046654	0.145140732	0.064697877	0.933562516	0.247151075	0.524414154	0.388712499	0.163350143
0.209476202	0.1097289	0.002561157	0.605900501	0.140189501	0.479366035	0.74462668	0.191770812
0.123914094	0.088451746	0.068997179	0.889204249	0.13260512	0.223442092	0.360363804	0.185219917
0.068036191	0.100874719	0.250147671	0.856389018	0.147454498	0.290648379	0.564408733	0.174220299
0.145702653	0.088295291	0.306430052	0.583560524	0.113113866	0.734781898	0.959762047	0.087602198
0.1140318	0.100540487	0.26397101	0.294730915	0.160413638	0.472147857	0.008447154	0.173363971
0.169322676	0.21208131	0.04417822	0.369355558	0.096774537	0.33856069	0.702276602	0.165946234
0.542073995	0.793191921	0.866502157	0.591119746	0.87523204	0.830748815	0.135885142	0.927277265
0.061262864	0.787669168	0.879805682	0.954829433	0.918998077	0.815751446	0.54483349	0.867972649
0.040392173	0.636997515	0.91104165	0.570291958	0.931061057	0.880906033	0.635871048	0.91602578
0.563043672	0.956510267	0.917950855	0.38447551	0.818899231	0.861848102	0.98096187	0.845245879
0.462472226	0.518337274	0.856690527	0.883441036	0.945139244	0.91745127	0.661758066	0.874190947
0.192530167	0.595749132	0.773336838	0.964353584	0.900957911	0.874836032	0.693326516	0.841876953
0.157408164	0.516904506	0.921321894	0.19545298	0.869265914	0.958105088	0.202302551	0.878546662
0.065187529	0.484096087	0.941179991	0.958638233	0.911651631	0.962500463	0.838472063	0.901190153
0.402706037	0.682024567	0.840157676	0.810355146	0.880988439	0.862823153	0.738110781	0.862934306
0.399501549	0.643885813	0.825367414	0.713722114	0.894604532	0.870681066	0.773468978	0.835301648
0.318799381	0.675467741	0.87648154	0.301778768	0.882653029	0.856602449	0.049832531	0.849547982
0.307510942	0.613122026	0.88955601	0.679915066	0.915998171	0.918871741	0.612069487	0.842011887
0.562119643	0.909900819	0.924498815	0.569399314	0.953486712	0.934962673	0.924043299	0.846201234
0.233484761	0.922714173	0.835523294	0.562068652	0.948671764	0.911884397	0.043754085	0.936941952
0.449401483	0.777063833	0.872479759	0.742588729	0.933221205	0.93583617	0.840737854	0.930894164
0.419297182	0.648029515	0.860666168	0.815134847	0.949546174	0.845085089	0.96274284	0.861206308
0.141022114	0.642245391	0.936717396	0.465257656	0.909859222	0.922863702	0.057116964	0.889163433
0.26257538	0.8631439	0.837093019	0.264484659	0.864776725	0.854899716	0.919333551	0.942989749
0.290507608	0.579835116	0.851127407	0.844924978	0.997024836	0.822382077	0.367826178	0.85548553
0.447147588	0.763748598	0.833327893	0.320550012	0.830626338	0.876968476	0.822188276	0.815692314
0.1831279	0.787004164	0.947835392	0.46464786	0.925343947	0.949679299	0.775498824	0.818661212
0.35743216	0.595435766	0.792206315	0.496947669	0.857202442	0.908059271	0.893865338	0.922488364
0.337984962	0.608754764	0.877346027	0.436995952	0.913033524	0.934787967	0.443089141	0.8864434
0.056367144	0.974572009	0.870805425	0.773834456	0.939548897	0.940959855	0.117765731	0.889541863
0.45508535	0.727735166	0.871932569	0.244464151	0.924963012	0.823121885	0.540952304	0.914895986
0.140587925	0.954486837	0.846624032	0.251147569	0.894277178	0.836357609	0.892871091	0.853675795
0.262133151	0.681533074	0.8171769	0.548827862	1	0.890285502	0.196097502	0.876324816
0.287205213	0.9104441	0.85577671	0.719960087	0.840780358	0.788177529	0.188472033	0.875232981
0.380097917	0.581387202	0.873919234	0.42562099	0.825944633	0.875526857	0.868455562	0.929343322
0.505984697	0.694346647	0.944687238	0.460172647	0.862794483	0.910370916	0.760021785	0.93243774
0.182177032	0.778145835	0.901239144	0.416854487	0.863188646	0.882815883	0.552833342	0.878796682
0.121312829	0.91377318	0.880424999	0.754927203	0.891251616	0.917022408	0.450008748	0.802739624
0.12076897	0.819314243	0.794355845	0.422839858	0.884705885	0.901827999	0.023996542	0.867685868
0.105616619	0.573084504	0.860474626	0.826961273	0.886161213	0.868396138	0.78852036	0.86893829
0.423783447	0.915347292	0.847954554	0.288445407	0.880880924	0.887907501	0.925689173	0.898329905
0.162103867	0.492516156	0.915951391	0.84400148	0.85974225	0.914777889	0.850776385	0.873703771
0.49871394	0.828754088	0.916188487	0.3233894	0.911185248	0.808578042	0.525746599	0.918456769
0.053874868	0.726596575	0.907979497	0.877027412	0.822294158	0.920776593	0.939308118	0.925071974
0.135019062	0.891623345	0.822318563	0.864845767	0.902267122	0.874327265	0.411218712	0.93411919
0.310816832	0.649439146	0.894664969	0.850865983	0.959569909	0.961271165	0.550875288	0.870843213
0.024876528	0.924852762	0.893270086	0.807178723	0.878625665	0.858940606	0.594485985	0.802292974
0.147922166	0.522933157	0.846947482	0.945941402	0.884090347	0.759932103	0.270898206	0.903278997
0.012349557	0.793839744	0.916989858	0.739371179	0.979187636	0.777628592	0.918822198	0.885251278
0.066171246	0.6389095	0.760077131	0.376865839	0.827316981	0.750616877	0.344241489	0.865469035
0.24504339	0.91873787	0.807474245	0.449646694	0.881163347	0.862611943	0.795528155	0.95360347
0.192327383	0.658432352	0.81979939	0.324544402	0.912337516	0.861128293	0.399736145	0.944917172
0.104578209	0.773217996	0.882801081	0.580042928	0.90181604	0.916390408	0.615944969	0.872663466
0	0.929209072	0.922074893	0.779933937	0.910907189	0.737623646	0.25271528	0.95678424
0.446415817	0.664316854	0.873909519	0.960011771	0.854222382	0.861851679	0.864968011	0.876189544
0.055833448	0.488797236	0.857217322	0.243709145	0.813341532	0.91779068	0.504680212	0.855075208
0.24777469	0.895396389	0.849178236	0.898475681	0.996732445	0.907372718	0.942624375	0.845449775
0.224948053	0.684266648	0.899368734	0.483655395	0.935273953	0.868329016	0.178265595	0.958113077
0.244193326	1	0.92770983	0.207058627	0.881132272	0.841918101	0.732993677	0.874071244
0.489846233	0.746961881	0.824692548	0.431356883	0.818606657	0.924891107	0.005245785	0.82688913
0.043581999	0.593603495	0.845418005	0.19960194	0.820852304	0.773707118	0.545848297	0.89273203
0.462956379	0.63565934	0.862336168	0.220306522	0.823410795	0.812742618	0.908733106	0.835253568
0.053173256	0.770828865	0.87396801	0.878023217	0.938767775	0.843036019	0.047553045	0.874787839
0.086244201	0.877916526	0.80427791	0.82477847	0.942936564	0.98047502	0.462811245	0.883592557
0.010189566	0.90648894	0.826888037	0.234719191	0.947383261	0.885635478	0.423880696	0.859053721
0.412874901	0.57440285	0.904721162	0.406342109	0.940972738	0.91223829	0.179423071	0.984306726
0.066566346	0.661772663	0.907894137	0.778853764	0.939186908	0.911105978	0.569245676	0.843909149
0.312867619	0.483229933	0.807262112	0.706913601	0.92523038	0.810159148	0.504662883	0.969720998
0.42219083	0.533569303	0.856179019	0.712506047	0.854482996	0.869442009	0.28010744	0.919047516
0.088624652	0.599550617	0.865164594	0.416168423	0.904995221	0.933528019	0.556126321	0.853888319
0.385278726	0.502809361	0.849140106	0.234699066	0.909404706	0.89123483	0.087606436	0.870210402
0.454134989	0.708529749	0.865889931	0.245939929	0.854993034	0.731310573	0.507747664	0.92308755
0.031891518	0.813897746	0.898748312	0.377172352	0.880439339	0.843237522	0.881096365	0.89642385
0.115988416	0.733067884	0.855058992	0.436376638	0.8511627	0.946889751	0.308360609	0.862652734
0.144910775	0.817017207	0.842294659	0.670171832	0.889154567	0.876830463	0.508481516	0.789656146
0.026515925	0.79323554	0.926476668	0.790175036	0.850930164	0.810983696	0.35900121	0.886865454
0.089360742	0.533115828	0.879728659	0.405041171	0.895932759	0.865130976	0.958721808	0.828921481
0.062373147	0.499824233	0.915816569	0.90155956	0.836836481	0.732526291	0.87240863	0.93513019
0.149234814	0.772210452	0.954055735	0.283041652	0.917852667	0.915367689	0.741357944	0.799694192
0.439701642	0.81419726	0.796724422	0.654235481	0.911220171	0.814953915	0.29724105	0.879828038
0.460550378	0.57037088	0.890033377	0.701097054	0.862861898	0.927594574	0.446143054	0.910008139
0.234028052	0.97953958	0.904682564	0.244913973	0.888241016	0.84885083	0.2068592	0.854786649
0.129550228	0.881445502	0.918956262	0.347383554	0.845581857	0.908978718	0.352216602	0.908938871
0.12913193	0.731258642	0.855182	0.382832206	0.932289366	0.85521545	0.826964889	0.886739987
0.560889428	0.749331687	0.927583214	0.557157088	0.918183667	0.816509472	0.344433256	0.857266799
0.209079034	0.916046429	0.847605001	0.634272037	0.938746698	0.863493092	0.119511218	0.886954109
0.489535342	0.527809466	0.902562125	0.375677836	0.874063303	1	0.045696522	0.837007009
0.100209892	0.631508373	0.99237552	0.832451235	0.873853252	0.831358261	0.772842272	0.88582183
0.037398241	0.698018207	0.937202225	0.579996444	0.940939303	0.868897747	0.849581641	0.931304855
0.457787393	0.719903153	0.839253845	0.728167469	0.826124557	0.867578389	0.516710755	0.917318714
0.00409818	0.662567729	0.851701847	0.913446059	0.883394085	0.844147126	0.539637409	0.916524598
0.255538121	0.924460045	0.869441411	0.365171152	0.863520873	0.834615485	0.247081864	0.875916704
0.40643725	0.547584883	0.910349762	0.645681213	0.887751633	0.860251927	0.284583001	0.889302852
0.516666024	0.959857011	0.876586558	0.948200367	0.886789199	0.87661418	0.842012942	0.828345945
0.320455888	0.75393182	0.971521556	0.234727367	0.852343183	0.834068208	0.418533923	0.894070031
0.495915746	0.610208913	0.825264855	0.823989605	0.876350877	0.836084026	0.479585087	0.910993635
0.027758848	0.789647515	0.837716437	0.808371767	0.919395978	0.855160398	0.709201927	0.874393942
0.286060619	0.851577757	0.8914328	0.874875415	0.90180655	0.81650852	0.248443677	0.844110889
0.273099593	0.62986327	0.801946101	0.974957699	0.927328244	0.92084088	0.324324206	0.884017937
0.021087202	0.680083208	0.947006817	0.960584248	0.927118404	0.832411451	0.947034654	0.819691316
0.060164271	0.749585413	0.810265811	0.61021243	0.897612651	0.969997267	0.573370698	0.841710475
0.024268382	0.586500506	0.853272467	0.381127423	0.882152491	0.817316194	0.94862596	0.865358682
0.229608394	0.550557015	0.914711809	0.955468714	0.828270213	0.897350907	0.211175234	0.899177565
0.437930294	0.862323214	0.86598192	0.86906784	0.877070989	0.857449739	0.564339757	0.851592588
0.547449117	0.679052484	0.861611613	0.220430124	0.961309081	0.878694827	0.262245597	0.888181877
0.079224481	0.649791719	0.878073145	0.563304015	0.789079161	0.804749876	0.067329886	0.948401637
0.311848179	0.563234008	0.878925811	0.503817565	0.865146432	0.896290632	0.684916123	0.873638938
0.018103619	0.546445272	0.842158463	0.309336087	0.891868956	0.801096375	0.725316269	0.799593886
0.356783832	0.844120884	1	0.928910735	0.925445318	0.871876061	0.295340137	0.828523071
0.048202688	0.538729586	0.809593039	0.694847859	0.865253163	0.817164011	0.072174229	0.868709038
0.417676003	0.61532691	0.886043896	0.527817308	0.847255686	0.882887215	0.855713153	0.856721839
0.498529835	0.748937206	0.81213243	0.771322492	0.970515936	0.797021897	0.202461475	0.92373609
0.145457389	0.990435355	0.868620098	0.354211283	0.941646637	0.922874458	0.112830139	0.827183607
0.236884724	0.945628676	0.924349186	0.658166614	0.8315181	0.890394587	0.271730545	0.889424716
0.309826578	0.809398701	0.861014918	0.970652612	0.880221063	0.750349521	0.644387969	0.834570018
0.52716915	0.601504974	0.887088667	0.63875292	0.869193388	0.899996501	0.098155827	0.947547558
0.006165002	0.859334007	0.904608698	0.444150242	0.94838844	0.794388179	0.561636853	0.921738991
0.342805554	0.966370214	0.897339175	0.67811447	0.886768282	0.91172069	0.095438539	0.859953896
0.36612564	0.877188039	0.827415719	0.452654178	0.929445041	0.684554206	0.615246348	0.800035971
0.558591228	0.817272165	0.847559818	0.862306235	0.877261448	0.85290681	0.116810826	0.881611414
0.389450278	0.504635577	0.870248132	0.813133757	0.889197532	0.849908277	0.280444776	0.927899294
0.030351176	0.581019469	0.834686591	0.432312932	0.972913656	0.831987961	0.234449827	0.850251875
0.044190464	0.606243654	0.954182801	0.61217345	0.829249545	0.800378065	0.045529942	0.886130159
0.287162979	0.914655705	0.822800208	0.62832496	0.87154019	0.803901104	0.440254492	0.860429157
0.47164741	0.636194221	0.924846111	0.403890919	0.81469152	0.84606208	0.569216226	0.919333675
0.531029378	0.832811659	0.957279809	0.836942446	0.847967625	0.818540107	0.782994175	0.865525789
0.54152947	0.974939659	0.829167674	0.820454342	0.807693386	0.719607576	0.119967279	0.836918942
0.439288063	0.921884674	0.897490093	0.929047634	0.913458042	0.721088988	0.038332739	0.931475461
0.279916018	0.673069266	0.927446269	0.681482416	0.910233911	0.831902996	0.767242296	0.872723014
0.118560096	0.508014232	0.872030986	0.349499729	0.945056863	0.864346123	0.070654621	0.966972121
0.533419883	0.501477455	0.919608502	0.784997386	0.942755878	0.925482137	0.66828937	0.922097843
0.405504858	0.944910991	0.823047409	0.871731637	0.913981838	0.829567994	0.064761125	0.864025282
0.247447435	0.940352174	0.887638341	0.830566371	0.970636577	0.833698005	0.09644325	0.952370744
0.353319267	0.983944433	0.861984122	0.475951732	0.944806633	0.898226287	0.62805964	0.782945072
0.089781296	0.514673435	0.870815082	0.507186131	0.87255044	0.927973637	0.615775512	0.892747337
0.093843904	0.568852823	0.85841639	0.39111974	0.879077032	0.813077031	0.387118971	0.910755691
0.331454638	0.684481647	0.867775181	0.970161783	0.914185661	0.889695559	0.352711842	0.741529993
0.070512475	0.816719854	0.978496288	0.881605465	0.906580655	0.86829536	0.869794435	0.87217132
0.068352732	0.779907906	0.893015886	0.273395247	0.894279569	0.925733975	0.595574315	0.893207249
0.454319318	0.770572258	0.846693539	0.452682851	0.918168744	0.842124459	0.439165496	0.905499292
0.185792408	0.541915883	0.874803259	0.366597223	0.916751522	0.849841933	0.889210594	0.827639122
0.378730117	0.764054385	0.933412737	0.777473395	0.91638974	0.90456603	0.439070795	0.860703444
0.228423151	0.62081974	0.848732502	0.553488285	0.873160101	0.872034616	0.991609188	0.917984097
0.080397361	0.657901989	0.90347982	0.276417135	0.864876573	0.898184142	0.356037959	0.813056156
0.074068183	0.958290617	0.830946144	0.518808006	0.938850859	0.870725291	0.112621425	0.887270353
0.142770147	0.751578272	0.795028923	0.740051917	0.919685693	0.806730693	0.12537205	0.873798124
0.529271575	0.589012185	0.920703684	0.443800503	0.869599693	0.848286265	0.199790668	0.886689613
0.036805556	0.564869144	0.875591692	0.615430374	0.930537768	0.849084593	0.917338403	0.870812736
0.378467455	0.556013245	0.827000899	0.758504269	0.858636942	0.689355905	0.053591146	0.853153963
0.028204494	0.777801841	0.827777018	0.906179086	0.877121236	0.734300383	0.337514158	0.821732389
0.074835576	0.670090228	0.88856759	0.284091947	0.903981239	0.89802219	0.729940969	0.898692989
0.071225227	0.872955266	0.877485682	0.321093383	0.902752761	0.812704826	0.160900352	0.789195073
0.106611291	0.731616721	0.822503823	0.283185217	0.903160671	0.86054752	0.429516286	0.841347145
0.169338709	0.948905379	0.991505809	0.235205188	0.838938541	0.902940659	0.609063851	0.799489293
0.228812818	0.521997477	0.860126461	0.919911356	0.976659857	0.811728412	0.250563601	0.831628836
0.537377007	0.63103723	0.891571456	0.859482534	0.928570754	0.931766761	0.863438575	0.967390914
0.404027371	0.84125436	0.934080075	0.643040619	0.868817328	0.953516721	0.724190503	0.791412826
0.467636273	0.642732519	0.906164152	0.808337535	0.914480566	0.894802594	0.599033419	0.925846776
0.213047549	0.609683981	0.858156251	0.724449926	0.929276533	0.826370713	0.311156677	0.815190057
0.466981416	0.82298813	0.872804043	0.528931358	0.919479387	0.862022392	0.185389729	0.940009826
0.290147502	0.613730912	0.798340932	0.439756533	0.819205134	0.861987412	0.537461618	0.863070774
0.177991747	0.527975308	0.849073864	0.39788826	0.816530886	0.968015808	0.813197865	0.845378781
0.486542017	0.8223172	0.850207267	0.661964922	0.890847947	0.841412832	0.099152608	0.851459102
0.528022361	0.789444867	0.782822715	0.336203108	0.925311574	0.957955799	0.228829486	0.943333192
0.067329091	0.850987531	0.89360284	0.232930148	0.872481884	0.891556334	0.282801925	0.865855702
0.196077491	0.923898919	0.869209377	0.38414811	0.920233379	0.855355522	0.55799519	0.8691519
0.134441589	0.94088288	0.840670185	0.488256945	0.917886692	0.802106712	0.601480281	0.905647285
0.215588018	0.724108665	0.897014732	0.551661795	0.892841434	0.914867194	0.698369157	0.932730146
0.410475028	0.983041422	0.899434757	0.473024269	0.807348097	0.918888845	0.897354155	0.856904587
0.130707532	0.523651546	0.833018216	0.767414473	0.888539985	0.891873574	0.36143709	0.910520211
0.129300349	0.745061561	0.91480607	0.567824246	0.873312427	0.879257604	0.312372494	0.842301638
0.562848036	0.684121045	0.861981159	0.647011265	0.882200125	0.888264894	0.914328653	0.802614829
0.455912556	0.962271071	0.878008053	0.327222545	0.905732549	0.787722041	0.992686946	0.981550908
0.16405717	0.551914581	0.842167725	0.355650621	0.871434539	0.891242513	0.26294615	0.865750165
0.535221829	0.928661109	0.846148603	0.535407081	0.919532444	0.945125155	0.496340933	0.897645062
0.404770143	0.689042214	0.8833256	0.3245195	0.912150995	0.866032005	0.527813398	0.815347404
0.227731213	0.820538691	0.837482272	0.297901504	0.872784085	0.940528724	0.437072544	0.869860272
0.33976092	0.834036221	0.890859329	0.298492232	0.845441466	0.855145339	0.126306896	0.882744905
0.516099839	0.884041978	0.912713279	0.903752475	0.915157714	0.847891358	0.960220401	0.900074971
0.531104495	0.538951762	0.856374648	0.815311776	0.937876402	0.833245206	0.643859815	0.850456497
0.407964353	0.988365005	0.8412702	0.598075576	0.954918894	0.79927321	0.408234071	0.889662696
0.14965034	0.58183007	0.875151046	0.501530932	0.950626057	0.878459086	0.133060955	0.85274503
0.280801811	0.979866114	0.799965473	0.221387392	0.863261648	0.876316877	0.765293596	0.933472891
0.371012236	0.827245602	0.837338557	0.803062318	0.899324369	0.823831487	0.336519533	0.873764484
0.498357947	0.820088103	0.886357858	0.807066922	0.9488495	0.876967662	0.447543704	0.871568593
0.394461262	0.827720501	0.899873946	0.870758491	0.912471626	0.886874436	0.39927719	0.783872732
0.253131366	0.507538086	0.790205406	0.834543504	0.930770401	0.883722176	0.857227989	0.897636084
0.436397175	0.572522837	0.897543028	0.728200147	0.878022932	0.836448445	0.253052007	0.914700018
0.186224201	0.622233929	0.809659578	0.956140293	0.893752884	0.774745782	0.735107717	0.984106352
0.508436069	0.811712333	0.819907454	0.96148818	0.972459015	0.877980084	0.637580059	0.870353077
0.052440352	0.485224935	0.845212221	0.386135275	0.868529261	0.73942617	0.97195067	0.8849583
0.188190969	0.513859957	0.882321341	0.66789536	0.885318652	0.892261227	0.191418811	0.873867642
0.349003102	0.681355147	0.851514949	0.207108007	0.897075088	0.941939121	0.332568106	0.84730033
0.49783348	0.499642025	0.839691406	0.517104577	0.805547783	0.853119814	0.760213678	0.921003743
0.226587909	0.988611417	0.889503738	0.319701816	0.919938978	0.867369792	0.465886317	0.91126122
0.559580635	0.649392684	0.808907061	0.520036877	0.921579019	0.9323328	0.783479529	0.931047951
0.035798053	0.484143165	0.84156657	0.720861476	0.868799712	0.909979791	0.847683127	0.959524686
0.297913299	0.631852156	0.879949201	0.344150281	0.935492139	0.879052452	0.769259698	0.856145248
0.076917985	0.727977492	0.898504536	0.311137777	0.855384188	0.869649819	0.853571507	0.932067957
0.241187298	0.793204126	0.919823974	0.658263769	0.868854209	0.953947298	0.64299854	0.917949567
0.179800792	0.543929354	0.888058751	0.848379702	0.814854786	0.858045028	0.164223073	0.893861405
0.108088515	0.68247853	0.808561005	0.579238038	0.841775663	0.856501856	0.886308056	0.861863075
0.519955049	0.762702764	0.848920938	0.3050184	0.830167593	0.981937739	0.451760061	0.899087222
0.464158391	0.878994526	0.844677533	0.641153623	0.974399828	0.911520396	0.259972197	0.944676842
0.134110305	0.876685472	0.897775711	0.266587957	0.924021121	0.847100046	0.607125325	0.898822175
0.46763662	0.793373534	0.878126136	0.2704176	0.876385608	0.815540044	0.250387079	0.902411516
0.484121492	0.828769544	0.885317396	0.637937238	0.960203285	0.885919635	0.123480679	0.917399408
0.238516274	0.702377131	0.832176041	0.797033784	0.848910849	0.859834617	0.469023959	0.841338731
0.072157854	0.800442099	0.800791206	0.357594768	0.881786123	0.859116447	0.358089153	0.892903764
0.33597442	0.487534398	0.845551223	0.297845935	0.877543336	0.956856443	0.206266825	0.917601747
0.558970742	0.907364161	0.808923622	0.194352806	0.837859142	0.906091389	0.772673103	0.939895864
0.090381738	0.918604515	0.922751889	0.965285902	0.908176732	0.820856812	0.746237003	0.809501603
0.165506311	0.814783035	0.869135358	0.872864606	0.838581021	0.965867001	0.31644887	0.906304869
0.422560453	0.668501516	0.855241024	0.905247682	0.91520154	0.870260767	0.876494155	0.886219473
0.030003814	0.863401663	0.879753077	0.482655577	0.930195506	0.794450336	0.036414167	0.902020387
0.434547633	0.920959976	0.892320195	0.218477614	0.820381624	0.747205343	0.378572701	0.872304575
0.278040948	0.718809945	0.799348825	0.987511528	0.890049584	0.845897065	0.853248858	0.887372158
0.029068594	0.796556158	0.845447247	0.209737424	0.910715371	0.778272733	0.391042144	0.845924964
0.355176401	0.902516346	0.831335304	0.424699397	0.871515935	0.862130639	0.865289615	0.898673616
0.088791492	0.674639982	0.851683678	0.574623631	0.956769054	0.883050418	0.719260973	0.926591038
0.353229355	0.630170026	0.894849977	0.558973193	0.875804238	0.859040586	0.492510606	0.916568483
0.528769463	0.592850517	0.818918114	0.379695354	0.893651429	0.757119614	0.505151729	0.940375541
0.205136211	0.798026946	0.879956443	0.620934796	0.91681209	0.984300837	0.557819624	0.880552609
0.08695469	0.712751226	0.874790662	0.44143028	0.924687384	0.858356911	0.235717755	0.882306591
0.497954143	0.685231615	0.889138148	1	0.861404462	0.898003169	0.542909207	0.89329737
0.454610611	0.851893543	0.871308878	0.832400501	0.932099295	0.928192266	0.710251414	0.924285553
0.327692983	0.863237368	0.882586793	0.229220801	0.914845788	0.829212424	0.247501333	0.848816766
0.239193307	0.952365462	0.917186351	0.57699121	0.929367565	0.7318377	0.600920313	0.942882046
0.274677107	0.557797272	0.910810976	0.371244273	0.959536153	0.86207783	0.484456966	0.89839068
0.301756317	0.630694616	0.945714285	0.757445829	0.801635817	0.954274005	0.330878834	0.873547014
0.173367021	0.682249334	0.887115242	0.887667983	0.906058151	0.901983612	0.112600013	0.780110915
0.483123771	0.897971274	0.905115743	0.878908684	0.875749924	0.804244808	0.990382169	0.80727971
0.15453965	0.965413622	0.889575447	0.593320535	0.898989711	0.952305516	0.929880632	0.901448911
0.009827831	0.697040848	0.96460595	0.988214925	0.884690973	0.775349564	0.785049449	0.900021002
0.289393397	0.81679427	0.905377215	0.991982455	0.918439921	0.946021914	0.350340575	0.89825847
0.002771465	0.691425209	0.878813497	0.637831553	0.834431117	0.879450422	0.180986319	0.891347485
0.41312158	0.611523238	0.862424172	0.799297673	0.902318109	0.879952973	0.950795838	0.856799837
0.396038241	0.957182905	0.901581178	0.886920909	0.884859926	0.936918907	0.587279933	0.992276359
0.231564499	0.820197524	0.871112093	0.800582595	0.969038678	0.819153908	0.77456718	0.814713241
0.307786689	0.803528705	0.92374687	0.671459331	0.897833933	0.84953977	0.400134874	0.90388529
0.484484096	0.984082369	0.848923066	0.361406449	0.947261731	0.803822065	0.863559806	1
0.003015987	0.560747441	0.934573572	0.820846841	0.867463087	0.805969628	0.593396426	0.901218169
0.303739701	0.708026489	0.878407542	0.767128498	0.914322316	0.788685591	0.288148713	0.783478669
0.449546458	0.916621279	0.892131203	0.871592708	0.891398381	0.934806118	0.290612818	0.816204177
0.175748331	0.516760599	0.908534849	0.2113418	0.898588595	0.910082095	0.648672978	0.922273447
0.125237124	0.746962125	0.906324105	0.807083675	0.910803754	0.872226993	0.381450535	0.852434147
0.255852982	0.899812441	0.959440774	0.3165806	0.8706776	0.868537218	0.768916118	0.83692046
0.27666257	0.635740864	0.830073041	0.315760007	0.859760905	0.919603183	0	0.8083069
0.455407718	0.685871928	0.865095871	0.868476924	0.94793485	0.874584138	0.207241137	0.885209664
0.06470296	0.51539221	0.873158944	0.775340273	0.928703172	0.92494103	0.578830019	0.787280983
0.130623804	0.504625929	0.873942706	0.409006227	0.933546715	0.954526136	0.417662875	0.848449296
0.118493089	0.942620171	0.856603556	0.557346474	0.887720458	0.843363955	0.982614417	0.98031652
0.030565081	0.969740595	0.86715446	0.781440714	0.877806777	0.814827022	0.739596875	0.879720671
0.021104302	0.810784793	0.86522379	0.95932393	0.985751354	0.819917933	0.44930477	0.931917338
0.227889138	0.68382315	0.878162663	0.983904897	0.907493299	0.854189429	0.590269222	0.912043715
0.042692399	0.640300708	0.854136997	0.512817208	0.893358676	0.918893169	0.047975155	0.815259092