0.536985916	0.11896343	0.558636816	0.49585731	0.512505084
0.556096311	0.396812664	0.537253172	0.548745945	0.554128704
0.660923416	0.445622649	0.615813524	0.604733939	0.574347942
0.586691173	0.43846025	0.577612897	0.591903418	0.459984423
0.481971849	0.482266342	0.598685678	0.604254653	0.539437593
0.545507178	0.438799242	0.721311887	0.55121082	0.447504965
0.602250506	0.52464545	0.603931751	0.499362455	0.46395806
0.519081	0.473946744	0.622144825	0.452414002	0.499785756
0.647369115	0.450828775	0.599217766	0.547291647	0.447971902
0.553988864	0.158108274	0.617946818	0.564134727	0.478339146
0.590286911	0.195284457	0.592769084	0.568396674	0.628965326
0.557753541	0.242925625	0.553657	0.603185563	0.531337452
0.502879363	0.375956431	0.439114555	0.508612616	0.477333052
0.537685584	0.272789201	0.505193532	0.504871555	0.499886511
0.472703908	0.017706712	0.621250116	0.636053802	0.442470355
0.567964233	0.233885476	0.526500589	0.597124053	0.547483288
0.511310771	0.311705629	0.598621973	0.581776532	0.604375755
0.475353944	0.226032407	0.495031378	0.488942287	0.47076827
0.541479529	0.285681733	0.669256589	0.552244523	0.579650043
0.424652634	0.182095761	0.56188087	0.546515901	0.41073863
0.536051052	0.199744313	0.490762846	0.710152993	0.48050391
0.385285424	0.490016065	0.615773358	0.616939469	0.60718355
0.553022344	0.483638646	0.422978512	0.626166541	0.455049065
0.598972454	0.365835695	0.458602992	0.55205965	0.557465139
0.497158862	0.211101551	0.57509486	0.586138864	0.600025053
0.506367319	0.482970066	0.557635119	0.527815914	0.457141508
0.486592126	0.133922879	0.656005913	0.55857038	0.611814149
0.488542278	0.40022616	0.531059566	0.477296932	0.441831112
0.556560916	0.473394323	0.548922452	0.532446719	0.436750903
0.468018509	0.011526975	0.532595421	0.580397697	0.510228343
0.542090729	0.426167022	0.594947513	0.5812498	0.493054655
0.529247685	0.050866637	0.680512972	0.551837236	0.552458341
0.600217604	0.040346796	0.544276483	0.531477276	0.523909093
0.489856209	0.209770059	0.498528515	0.723472327	0.537057348
0.511741771	0.131084065	0.567761053	0.549366361	0.397884117
0.485511879	0.03268415	0.502717641	0.630722266	0.544741079
0.591463767	0.104148273	0.439234487	0.569863855	0.471138055
0.536501474	0.506673733	0.573926081	0.503324545	0.614971326
0.509582017	0.191454884	0.569227852	0.559838294	0.482661182
0.60409811	0.220334672	0.569850531	0.620128865	0.423034475
0.494039444	0.029936513	0.615706766	0.595595583	0.53333705
0.457743342	0.10610823	0.576440856	0.630735258	0.481150892
0.488829226	0.164605636	0.561757642	0.541689629	0.411105594
0.467066141	0.015966925	0.610391533	0.649158251	0.530528419
0.513301748	0.432349244	0.540364735	0.577462557	0.520638139
0.575076	0.549239354	0.589805312	0.601551025	0.541695426
0.530959305	0.125290239	0.579592805	0.498455079	0.46579628
0.595846519	0.513765337	0.584935628	0.489231299	0.593021231
0.485298973	0.492746699	0.471134453	0.518975692	0.455498004
0.49483526	0.330950643	0.483794301	0.708614558	0.561543648
0.552396344	0.249568893	0.520631412	0.487895553	0.493087092
0.509004847	0.039168363	0.465129523	0.477620413	0.551945282
0.477196281	0.027469314	0.617768891	0.59058035	0.48865661
0.483591157	0.006733361	0.631979155	0.572559456	0.534990047
0.494418693	0.498279234	0.532894632	0.568868595	0.477938947
0.520156067	0.089289028	0.524136676	0.5432676	0.439781813
0.555714677	0.548491206	0.522139736	0.614248956	0.441782087
0.531793667	0.192358318	0.597472372	0.520403125	0.455446545
0.565549113	0.182769198	0.595519733	0.594548348	0.42609444
0.537520523	0.320286805	0.573089286	0.504268617	0.433277329
0.47209813	0.403464312	0.533778972	0.614266808	0.568171492
0.492275755	0.368458712	0.514191816	0.595683586	0.437908208
0.548161596	0.209176678	0.58828561	0.579592181	0.464799153
0.603734088	0.475951257	0.638696821	0.546253714	0.538466663
0.611951684	0.394336126	0.527498486	0.488140329	0.574919058
0.59410722	0.201364108	0.570502385	0.544179021	0.469790461
0.459025772	0.142919572	0.627355406	0.567441864	0.469870271
0.556512661	0.409507346	0.625233567	0.530671192	0.462494118
0.458569297	0.385733785	0.519846325	0.513777931	0.523353868
0.63638932	0.486601375	0.464323635	0.573592075	0.508836682
0.53376572	0.096559609	0.54907396	0.568011159	0.407380546
0.545188271	0.423634123	0.493246769	0.460758573	0.438382405
0.603773147	0.457249741	0.539442191	0.565733521	0.485194669
0.49412762	0.208643798	0.638515577	0.505410553	0.550928393
0.520787343	0.283894694	0.443952504	0.466334289	0.421102295
0.486527267	0.00493956	0.63120451	0.521114358	0.545625776
0.500599199	0.337463678	0.593598186	0.565923463	0.464730008
0.525158168	0.027753569	0.574832323	0.575967841	0.447871566
0.555645235	0.494352394	0.630971782	0.533737381	0.534337259
0.506272598	0.089002268	0.579820099	0.583251545	0.580172433
0.501986065	0.177627401	0.591067002	0.519352649	0.448623103
0.559920436	0.108764747	0.481643817	0.560266962	0.586662744
0.546109409	0.46437445	0.472357909	0.607449991	0.446736461
0.40215798	0.122264265	0.688904682	0.537819103	0.489712578
0.528774273	0.302494507	0.48089245	0.545639296	0.576632093
0.532609138	0.211042355	0.423639516	0.515490222	0.406671518
0.556258486	0.026643757	0.561670237	0.475826095	0.480644512
0.566083859	0.286166901	0.544892001	0.523239064	0.4494542
0.464550867	0.207918815	0.58230903	0.620598833	0.537419351
0.533211727	0.023803842	0.606522736	0.570588918	0.421200542
0.491623548	0.250445123	0.641196481	0.495265513	0.435803762
0.466467517	0.195766184	0.573798444	0.607018729	0.466048935
0.587914192	0.100013711	0.637404078	0.562276044	0.545882443
0.641554659	0.143459347	0.522894103	0.618487463	0.398670372
0.455707166	0.014822474	0.638625868	0.638333271	0.543383325
0.561555685	0.258031089	0.514469159	0.547445237	0.433439996
0.445378594	0.437354717	0.640254082	0.598746827	0.386292716
0.575225146	0.11811802	0.569005475	0.430925293	0.552601158
0.627061819	0.449186415	0.5640293	0.388014671	0.497132323
0.602079398	0.143793266	0.545289998	0.626557554	0.530590165
0.482287057	0.376662261	0.553938199	0.582156192	0.598391125
0.577308171	0.550614615	0.56241371	0.533746888	0.470022958
0.584269609	0.056286064	0.593968931	0.670353121	0.59645505
0.507235272	0.524497117	0.566288201	0.565359666	0.523372783
0.581983528	0.33268042	0.517831306	0.4803585	0.491384146
0.520497085	0.419527611	0.571251405	0.598714435	0.499465094
0.502034935	0.12847539	0.600457598	0.669606799	0.446601481
0.570593341	0.074058435	0.632173383	0.594906843	0.474295459
0.519739029	0.298410596	0.641842601	0.66544877	0.515948548
0.523085309	0.289031303	0.585674923	0.458009671	0.471311124
0.52197775	0.070106344	0.525974394	0.53377283	0.5486629
0.494840356	0.044214211	0.474900176	0.577031134	0.528389948
0.630678331	0.51150171	0.572563658	0.618130015	0.513317913
0.547817184	0.142390294	0.575726666	0.684278849	0.405038215
0.492003275	0.541578743	0.530651611	0.500351793	0.629114499
0.530675956	0.171195036	0.627092058	0.667137186	0.462357875
0.577387704	0.319973689	0.569658547	0.602825247	0.487476531
0.60510867	0.400912734	0.576541823	0.520547606	0.472046649
0.485087265	0.320207746	0.601665474	0.443520127	0.409926354
0.458027806	0.381714798	0.635336331	0.679288671	0.463953726
0.449656141	0.50953255	0.499808823	0.415483418	0.551011973
0.482537814	0.395914123	0.550968151	0.56478969	0.56366189
0.514442748	0.467245444	0.540452912	0.550357468	0.503645522
0.552517724	0.096537711	0.678504835	0.524220453	0.447624695
0.557074317	0.424637034	0.585072194	0.494734946	0.435295127
0.612410234	0.130929741	0.54349519	0.498583531	0.520998569
0.492736578	0.297800848	0.567163477	0.584929888	0.396670752
0.531087711	0.455352315	0.474259343	0.534728106	0.477877954
0.491091707	0.455642719	0.550969238	0.568716378	0.515147098
0.657273852	0.006781118	0.538108402	0.530236571	0.544715935
0.486529342	0.232014388	0.505309514	0.518728699	0.389480157
0.50759874	0.050344457	0.570292265	0.54699809	0.437551638
0.631021013	0.271221169	0.6505678	0.630919979	0.464476504
0.579414109	0.003919854	0.510967745	0.625763854	0.564281821
0.593792148	0.112183064	0.596626572	0.564075754	0.509760516
0.509375068	0.479183293	0.529712479	0.616530402	0.54150972
0.477066645	0.134764026	0.614677046	0.497068189	0.485853458
0.600417023	0.254130544	0.539227693	0.564371	0.516344094
0.519941904	0.313223017	0.671606251	0.517046638	0.46083937
0.519696852	0.351432233	0.589915487	0.581799399	0.479699414
0.474038114	0.215912095	0.519391639	0.500182102	0.50414412
0.556195864	0.473665829	0.607437074	0.651302861	0.504291132
0.563481365	0.53203799	0.545060834	0.492479804	0.509883356
0.566970377	0.2255739	0.564288093	0.536992752	0.458998969
0.461397122	0.497769376	0.533850396	0.644992306	0.476991681
0.475859045	0.259752821	0.601384845	0.59443141	0.454524533
0.516830022	0.1545331	0.562373523	0.473432637	0.519133354
0.489452069	0.505158168	0.510820626	0.635938126	0.481553846
0.551580254	0.241056509	0.479372575	0.441080727	0.630708237
0.531079288	0.229779871	0.632087239	0.538259056	0.475074598
0.52269081	0.132838479	0.599104723	0.617045806	0.421307259
0.479752303	0.431313677	0.589078718	0.478294531	0.533990917
0.572756691	0.365245719	0.518919465	0.607722802	0.499788659
0.478479887	0.008658105	0.539730027	0.544370128	0.529767474
0.580637815	0.495949769	0.493886938	0.576434581	0.50883662
0.506859146	0.534628479	0.566275447	0.487899971	0.401535471
0.594449208	0.307983185	0.527964038	0.585959309	0.56144322
0.514083249	0.153124177	0.585840204	0.603379586	0.471815555
0.590688846	0.059996571	0.478120026	0.597220896	0.41647779
0.5520682	0.256355862	0.403618575	0.536365737	0.492665029
0.535057429	0.217957823	0.580607416	0.558234265	0.515908267
0.545790767	0.247898392	0.605768867	0.484913951	0.462975226
0.547695041	0.035424055	0.65217759	0.499653826	0.460973502
0.616856473	0.479139792	0.546106916	0.567123471	0.482523045
0.50080997	0.261121641	0.554020465	0.578805684	0.531978308
0.424941025	0.444003817	0.590216244	0.707967818	0.519139814
0.533651242	0.113340247	0.54698348	0.505243445	0.509647272
0.56249017	0.081854251	0.557269309	0.659802957	0.486488718
0.51857826	0.420982144	0.542723949	0.572568216	0.458399143
0.517914766	0.312204115	0.43275941	0.557682561	0.50744571
0.537305948	0.390507967	0.636993623	0.6357485	0.516122472
0.602779933	0.303933454	0.557810989	0.525329598	0.514723143
0.527361929	0.063533197	0.434407932	0.580141551	0.486769964
0.617670554	0.129765683	0.552453147	0.55435765	0.437790382
0.388205557	0.512150437	0.603703401	0.627463381	0.509455051
0.45147905	0.051229502	0.495477771	0.549669115	0.4687491
0.461257745	0.018948706	0.526729829	0.629235781	0.529183493
0.422721404	0.393299418	0.598712068	0.517255842	0.541975631
0.479779589	0.488547482	0.643037705	0.552684974	0.568043294
0.53603299	0.483503521	0.623092738	0.612609295	0.525524523
0.512616631	0.529682175	0.645698304	0.538129289	0.492844255
0.470239862	0.002920698	0.54384729	0.600178926	0.433245653
0.567559688	0.311360895	0.512966457	0.550852836	0.485927394
0.602915062	0.159945691	0.554395003	0.527682116	0.437922698
0.585326581	0.540387455	0.624741142	0.630501656	0.422804328
0.504744622	0.528599689	0.535238329	0.583028688	0.497980249
0.531911048	0.027091794	0.583897928	0.551192325	0.490420266
0.509622616	0.334057617	0.523916461	0.564918286	0.477285689
0.588815917	0.473674176	0.529613494	0.621317598	0.521884576
0.522191902	0.086956604	0.506402983	0.609165296	0.477522714
0.51764635	0.355768251	0.477219923	0.567551364	0.475431591
0.572471164	0.181560661	0.600029093	0.516743384	0.482783977
0.50750222	0.309153423	0.596702191	0.589087476	0.575983517
0.531199562	0.522097725	0.635398224	0.463050529	0.502415214
0.511554982	0.189518055	0.574198425	0.650828789	0.44559634
0.490070974	0.502036038	0.524123171	0.492493947	0.508519979
0.589474075	0.214704252	0.594249813	0.603967611	0.508451766
0.556228623	0.288037329	0.579681511	0.501326228	0.532364225
0.533230735	0.384722997	0.5327775	0.612296995	0.433736525
0.556313074	0.003362077	0.605066893	0.50402963	0.471446131
0.58628827	0.231855532	0.59059175	0.568675115	0.525244645
0.578419688	0.303018439	0.53463573	0.566350033	0.56070291
0.5489833	0.38662253	0.598292598	0.498386316	0.533996516
0.542608186	0.189454524	0.504856479	0.616497912	0.498198969
0.530342696	0.54555484	0.615018465	0.618647868	0.527076017
0.616766852	0.066193023	0.603865157	0.534083121	0.583710585
0.626059849	0.088428994	0.592941331	0.589774132	0.516654909
0.432129922	0.355036319	0.411154107	0.640663084	0.560799165
0.574076416	0.5404235	0.593690813	0.487914189	0.508051871
0.578458252	0.521776878	0.500310764	0.516991521	0.475593399
0.606243861	0.205906663	0.500193278	0.500741642	0.489379924
0.457942618	0.470126871	0.516367831	0.431460351	0.469176724
0.584068876	0.399395309	0.618579643	0.515273008	0.542098951
0.566815269	0.184157581	0.597284603	0.645035623	0.441878332
0.521922701	0.403846362	0.415147381	0.557861204	0.514958358
0.474957346	0.139548175	0.643630023	0.605994802	0.491853794
0.478269095	0.241256029	0.582121504	0.530873852	0.393152871
0.486598206	0.288445674	0.600946159	0.536617346	0.611662898
0.45040217	0.485975341	0.564181877	0.578034113	0.469109491
0.623620377	0.423740087	0.619479897	0.589366768	0.51449041
0.450054745	0.395727709	0.705754436	0.578763574	0.509800983
0.599134843	0.234838494	0.642808639	0.572801121	0.500867101
0.542782724	0.177255699	0.575553303	0.552772939	0.500711653
0.618484933	0.409897488	0.550716232	0.58041088	0.513211028
0.661672414	0.160305885	0.523209232	0.440349768	0.550031936
0.495762316	0.144644054	0.510386511	0.570639821	0.496553199
0.592565336	0.121378048	0.484101854	0.606399756	0.487122785
0.497664743	0.029031803	0.540105912	0.550505606	0.459298632
0.584336828	0.333266521	0.520495558	0.565610486	0.503924678
0.51456332	0.351314711	0.560529683	0.432423951	0.461987447
0.518442497	0.361860052	0.570993549	0.490405298	0.484307628
0.529464067	0.5378909	0.450943766	0.644086249	0.390211556
0.56836838	0.455615197	0.555612843	0.511655246	0.563915912
0.54950941	0.423279984	0.534819277	0.561808507	0.442998872
0.66004318	0.285307083	0.570819392	0.623054792	0.518108406
0.542664998	0.284491571	0.649042348	0.573062598	0.489805388
0.554270981	0.100684544	0.568676564	0.611259131	0.608969801
0.587211003	0.496029145	0.48903198	0.505844592	0.52889384
0.526580066	0.156665112	0.574801085	0.53933729	0.476852782
0.517817147	0.402999758	0.469899647	0.597045595	0.484881486
0.490302984	0.229911016	0.625075337	0.546409668	0.577073283
0.478293023	0.480481803	0.558318085	0.56434911	0.411877901
0.500991058	0.061993352	0.515562905	0.544598391	0.544942473
0.546233656	0.199293363	0.610858768	0.565657772	0.431367709
0.458806044	0.190331039	0.546308965	0.532910283	0.624519616
0.474052071	0.388851175	0.598455812	0.515688997	0.611040681
0.525657667	0.030382788	0.532266777	0.627137815	0.592779063
0.554960763	0.547561332	0.554223193	0.518404638	0.456759004
0.552453771	0.057227812	0.476681568	0.574113464	0.491075727
0.532715211	0.004158837	0.570805021	0.614811222	0.533364619
0.453155017	0.542147352	0.589295263	0.687484265	0.452603653
0.437905273	0.118230021	0.589322652	0.615354545	0.609631805
0.538238458	0.192326361	0.571634726	0.555677642	0.540691462
0.591630523	0.289991968	0.642333641	0.598298844	0.447992962
0.495523471	0.515010378	0.483281726	0.557794089	0.427693012
0.586333441	0.004437752	0.669677134	0.527898171	0.501755286
0.529768615	0.255537423	0.631314553	0.619314432	0.524115476
0.531929251	0.337184483	0.598542249	0.574972417	0.527576082
0.472252521	0.015778115	0.521832564	0.541026492	0.472629934
0.655050177	0.087438438	0.574585584	0.552745404	0.432688654
0.545457285	0.432819541	0.483380739	0.499384487	0.506514416
0.556770053	0.200603531	0.561981794	0.564702084	0.451363373
0.582057388	0.028280961	0.496397153	0.601589421	0.556050046
0.542896299	0.373096861	0.581333022	0.534450954	0.503176648
0.626495753	0.386096331	0.468037031	0.545358228	0.473314845
0.636181081	0.537508718	0.57613311	0.573606916	0.47001662
0.454711931	0.353796691	0.623888515	0.534706912	0.466853686
0.570390264	0.061466134	0.55536279	0.549691737	0.557932497
0.570055889	0.185912042	0.621396532	0.605057945	0.466900046
0.598758992	0.137789427	0.563832867	0.513371925	0.536776528
0.545246811	0.297091243	0.599449177	0.608853463	0.503606191
0.547502866	0.251472559	0.584579307	0.501076798	0.54697751
0.619247012	0.45587796	0.577944181	0.611809472	0.525461749
0.545973991	0.084182081	0.429741101	0.525331417	0.503626664
0.553274161	0.177714793	0.493865428	0.628261189	0.477479927
0.490154958	0.297482797	0.506293299	0.466388828	0.577594898
0.444270522	0.330780018	0.485130002	0.508109267	0.529136903
0.509828579	0.338685199	0.583016811	0.525053381	0.493783443
0.515385466	0.301654433	0.475668322	0.480696406	0.471936889
0.56202416	0.388910239	0.523217411	0.57699313	0.375908156
0.510582451	0.459814795	0.550745004	0.581446129	0.495891251
0.506878395	0.240698742	0.601322037	0.558488271	0.410900423
0.443569536	0.18431153	0.519239415	0.561149417	0.396397536
0.435149693	0.049833614	0.48798131	0.532446132	0.49936775
0.491330822	0.458503716	0.504932816	0.537514753	0.544694056
0.514813405	0.523572911	0.494901937	0.521018829	0.587239952
0.538507878	0.139146363	0.510108839	0.612862102	0.512633882
0.558796816	0.391497118	0.628202514	0.574105304	0.472092579
0.519163137	0.09338527	0.324401753	0.576949296	0.467247443
0.486019125	0.01588832	0.557151965	0.602306947	0.545772709
0.500918435	0.118015025	0.529759692	0.630138697	0.540999904
0.515506978	0.033046349	0.608297622	0.553549553	0.45962773
0.451719986	0.323242588	0.56386434	0.56554232	0.50384161
0.537285131	0.412226094	0.579727058	0.678569014	0.467233685
0.591799523	0.367693471	0.664215927	0.618457089	0.601872526
0.461820647	0.497994833	0.562474843	0.59985539	0.518055018
0.648695204	0.479357355	0.596627761	0.50072034	0.448822931
0.625577547	0.490044866	0.558065557	0.590613946	0.502270487
0.514764242	0.257661254	0.526322413	0.595995305	0.532565944
0.515039111	0.050948533	0.615302423	0.547323117	0.46161757
0.445747653	0.46168957	0.470165795	0.540175058	0.405879909
0.509583994	0.451225058	0.550014684	0.537609299	0.50150608
0.576084352	0.467918351	0.541633387	0.568705182	0.532120062
0.565822858	0.009787298	0.494790353	0.631794174	0.452302362
0.431726976	0.523075401	0.526769872	0.625598765	0.450915809
0.552577351	0.088760432	0.570482707	0.583345247	0.507511845
0.487771891	0.539078819	0.556668509	0.49123912	0.496743064
0.57226655	0.539985227	0.490433442	0.540906734	0.511241198
0.462635956	0.063032649	0.597145695	0.668231945	0.510971152
0.561018074	0.014308649	0.522672438	0.49108148	0.54843103
0.579311699	0.416381659	0.574599207	0.592888656	0.598250021
0.484447965	0.140346771	0.472406682	0.520905955	0.51204242
0.598913044	0.208609766	0.584776018	0.551704196	0.559888421
0.57395627	0.118046387	0.628614158	0.552614954	0.515749668
0.628281621	0.336533462	0.561681808	0.507898118	0.561824823
0.594576198	0.457814763	0.540687433	0.661394365	0.495076164
0.639325911	0.459607572	0.635261028	0.491231239	0.546301589
0.489066065	0.447979708	0.560769146	0.689553724	0.498812667
0.535404638	0.146100733	0.548376568	0.580969834	0.523059442
0.609023724	0.402303366	0.465166006	0.551787142	0.583509768
0.529205587	0.045258704	0.499393395	0.53229303	0.420121873
0.472532029	0.494422452	0.482237863	0.533568691	0.498622536
0.599367885	0.532656389	0.491914214	0.599512183	0.510696193
0.535120452	0.243498459	0.5239204	0.558978515	0.488237535
0.429193636	0.414563124	0.57313121	0.581067215	0.514764619
0.46288149	0.443545687	0.485800659	0.552879263	0.594863394
0.515454721	0.35432242	0.537107716	0.64808705	0.497400056
0.53333327	0.131735642	0.563399375	0.534574805	0.42159946
0.49056397	0.226476716	0.576036604	0.440820989	0.464905876
0.484108688	0.099461047	0.559407245	0.552336196	0.499271747
0.580459576	0.075560615	0.61870333	0.697336084	0.5476635
0.52843293	0.303585278	0.439410714	0.573693571	0.532753877
0.477963974	0.089281464	0.537553334	0.546839367	0.536398097
0.836367763	0.766860457	0.778095135	0.824908394	0.610684363
0.726501107	0.747544323	0.844854875	0.887849354	0.689018713
0.775929045	0.881034068	0.870069019	0.908679654	0.953785072
0.779626859	0.795592262	0.810971262	0.864472203	0.836354669
0.778982826	0.849328003	0.897646807	0.989475258	0.997842445
0.763186176	0.808465165	0.769946878	0.864294871	0.597532975
0.681115754	0.91037207	0.838102137	0.850732543	0.801426068
0.794507991	0.826407268	0.911621919	0.855317149	0.543871719
0.83120435	0.867348703	0.938175642	0.890358452	0.913588222
0.979864013	0.829044131	0.830987137	0.801008997	0.817909676
0.753035421	0.824857177	0.878540258	0.855669639	0.608798721
0.809503782	0.874971273	0.775300921	0.858771183	0.908561054
0.81355113	0.787556588	0.918471603	0.937058391	0.814468225
0.785367319	0.877942331	0.82184678	0.857665519	0.810550323
0.796306428	0.805723763	0.927355616	0.756135715	0.714509072
0.801142843	0.897886256	0.907859769	0.783047149	0.842657985
0.898082998	0.8517748	0.825366601	0.869225869	0.873200823
0.795982814	0.754904293	0.824632578	0.881510996	0.755108564
0.826728377	0.768470083	0.841379173	0.830115958	0.843790573
0.91854062	0.872774097	0.815639638	0.819728928	0.849250754
0.805697632	0.840272831	0.853344484	0.85539872	0.976002321
0.789334805	0.860561642	0.83642582	0.904838617	0.760950359
0.805137041	0.950276391	0.715383939	0.859461622	0.889982453
0.730278349	0.744400501	0.819013338	0.843593406	0.712089683
0.681647797	0.872645758	0.906032696	0.824852626	0.512755204
0.782831361	0.853884381	0.875493947	0.750721067	0.72065823
0.750812904	0.95812507	0.890012055	0.877017169	0.621929033
0.879782818	0.77295412	0.836801308	0.817983438	0.613245799
0.656531401	0.768024478	0.816278003	0.731658338	0.738202143
0.891548968	0.751135224	0.792345892	1	0.959682454
0.74893704	0.831479548	0.885343782	0.796259107	0.586701523
0.718461893	0.836521067	0.84805846	0.816799099	0.586668316
0.903064366	0.896094764	0.770473985	0.733954499	0.967206897
0.820604466	0.862460232	0.909961403	0.89775238	0.780575173
0.867541148	0.821606698	0.940540611	0.81938574	0.845712941
0.822070762	0.862331713	0.855415208	0.87940446	0.519300359
0.810220829	0.85494677	0.875863708	0.819909847	0.673734426
0.787620815	0.835920003	0.939840135	0.808821186	0.88901697
0.837768563	0.805055197	0.82350664	0.811749543	0.714650807
0.871472387	0.777827362	0.924979593	0.819094517	0.796634235
0.828170531	0.818797922	0.913732972	0.768352188	0.504923878
0.760864822	0.825494333	0.778790526	0.954971079	0.780626171
0.914046092	0.821588861	0.88719929	0.880690344	0.840358035
0.981162481	0.772788016	0.845775971	0.808022228	0.664248494
0.759563691	0.849000261	0.836086873	0.831077778	0.78895333
0.798155052	0.795655205	0.79104987	0.799513854	0.918621884
0.784473654	0.854192254	0.816999559	0.836421651	1
0.837170597	0.782865259	0.804215096	0.83709448	0.581303788
0.81224929	0.85673607	0.715705351	0.832571911	0.581717123
0.800707323	0.810370874	0.908141926	0.884420293	0.589113277
0.825010292	0.829466332	0.846512012	0.819067162	0.854431406
0.741934743	0.863935324	0.945195688	0.776845845	0.862420837
0.753207651	0.771194336	0.837309055	0.898936222	0.539630105
0.818467513	0.765758329	0.817242956	0.820959175	0.538021845
0.818992711	0.909714089	0.838873098	0.820949277	0.913012244
0.767825366	0.737980881	0.818245293	0.867604191	0.943577623
0.836388962	0.794383264	0.768419106	0.789433404	0.661645134
0.819207624	0.903329482	0.951625879	0.884041558	0.569429458
0.843479517	0.822333447	0.752009548	0.801460654	0.882428105
0.836414027	0.866877665	0.813790423	0.826152252	0.53475699
0.786613932	0.759016194	0.875194649	0.772617973	0.693873261
0.893608562	0.822654335	0.843536113	0.803103435	0.678198375
0.694179405	0.820344806	0.832730961	0.830456814	0.643285844
0.847737552	0.877679787	0.981282339	0.877587919	0.694795866
0.769314642	0.808913312	0.847622777	0.851136362	0.776433202
0.873866978	0.793045458	0.725198103	0.971728626	0.682837156
0.830695012	0.868116413	0.925915743	0.838849415	0.502769136
0.84566383	0.87652055	0.896944953	0.907675449	0.845195738
0.798332652	0.809114739	0.804514822	0.932692335	0.819348707
0.842326941	0.857444546	0.849524192	0.879278446	0.998615954
0.698738438	0.834168458	0.777535584	0.826423927	0.915563049
0.809609192	0.900919284	0.782750466	0.869347379	0.756597144
0.813132966	0.826030195	0.853343528	0.836021152	0.706297056
0.786189024	0.855137214	0.824199432	0.913595867	0.961334605
0.885231175	0.812351022	0.819690031	0.884252112	0.975809897
0.887409399	0.906650461	0.853924123	0.770822818	0.581618623
0.763672222	0.793734883	0.805037686	0.863814146	0.750677739
0.794811767	0.86180668	0.880868495	0.867933159	0.675758817
0.829530604	0.753777673	0.747842322	0.852822415	0.978637135
0.721272045	0.766031794	0.844673423	0.801822406	0.774882255
0.748463428	0.771600219	0.807678864	0.896416489	0.91878521
0.803574658	0.840444827	0.936470775	0.783841751	0.56143989
0.838948652	0.889724727	0.887177451	0.844394958	0.754737896
0.871326231	0.762001723	0.867105985	0.792965924	0.6318527
0.80957939	0.762540984	1	0.868856885	0.828531411
0.738235235	0.7671316	0.828082307	0.879531144	0.560225902
0.870231537	0.828739095	0.817032348	0.853925798	0.64940605
0.796333161	0.766569261	0.84430979	0.807661897	0.918505742
0.714246569	0.906474922	0.801048117	0.845749999	0.61821757
0.758621001	0.794593602	0.887197317	0.748398195	0.965442841
0.749576473	0.755839054	0.788343892	0.822569091	0.542042125
0.78099193	0.791460703	0.848103032	0.928936139	0.856996981
0.892119146	0.796015122	0.797687088	0.780571765	0.654812258
0.790366774	0.796426933	0.865926438	0.859946315	0.725978808
0.800817746	0.764148328	0.881743013	0.917933421	0.925791086
0.824969897	0.757394078	0.816805305	0.809140174	0.610829387
0.763652108	0.788310323	0.788000759	0.752222579	0.556140113
0.844705587	0.820600736	0.879725987	0.808307542	0.812959059
0.796216771	0.824930825	0.850049521	0.805957084	0.510389231
0.798197263	0.916883137	0.873435223	0.829863627	0.983875082
0.672002967	0.730726267	0.785152297	0.798793605	0.796418152
0.796002069	0.856925129	0.896358763	0.825692457	0.787686054
0.744260262	0.8734387	0.853216333	0.901430723	0.504681825
0.803801806	0.900449312	0.921630526	0.801725124	0.970906944
0.77885915	0.744541344	0.798673708	0.894095097	0.846818838
0.793896411	0.824621813	0.886505917	0.799467411	0.640937185
0.799351498	0.809171791	0.849672827	0.91134956	0.907100326
0.920230891	0.86025271	0.820772023	0.870764385	0.516272306
0.764187399	0.740900663	0.753689056	0.752876962	0.710802441
0.809011943	0.831691239	0.862524708	0.797907266	0.850141653
0.852511125	0.816619535	0.843370842	0.859935231	0.98845281
0.875550048	0.851903241	0.925877609	0.887353125	0.546397453
0.7769536	0.759037646	0.89950978	0.828705586	0.59031727
0.755092145	0.862347853	0.776976215	0.833296102	0.566200559
0.836109039	0.813875618	0.848151656	0.839246387	0.682511532
0.818464749	0.796109689	0.969164488	0.784407919	0.853172451
0.744865565	0.906787971	0.7154388	0.82727003	0.838220676
0.74989109	0.826973064	0.880579292	0.813477453	0.736181763
0.706199043	0.818887681	0.796076286	0.930338406	0.66724384
0.761743473	0.88061841	0.789520505	0.711749516	0.612148123
0.851071606	0.793635557	0.825177471	0.888414848	0.87788959
0.785781621	0.814970462	0.812058543	0.849718319	0.869163373
0.820870182	0.852036383	0.939152441	0.864478044	0.771652168
0.875443241	0.851640371	0.890168358	0.833437259	0.775502128
0.821584219	0.807902403	0.810089971	0.898816632	0.637116972
0.797412258	0.847472134	0.798424198	0.773543832	0.561524995
0.84858371	0.900484302	0.938592665	0.88566734	0.887764844
0.881695087	0.803656372	0.77791292	0.785028089	0.938007714
0.842043053	0.886943848	0.772264871	0.865620685	0.880900689
0.758747858	0.758849166	0.784580935	0.861299062	0.633694311
0.794674294	0.810865564	0.885701533	0.824294771	0.622843504
0.928913186	0.828140199	0.904541536	0.85756776	0.748103592
0.815675672	0.836895744	0.796767815	0.809981802	0.648812081
0.781395544	0.881776296	0.769789577	0.841131897	0.976811557
0.781565545	0.901333375	0.83769493	0.899387282	0.843829521
0.814579381	0.763805235	0.779830447	0.762390987	0.934891296
0.909115102	0.887646567	0.851886208	0.877841137	0.538608596
0.81257573	0.833558982	0.96136777	0.787533927	0.753345238
0.855175898	0.699781091	0.759637343	0.780271069	0.843345304
0.764652295	0.854599463	0.809254368	0.839466622	0.77337578
0.841969687	0.802787423	0.794874504	0.844230147	0.558823368
0.847841501	0.811680896	0.820403895	0.841227458	0.893601748
0.778854793	0.748993882	0.883603828	0.870483499	0.924363099
0.73232454	0.743465734	0.818194458	0.83224727	0.525513188
0.839714934	0.838618102	0.803326066	0.763681146	0.933913557
0.862252156	0.840796371	0.860876249	0.786710594	0.72550606
0.795629723	0.909556408	0.858806961	0.916520982	0.634770937
0.78428606	0.856977216	0.920032146	0.83891177	0.524362138
0.781967452	0.852954031	0.896604313	0.854529446	0.988962655
0.772412076	0.890412201	0.875984427	0.741888013	0.599337094
0.836315194	0.906757583	0.833647208	0.889242577	0.628433719
0.827800564	0.820273542	0.895394104	0.854863801	0.52589894
0.806045661	0.868428061	0.95008562	0.848921922	0.696443903
0.738547244	0.752284893	0.791183697	0.88451977	0.890210265
0.751790577	0.872329593	0.800421169	0.893340215	0.780679614
0.85044032	0.91701456	0.903749543	0.803916658	0.770455011
0.763420806	0.888700846	0.803209359	0.822282251	0.929764413
0.845239847	0.876566396	0.834278897	0.770672037	0.890039525
0.801314181	0.885749031	0.839710084	0.766034741	0.885330913
0.84632805	0.741743152	0.903571179	0.786766829	0.800286122
0.920196919	0.809105263	0.849573462	0.76711161	0.603444425
0.741599926	0.85111724	0.86378059	0.862279559	0.552977714
0.818459524	0.772081248	0.826846151	0.795857031	0.73670019
0.767248547	0.806967859	0.830296768	0.908103955	0.753543209
0.72166796	0.794539289	0.965405879	0.806637794	0.548577173
0.85346824	0.826692821	0.863201622	0.84392446	0.664642572
0.817743071	0.896166837	0.825693798	0.868854208	0.881805401
0.781824798	0.836785423	0.852340264	0.796955402	0.521984601
0.817634067	0.843362443	0.79422159	0.818243849	0.580426513
0.763258522	0.885439098	0.88808534	0.81310777	0.995506846
0.791169859	0.85035752	0.890221707	0.803152418	0.852646073
0.823714449	0.800226361	0.839996865	0.760119858	0.86427173
0.784665894	0.831452558	0.865517868	0.886505978	0.715657272
0.793442044	0.816536548	0.845630625	0.876920591	0.879891551
0.73615729	0.957056964	0.834316945	0.824169257	0.675339719
0.768627212	0.924562931	0.841477636	0.799240857	0.663732961
0.760409274	0.879288739	0.788791619	0.858078841	0.859596914
0.764198141	0.77690543	0.801657373	0.796696381	0.718834076
0.853003309	0.865568482	0.856964813	0.875764591	0.749696532
0.799593257	0.838509269	0.746650994	0.876801839	0.595296251
0.839479861	0.864394169	0.887982041	0.894396411	0.739499026
0.80508459	0.724261109	0.83125352	0.883169008	0.559359769
0.90605686	0.829882059	0.895987722	0.844649222	0.509404654
0.76119211	0.790507075	0.930692069	0.844243565	0.63085086
0.776716063	0.767229685	0.839620681	0.88861612	0.919921445
0.730894117	0.88879041	0.916620815	0.820346856	0.951315933
0.792195551	0.850653167	0.936449212	0.891171007	0.888060416
0.747962818	0.781433561	0.882029817	0.893572416	0.745062319
0.770913296	0.839771477	0.857693858	0.75921864	0.865967781
0.838862565	0.8013201	0.886313591	0.859276069	0.912918059
0.838288431	0.802643022	0.96784643	0.905441321	0.732053106
0.808624056	0.888735677	0.779353291	0.800086307	0.74762311
0.880239868	0.845631189	0.916796679	0.854823216	0.790807728
0.768378594	0.881265241	0.902829379	0.89844108	0.695940997
0.798644605	0.706102347	0.936361241	0.834082398	0.596711921
0.771996226	0.70168788	0.857464287	0.86598418	0.896990017
0.734415218	0.892362439	0.854868753	0.754021233	0.851590582
0.823738961	0.739455173	0.864618521	0.887823696	0.562493572
0.848869589	0.832149075	0.812055218	0.807389487	0.96931362
0.79999244	0.878828796	0.712417691	0.83299356	0.912625208
0.750718915	0.854797427	0.728804606	0.869365252	0.87571304
0.733380118	0.776931343	0.756647781	0.880506744	0.945747001
0.804729327	0.740791884	0.78535865	0.795112306	0.577331385
0.749269749	0.844704968	0.864723251	0.868774882	0.547751907
0.762461723	0.893407302	0.873887552	0.743467375	0.880263877
0.723490809	0.764760995	0.85355575	0.83964526	0.784992884
0.843317233	0.841983943	0.772391076	0.822098422	0.737007134
0.815821147	0.76294313	0.794112472	0.798655108	0.584916704
0.888664348	0.808612893	0.810144502	0.81376104	0.936675222
0.866795691	0.770942809	0.832100488	0.829224937	0.876602218
0.776247601	0.852790875	0.906452277	0.752934048	0.510402088
0.875174201	0.799929421	0.950152135	0.858065361	0.865418282
0.847531712	0.83956345	0.767438711	0.89150863	0.768489403
0.827096601	0.823358972	0.815796266	0.798658184	0.93299095
0.88459803	0.825693839	0.923845816	0.755988875	0.554882613
0.877310045	0.705655543	0.886085155	0.754631877	0.941266165
0.795671917	0.832081829	0.794879281	0.711226722	0.928650712
0.851095062	0.770733533	0.766624121	0.868767652	0.769220959
0.820678239	0.854621699	0.748411323	0.771976086	0.672905531
0.909090466	0.879858373	0.885777143	0.964793625	0.517767774
0.814829852	0.787518937	0.853195582	0.823794283	0.781483977
0.856987706	0.809694535	0.855354132	0.777682724	0.954202998
0.813624532	0.742357638	0.785330642	0.854792842	0.972659299
0.780290575	0.847245087	0.847934454	0.772875372	0.506999666
0.818218776	0.900814789	0.833583013	0.830679668	0.859508211
0.742302304	0.802839447	0.796994277	0.855009002	0.801224341
0.763796796	0.800158938	0.869624667	0.796519593	0.721430927
0.8958656	0.76228471	0.870320942	0.790001085	0.651546635
0.929571785	0.851946807	0.93686806	0.883193861	0.98224598
0.827402603	0.829215163	0.731394993	0.766723872	0.866582562
0.76516957	0.951036337	0.788063289	0.939603	0.831921417
0.779325108	0.792323555	0.924702656	0.850743572	0.582888819
0.831776753	0.762512997	0.858142881	0.801454021	0.932236891
0.7581213	0.827755898	0.871611939	0.854677294	0.583113349
0.756991483	0.764957017	0.880272463	0.858465215	0.705795002
0.829995306	0.780843064	0.908470638	0.854537928	0.525470845
0.69386892	0.736835	0.843049883	0.777589891	0.703099618
0.872105347	0.874906426	0.827890134	0.88252695	0.713258605
0.843167104	0.797281737	0.863678331	0.796602221	0.542201387
0.797032193	0.829585434	0.957371599	0.891892565	0.958455025
0.87613686	0.902997271	0.858993055	0.837214172	0.804728288
0.859211217	0.743860358	0.897394793	0.810827152	0.621515269
0.857563211	0.759614129	0.791366707	0.83414555	0.575303487
0.897594497	0.894283458	0.712606984	0.821967084	0.711480597
0.713897827	0.803813968	0.758030925	0.933586481	0.644588832
0.794161631	0.751062856	0.925828707	0.933784049	0.520601691
0.823049431	0.954837572	0.759155931	0.821971791	0.822752667
0.808942568	0.828421964	0.813113667	0.791674926	0.771036184
0.797039506	0.85568365	0.803385047	0.863589818	0.883097008
0.781245306	0.727852671	0.870747542	0.882657479	0.81670332
0.80877148	0.795912737	0.785884087	0.883751552	0.684927534
0.772031322	0.868731049	0.74311696	0.84516136	0.980792606
0.820099691	0.895311837	0.811798726	0.799573933	0.951894345
0.770650567	0.849568739	0.892222776	0.901744544	0.88947913
0.806454085	0.777561866	0.88629758	0.792177011	0.9695852
0.790893688	0.806391963	0.867008909	0.805838351	0.845293044
0.723447855	0.869006547	0.898157927	0.775512302	0.784518608
0.863618962	0.813676388	0.786272076	0.881087218	0.512797462
0.836557859	0.828163108	0.774610278	0.834214791	0.852552583
0.79402323	0.81693199	0.884500954	0.779691755	0.823627292
0.798445679	0.91009147	0.809132305	0.814431092	0.958301975
0.799290876	0.740978742	0.768376126	0.875606276	0.690089432
0.722868553	0.734267961	0.968627746	0.826306579	0.773836926
1	0.805834965	0.837212487	0.709538715	0.953572309
0.829401148	0.783683611	0.846529263	0.852456652	0.852801971
0.81221934	0.778739863	0.751482151	0.824507431	0.686359448
0.799306388	0.848248178	0.79583775	0.877648388	0.910701137
0.783138307	0.795694047	0.880753689	0.881567085	0.615889867
0.792271565	0.864088006	0.783011792	0.825551163	0.943965928
0.830583185	0.802945581	0.840332526	0.830250115	0.950442175
0.836030246	0.774164056	0.786466322	0.700453221	0.632623919
0.917977423	0.82121146	0.847690413	0.85303436	0.882632837
0.814331128	0.691079742	0.867703831	0.924430893	0.821019691
0.807702582	0.846877872	0.781963849	0.856230481	0.998610908
0.876301017	0.808228319	0.889265219	0.847570464	0.634149416
0.730795888	0.791821751	0.787545106	0.903977201	0.865700672
0.834523553	0.794627982	0.891311285	0.744141275	0.748366255
0.860553198	0.930893295	0.863259717	0.829663223	0.832834576
0.797858498	0.72402187	0.763459009	0.781964509	0.898658142
0.856225105	0.808999448	0.852988254	0.856017621	0.73220837
0.871347677	0.942371087	0.783138067	0.783644491	0.876316634
0.749797644	0.835753492	0.885407072	0.871793486	0.524275215
0.815401894	0.786191307	0.803307255	0.769163002	0.510192429
0.792627787	0.886748827	0.768086862	0.776967522	0.702144212
0.92007903	0.865992958	0.769291377	0.806597391	0.614337734
0.805826013	0.764954003	0.853275321	0.865594975	0.726436537
0.779690003	0.839048582	0.952421371	0.716361542	0.927615664
0.708610607	0.928125163	0.848947017	0.863696747	0.753931866
0.82882025	0.853339562	0.752872551	0.789202131	0.708957148
0.812622917	0.801755687	0.926103967	0.884850371	0.999648049
0.85406187	0.803530149	0.868314835	0.850399831	0.902993328
0.756027784	0.890984819	0.902570846	0.907694591	0.938505905
0.804754643	0.746254688	0.750269122	0.777673767	0.77088394
0.857033585	0.862289466	0.82186002	0.833613823	0.575104122
0.79560783	0.820368721	0.913041077	0.856417191	0.905627507
0.849284245	0.864543159	0.738860993	0.749632399	0.557019964
0.87295298	0.778474802	0.960477613	0.692690368	0.511078942
0.872050939	0.770127892	0.82665531	0.8710334	0.964752479
0.763343399	0.862367692	0.880419146	0.799658158	0.630500001
0.785667785	0.872978337	0.835377617	0.837279711	0.531093929
0.800259111	0.772679816	0.884424161	0.798977571	0.887420576
0.801058014	0.78617671	0.800576051	0.955159061	0.559810607
0.90734994	0.901522262	0.862838318	0.924591065	0.787836824
0.742815318	0.791985037	0.773420567	0.83596455	0.776336063
0.856593697	0.793080868	0.855071573	0.696687969	0.514489642
0.729390127	0.950678995	0.853578169	0.802651549	0.871488951
0.80871545	0.808778348	0.958646027	0.760588185	0.919160567
0.876329942	0.751973346	0.828016187	0.772568902	0.556283619
0.734447601	0.873577536	0.745805023	0.758483887	0.765285879
0.742063569	0.820354066	0.827843385	0.874544655	0.829189882
0.847538906	0.92453486	0.912540541	0.816855604	0.712860786
0.830008737	0.722252429	0.829785443	0.856391431	0.747823192
0.757116287	0.836656146	0.784924454	0.842852898	0.787002119
0.736367179	0.911600821	0.860023178	0.757226217	0.547575848
0.72268827	1	0.77715108	0.827068123	0.83417744
0.893404298	0.820986502	0.778559758	0.834493158	0.551351586
0.80614322	0.827069553	0.823777613	0.73357776	0.64977821
0.804230702	0.852139108	0.835936012	0.79591947	0.720341514
0.94797372	0.770732527	0.750077507	0.878095217	0.968609132
0.77090916	0.778456167	0.829928619	0.85459078	0.819870633
0.873580117	0.848000603	0.927266845	0.873402549	0.578057832
0.715254565	0.841280856	0.862706419	0.810440183	0.564512058
0.79290622	0.730973079	0.84502991	0.768168026	0.892813137
0.894218979	0.878070793	0.835681487	0.851313325	0.891867731
0.789857284	0.786289381	0.765611623	0.769616482	0.826693297
0.849596324	0.834312505	0.845078959	0.823264398	0.748193912
0.775560855	0.829259772	0.845483781	0.819282977	0.594713375
0.72384198	0.766464058	0.828851682	0.895025789	0.851960061
0.85164192	0.761192934	0.838934811	0.69820236	0.620287937
0.8747057	0.820819496	0.769074579	0.814791202	0.997271777
0.898209474	0.808749252	0.841666868	0.693000929	0.984183753
0.765467881	0.817550044	0.78872873	0.81416039	0.978576518
0.845074519	0.884333492	0.678778415	0.875447278	0.686190485
0.093883142	0.211911497	0.434316325	0.134897166	0.22873642
0.110242198	0.262724398	0.478574771	0.132078421	0.08052909
0.097208268	0.169897911	0.165464806	0.180866867	0.106563841
0.117839373	0.158621818	0.506973746	0.172608416	0.204757473
0.129139628	0.218899152	0.189317561	0.21644523	0.211386495
0.2328034	0.076983301	0.288474155	0.125855585	0.174081439
0.144498078	0.142022111	0.244056276	0.185371905	0.112848679
0.06433473	0.277754922	0.265795684	0.155931763	0.153705957
0.153111195	0.169092267	0.220386356	0.215748715	0.193311087
0.099097819	0.156705326	0.180277905	0.212085421	0.144600102
0.312501728	0.172739303	0.010287673	0.196914124	0.089138833
0.168914731	0.177992474	0.403716203	0.17145474	0.117604211
0.27257336	0.192346873	0.061001543	0.232194122	0.139619403
0.086188689	0.19807212	0.382404009	0.243767296	0.173849169
0.075707493	0.220898122	0.54862855	0.086570467	0.151724614
0.066840989	0.155888435	0.319574186	0.183549304	0.140526862
0.195346375	0.219185451	0.427025479	0.292637699	0.092885948
0.186256311	0.176865796	0.2396785	0.118416607	0.167124666
0.12714357	0.201024732	0.183287633	0.241610204	0.078507113
0.1665319	0.186204345	0.525307225	0.238963757	0.097802369
0.129930077	0.090068417	0.376566038	0.122091875	0.121745424
0.094978514	0.083527225	0.060152308	0.166577134	0.134118804
0.190481202	0.229428422	0.536578007	0.133312261	0.216256342
0.179883981	0.136296901	0.168711344	0.130739459	0.09673148
0.111694493	0.27634661	0.52432494	0.299795995	0.030542796
0.149291957	0.266240284	0.467139065	0.215415084	0.167472755
0.205585402	0.138287755	0.129553987	0.238258877	0.071166308
0.192895859	0.22016193	0.11634253	0.125774546	0.176022871
0.1824607	0.194732131	0.524833103	0.139899782	0.091696344
0.165743309	0.169598186	0.084135689	0.128544493	0.084832537
0.168575746	0.126257145	0.531755313	0.184756541	0.258837105
0.006671508	0.015701752	0.503039699	0.172003511	0.076109789
0	0.259008992	0.138876989	0.21993011	0.096496707
0.154087093	0.126098749	0.409581545	0.132942887	0.147264216
0.121602656	0.158408198	0.102058734	0.186548627	0.158690487
0.143997195	0.107114295	0.414048192	0.2075067	0.085173933
0.179428937	0.139593135	0.019048171	0.187448354	0.072858243
0.068022802	0.214069612	0.287282616	0.192730122	0.113708535
0.076321505	0.146885009	0.104094671	0.234243025	0.140481718
0.145583677	0.193098887	0.4501272	0.161768334	0.097780491
0.145868743	0.182140169	0.13136778	0.107984716	0.129428215
0.160242099	0.131595282	0.090985297	0.186129159	0.085619474
0.13545911	0.149188269	0.355308205	0.226615807	0.09199036
0.162408922	0.15528214	0.541711224	0.184952805	0.089548249
0.17755294	0.217354722	0.291818709	0.065780488	0.170915204
0.1910305	0.178257156	0.176686367	0.1534976	0.1301255
0.134511054	0.102634736	0.143751442	0.169081271	0.112249641
0.205240798	0.121474591	0.140875693	0.216825679	0.122771554
0.14284919	0.246771745	0.183435314	0.119305275	0.155470897
0.227035957	0.111562524	0.1495216	0.151669683	0.186445348
0.194026828	0.182519042	0.420034033	0.180642479	0.133559021
0.164544794	0.136371584	0.504886197	0.191877711	0.137308429
0.258189893	0.122850467	0.004859732	0.190778018	0.166202034
0.174886747	0.091454281	0.246277184	0.239092716	0.17467406
0.144649456	0.296309732	0.101947802	0.100292997	0.170727641
0.257905901	0.160761434	0.093863163	0.157909882	0.163022244
0.127023491	0.101306002	0	0.204039523	0.10276817
0.245469802	0	0.01074791	0.221599283	0.228595995
0.179601574	0.131430978	0.264227419	0.195272731	0.175320421
0.073571806	0.076945802	0.086042695	0.187990241	0.234229633
0.099262456	0.18347965	0.172698099	0.185918633	0.211596569
0.147754722	0.164795294	0.382318464	0.115403335	0.173478959
0.165704672	0.191911532	0.356964569	0.190659774	0.198460853
0.210001282	0.14081176	0.500052394	0.233312615	0.177312203
0.129492048	0.23867662	0.503084011	0.230937518	0.128464281
0.161261412	0.184376082	0.089319738	0.215803802	0.106435953
0.26371632	0.219547135	0.434870552	0.136404184	0.117081342
0.115414756	0.222885173	0.290625851	0.109553895	0.192140521
0.123387801	0.221501199	0.108827006	0.156073228	0.197395213
0.003890729	0.094022295	0.296871783	0.241682374	0.139946952
0.121479101	0.054329793	0.415577742	0.165300649	0.120630034
0.1622559	0.19568644	0.43968753	0.19340663	0.174279108
0.101156546	0.153586722	0.346806632	0.184094443	0.171934094
0.193271564	0.096574928	0.511786906	0.191652076	0.15862275
0.173300249	0.151290949	0.26905672	0.185878668	0.141135863
0.280795566	0.13474185	0.216539518	0.17810455	0.182225168
0.209335421	0.142458199	0.135196341	0.311652441	0.263174191
0.152534926	0.265966411	0.261756054	0.211555019	0.171242401
0.225433257	0.276073098	0.533851424	0.269360607	0.111302259
0.112460313	0.157842764	0.217814171	0.094811024	0.13136266
0.082631108	0.254091747	0.558993485	0.1971524	0.154194758
0.125756553	0.25443013	0.271375253	0.188966202	0.176917226
0.135816897	0.219097015	0.084048059	0.179536765	0.170235935
0.207013497	0.158979835	0.203451479	0.142118444	0.172559376
0.106732056	0.173525445	0.413204744	0.199590263	0.147964276
0.092612579	0.29159291	0.405335717	0.218229313	0.199798618
0.120348207	0.173929212	0.465655128	0.120493904	0.142677871
0.102515701	0.167040482	0.45606566	0.149208458	0.164396423
0.146326364	0.103108932	0.053154229	0.194291954	0.133979056
0.090005948	0.15563863	0.493080685	0.176816925	0.120354286
0.133245408	0.067183921	0.317594417	0.146662237	0.202093005
0.113754926	0.172014752	0.297664611	0.096644375	0.216693648
0.175896128	0.143672147	0.209048077	0.117583664	0.039311287
0.071016996	0.123735478	0.214256138	0.143720234	0.224758375
0.188370643	0.120085207	0.006870301	0.132220583	0.147076914
0.232869604	0.227317952	0.106091047	0.09868531	0.157952226
0.10777038	0.186558061	0.350103626	0.126540441	0.140599938
0.186303554	0.103612875	0.452432389	0.208371458	0.16340835
0.193897823	0.192236674	0.140998339	0.192839324	0.214723505
0.180632422	0.090263011	0.313672112	0.140642365	0.25190594
0.139879741	0.165697074	0.087619577	0.135316749	0.141532587
0.052265439	0.204949874	0.400332391	0.237450805	0.192486037
0.125520661	0.091265211	0.253430896	0.202871663	0.174894325
0.172874908	0.151424799	0.182750518	0.222304009	0.113503014
0.103678148	0.10690906	0.416642135	0.138336946	0.194027639
0.16942684	0.208483023	0.214649897	0.1427435	0.131239104
0.085203116	0.121147517	0.512538847	0.243099776	0.098018017
0.183102534	0.185975726	0.154440698	0.233001665	0.153568504
0.126114811	0.090695045	0.201237824	0.213473272	0.221382004
0.214098274	0.201681896	0.37678388	0.228690114	0.11870404
0.18016083	0.11073544	0.461625193	0.176934317	0.083432991
0.102213607	0.106710858	0.24187288	0.198137446	0.144491154
0.13622913	0.19783304	0.087026162	0.178451136	0.112989494
0.147940581	0.148724688	0.271549279	0.319476523	0.111645589
0.165735721	0.179148249	0.465481604	0.208487167	0.150115674
0.19931192	0.213348181	0.517694869	0.184448799	0.171350749
0.231997551	0.185274549	0.134384071	0.23084147	0.090966974
0.196742014	0.182476973	0.206680909	0.188466572	0.183842603
0.129215909	0.208992412	0.455044325	0.159953447	0.191597644
0.154830526	0.236398574	0.228381262	0.13636487	0.246700095
0.077613847	0.2018239	0.180117979	0.079961551	0.143632014
0.198284218	0.175132044	0.134841649	0.064190908	0.200569538
0.129109777	0.166015442	0.317441247	0.187998091	0.124210896
0.195703069	0.227734405	0.372884819	0.217166299	0.181333799
0.147077723	0.235475809	0.271796522	0.242815292	0.073805475
0.178749104	0.173586132	0.152227537	0.163832773	0.147432019
0.111628511	0.236040963	0.439527208	0.227566036	0.117905945
0.114428596	0.093060711	0.217217639	0.144684781	0.198262175
0.170401857	0.084156816	0.009043485	0.268061085	0.181223026
0.169234526	0.13548187	0.555228527	0.129968244	0.119546507
0.209430855	0.153761693	0.523514324	0.2849984	0.225081387
0.146762721	0.153327668	0.476556604	0.248454171	0.12661735
0.145783816	0.14908425	0.423949467	0.204090603	0.181055403
0.165343023	0.276664917	0.455810504	0.186427944	0.232358346
0.159292489	0.121536469	0.375155751	0.129558077	0.121765888
0.100399007	0.160517961	0.327837303	0.262570841	0.194461693
0.169575515	0.233683742	0.071608308	0.22529209	0.155407545
0.107820753	0.238937333	0.545046043	0.100130677	0.16373921
0.121644434	0.195167853	0.47604045	0.143179618	0.104197391
0.086045304	0.288461628	0.052386483	0.154746154	0.168806746
0.148118768	0.188231059	0.324458133	0.283329839	0.151968556
0.187561025	0.15819767	0.451063144	0.205280408	0.150193344
0.177699455	0.148124984	0.052209888	0.174193855	0.088835029
0.190959447	0.210381002	0.445219261	0.147370163	0.165385464
0.100982883	0.093766951	0.529331078	0.168599188	0.079890307
0.057319134	0.14389122	0.233939291	0.155077109	0.100454219
0.13449048	0.083287388	0.313763346	0.113486959	0.193995369
0.21864443	0.155421933	0.036082406	0.179449624	0.138549033
0.094756087	0.223218135	0.556673048	0.213839043	0.038175242
0.14524041	0.125915771	0.395299536	0.189485821	0.153051693
0.11280572	0.161083465	0.34250709	0.156267947	0.198638735
0.192486527	0.13668495	0.192821436	0.15738969	0.011341046
0.035233365	0.236367897	0.472658966	0.152459217	0.187941389
0.202190362	0.189865094	0.273105069	0.237739616	0.15649538
0.114949965	0.15182719	0.522855082	0.142970419	0.174137748
0.187516971	0.16815096	0.431876959	0.198248489	0.216060497
0.148469441	0.338670432	0.012100271	0.078773767	0.066789526
0.106441859	0.220929959	0.509958378	0.180778789	0.057462132
0.09651845	0.137534277	0.362186161	0.231123712	0.191753599
0.073658214	0.081886901	0.54073914	0.259064426	0.126508653
0.090625876	0.035802868	0.314814276	0.245455512	0.189262033
0.196561956	0.148263049	0.352757496	0.223847501	0.130505445
0.21476557	0.118022636	0.244934949	0.10907806	0.202345238
0.142119909	0.138405475	0.197391841	0.182677878	0.153425526
0.13804427	0.111718243	0.280015691	0.233154663	0.173673028
0.102206343	0.151475851	0.400051345	0.145931027	0.107393611
0.2452275	0.085379431	0.382708363	0.178164447	0.213711543
0.116720262	0.149741721	0.178473683	0.151839976	0.143558692
0.144427661	0.091556029	0.268451403	0.236392377	0.16148066
0.139911734	0.113997621	0.553223969	0.178778846	0.149011103
0.244419593	0.165313095	0.467252853	0.11754399	0.260299984
0.124800584	0.226960583	0.330547823	0.158288492	0.141321374
0.131718502	0.212613126	0.311644933	0.147371562	0.152435638
0.047651784	0.128119747	0.390768288	0.192710376	0.16221011
0.142784878	0.126716398	0.271591644	0.187967901	0.207497324
0.156168174	0.2052509	0.242954805	0.23804848	0.110294684
0.062212804	0.28343718	0.088097129	0.16358932	0.109781483
0.118003569	0.192040932	0.486300389	0.161970476	0.192089471
0.185618535	0.172473788	0.524710511	0.153707871	0.167301211
0.107568922	0.149109258	0.037550176	0.283792596	0.150515528
0.162657645	0.214094294	0.353693584	0.112630749	0.160152682
0.039524327	0.229797503	0.524064706	0.167076452	0.136232881
0.121744716	0.283469735	0.404172435	0.238317398	0.162004049
0.215285727	0.158661034	0.525189703	0.122503842	0.135622817
0.137042535	0.185791128	0.172614774	0.200433644	0.161056529
0.128998345	0.062699686	0.542289272	0.221979319	0.169849941
0.120166888	0.195634374	0.508903548	0.086201355	0.121899689
0.203517061	0.152760281	0.500124361	0.153122094	0.217241473
0.208563718	0.228450633	0.266757096	0.142805012	0.136892918
0.100227556	0.165263088	0.223373784	0.048380102	0.188547327
0.121807504	0.184966096	0.546296149	0.127090394	0.128801137
0.17950178	0.103936348	0.322315903	0.125079866	0.12642439
0.095802868	0.27567771	0.08547174	0.255963276	0.118690077
0.212549133	0.155792973	0.54860235	0.179489383	0.266641139
0.132974112	0.157874164	0.297293598	0.163113571	0.122676241
0.226791623	0.095598991	0.177360742	0.234405203	0.159512416
0.171096795	0.219490289	0.284065384	0.18509692	0.0633196
0.129716002	0.235040936	0.313351587	0.126333374	0.184512055
0.108454001	0.189767651	0.506529378	0.233008816	0.166891772
0.163096341	0.256290835	0.251575787	0.261033978	0.201239139
0.16070167	0.096895042	0.254532388	0.10267521	0.228560029
0.14276451	0.326203186	0.34716522	0.151902796	0.137831741
0.04905747	0.124610637	0.346805112	0	0.177754156
0.110147393	0.167745189	0.544088814	0.140127104	0.185515438
0.202889925	0.157775178	0.426957431	0.238252956	0.122815364
0.21713267	0.182627203	0.211366987	0.201466376	0.191671373
0.153052421	0.249944474	0.246539925	0.162507063	0.185179256
0.146743452	0.198979342	0.470196087	0.208061791	0.24403375
0.078435827	0.110436525	0.24528093	0.095709463	0.145304081
0.1366157	0.253187484	0.299996639	0.167232252	0.17729293
0.16172145	0.181768437	0.047053891	0.21229838	0.193944173
0.184558469	0.187994523	0.170454325	0.233180089	0.15934683
0.133417429	0.17379493	0.511877414	0.179367469	0.093994441
0.253456761	0.175644723	0.558183088	0.136893493	0.143094289
0.037717493	0.15181667	0.352408491	0.158413673	0.106596466
0.134296901	0.119082185	0.466775346	0.147604651	0.237214968
0.140387139	0.286059846	0.471348694	0.137232307	0.190895257
0.21062125	0.169117791	0.36437382	0.184193163	0.15854387
0.067781837	0.150553603	0.281511131	0.236453078	0.103076495
0.135459378	0.167433882	0.391450772	0.247312721	0.185021463
0.155836445	0.22012227	0.27007177	0.061665942	0.151554513
0.110689048	0.11979418	0.343303239	0.17085594	0.102645354
0.145460416	0.173874597	0.048611069	0.235514441	0.072046153
0.166332994	0.201142524	0.542652881	0.107072669	0.225828402
0.120007228	0.100042508	0.124057116	0.136547271	0.160200384
0.027966038	0.084070175	0.493735035	0.221780617	0.140440315
0.096219837	0.113970679	0.198604945	0.164639584	0.1290148
0.259156265	0.114122477	0.052425473	0.137811222	0.160795912
0.216016799	0.194281419	0.420857604	0.205714242	0.176029972
0.255052226	0.189602407	0.282191186	0.247946627	0.205045889
0.170034455	0.158941608	0.427370935	0.128791091	0.207970874
0.094169	0.186973226	0.025822805	0.196228366	0.153546116
0.110713008	0.254132279	0.150488099	0.181536455	0.167622432
0.225263171	0.160788435	0.059534189	0.174022184	0.142872194
0.117025893	0.22651739	0.124704384	0.169681228	0.11579614
0.140602287	0.120064756	0.332429891	0.155296212	0.202489132
0.129010494	0.102196217	0.026014494	0.23643773	0.208584782
0.124660226	0.128034176	0.443850598	0.154786436	0.161380685
0.060088595	0.108744775	0.464585892	0.223368943	0.121579012
0.14392388	0.157174528	0.546672899	0.144523817	0.245374019
0.080243209	0.197982831	0.289998857	0.178919508	0.180824501
0.17655041	0.109331281	0.25510436	0.216270763	0.157469669
0.159333038	0.152875337	0.008790824	0.218532947	0.1782771
0.161985463	0.208286176	0.175458992	0.177184504	0.167390667
0.145798904	0.235252798	0.521001992	0.100774953	0.009681023
0.211779644	0.24293004	0.154638113	0.190480256	0.219915966
0.070280921	0.191514317	0.208505968	0.11721116	0.113755019
0.03147144	0.211488549	0.144880237	0.16494287	0.177330867
0.152201855	0.166508248	0.265030233	0.104420325	0.190394672
0.15154401	0.147297554	0.077292918	0.164111775	0.215849567
0.179949115	0.211916048	0.267406027	0.26211417	0.131491951
0.156395606	0.166341884	0.14757534	0.226889688	0.160404573
0.176317657	0.092594764	0.484067405	0.094336385	0.116269319
0.227752644	0.190665959	0.177816411	0.229396132	0.189031753
0.21518396	0.058062627	0.062054197	0.25321457	0.092590327
0.128762375	0.163889862	0.518913355	0.187244608	0.126452252
0.138113154	0.134768216	0.190282963	0.14511966	0.084601711
0.151828829	0.192542838	0.394938652	0.244408153	0.207215888
0.005088254	0.258867831	0.311574393	0.237564565	0.158231904
0.127286353	0.211028194	0.523969897	0.243385926	0.170355283
0.209369082	0.110319583	0.089043859	0.081605006	0.068441151
0.201028953	0.245387903	0.249568455	0.179901204	0.076953791
0.090384376	0.140724235	0.192362367	0.231388084	0.079286905
0.045071666	0.261375501	0.236085573	0.133075154	0.219053511
0.136728562	0.187266844	0.199649775	0.1604899	0.168670177
0.121118591	0.195208494	0.274447619	0.157949677	0.134907737
0.181331983	0.075731684	0.513654434	0.19044089	0.154551474
0.068674386	0.079523667	0.101625815	0.102249818	0.098410233
0.20308295	0.238401411	0.287105168	0.233227089	0.172022068
0.14393309	0.195243534	0.369343154	0.153286703	0.254317702
0.13889317	0.152610215	0.114666828	0.147307293	0.084567564
0.10794805	0.234141637	0.298631378	0.270171944	0.112089886
0.172837719	0.191253324	0.038529035	0.172828315	0.193623989
0.184944519	0.207953441	0.197160941	0.211094196	0.261523768
0.062414453	0.221451851	0.236632817	0.156215259	0.133440869
0.178917939	0.141890928	0.52350606	0.21917563	0.163390275
0.092746749	0.207355771	0.001127291	0.150512632	0.116517171
0.131288293	0.185544793	0.207979261	0.090564086	0.124993705
0.18973484	0.251418191	0.031653817	0.226819638	0.170568646
0.070633892	0.153124903	0.338457588	0.17167863	0.136246469
0.144728615	0.223615278	0.094773588	0.237631259	0.161662659
0.18289133	0.143366571	0.397719236	0.227247086	0.218531306
0.264950585	0.182624486	0.520753034	0.204495992	0.194735833
0.149247614	0.185001456	0.295043589	0.14894222	0.152276624
0.101340398	0.135497845	0.039041981	0.253770319	0.138508753
0.242208401	0.078400528	0.176692009	0.176684871	0.158147229
0.188475872	0.211434406	0.412959633	0.227491423	0.099950735
0.128391017	0.294312299	0.457151116	0.167815809	0.160124593
0.031755387	0.174411936	0.254918813	0.119221458	0.266885024
0.086448534	0.135166261	0.32306969	0.173185069	0.054211181
0.150326724	0.179120627	0.234207024	0.154080053	0.026736912
0.154492885	0.239140934	0.308738999	0.108835946	0.152823486
0.143318516	0.140608609	0.180008352	0.230482372	0.130702677
0.191817369	0.202896778	0.525368485	0.194114172	0.224065783
0.202643077	0.136240974	0.324805795	0.208797172	0.165682897
0.103342691	0.117014733	0.468070543	0.197243228	0.116166626
0.225297988	0.061034191	0.434381967	0.218982645	0.137369742
0.012508287	0.107356418	0.344558671	0.262895243	0.080715443
0.109255032	0.264945254	0.264303528	0.226654094	0.206543313
0.156105478	0.17675097	0.159793201	0.232679195	0.153818992
0.171613328	0.234935652	0.369527482	0.263155105	0.22185277
0.17376868	0.148986495	0.440622851	0.28229906	0.188143005
0.216405569	0.127136674	0.435355885	0.210586654	0.166245368
0.103912161	0.163983003	0.42957004	0.133055251	0.155666131
0.297389076	0.245768587	0.092648905	0.11238245	0.20565986
0.12672591	0.008785054	0.513110033	0.102030277	0.174424479
0.168619397	0.158730471	0.099568453	0.248314267	0.096225275
0.134389749	0.148851843	0.042003336	0.133739205	0.100712823
0.155950181	0.104675154	0.113372349	0.118267808	0.138684655
0.113513293	0.091328912	0.133605412	0.303326381	0.142026618
0.188031789	0.097751948	0.215849909	0.165496104	0.08267679
0.216079969	0.124795755	0.297205301	0.090953415	0.177693293
0.228630668	0.178969463	0.475555366	0.093790056	0.227166123
0.113365589	0.155059659	0.016584212	0.132091909	0.120612633
0.11296785	0.266422559	0.356815366	0.148373885	0.123968033
0.11451942	0.197400626	0.481271928	0.211144767	0.116979022
0.163055043	0.095808208	0.06992487	0.209925976	0.20907029
0.223863503	0.17112481	0.134430019	0.118102109	0.100731226
0.082159366	0.189701603	0.519155348	0.132742104	0.061168412
0.255063963	0.152429678	0.161390063	0.165936667	0.115405533
0.218247734	0.107928623	0.3797783	0.233158478	0.156816646
0.137002521	0.215604994	0.233136786	0.158085537	0.128980234
0.171149299	0.192350762	0.407697204	0.10931673	0.172219795
0.144418902	0.20751893	0.161451576	0.240391035	0
0.11864348	0.2080103	0.076488176	0.17955969	0.127165969
0.137044542	0.185143667	0.449408213	0.211353468	0.111515245
0.225648695	0.066489728	0.382609801	0.184452098	0.200662981
0.072204749	0.149214536	0.129049531	0.094502969	0.172294526
0.131071616	0.132067995	0.37844023	0.084462306	0.117626605
0.13813478	0.110640672	0.476945607	0.213108225	0.222319455
0.139270169	0.137228646	0.014845155	0.18046757	0.136001951
0.073276601	0.200687459	0.149988693	0.264490169	0.152726354
0.155570136	0.061085462	0.517697175	0.09251029	0.205568084
0.12399825	0.120872506	0.273664572	0.124497455	0.184401371