0.303796706	0.277671783	0.234224851	0.086576404	0.373146472	0.406941506	0.203468322	0.083049424
0.360863785	0.196055626	0.318312844	0.200356685	0.464232412	0.924734401	0.251329794	0.728424007
0.277333975	0.171166729	0.200469007	0.574516082	0.399753609	0.168665446	0.337781439	0.73186232
0.592410394	0.228146858	0.296125843	0.552407018	0.197764246	0.894857053	0.244755376	0.83800438
0.174709553	0.255720718	0.301169113	0.322020617	0.271085398	0.388754888	0.309877793	0.569525262
0.525140806	0.062722369	0.177708308	0.779660227	0.152062445	0.453403304	0.15080093	0.100631298
0.354207558	0.155545903	0.362810336	0.996560697	0.544469746	0.786921474	0.115806213	0.158262503
0.503369264	0.302551406	0.192475373	0.469808598	0.142230847	0.561805232	0.363162695	0.378801074
0.221731551	0.261840386	0.365622424	0.186448026	0.109152599	0.316449254	0.236100003	0.351261198
0.4427366	0.316092703	0.205968684	0.061451754	0.260880793	0.204472803	0.256124477	0.496012949
0.27518819	0.191829031	0.365995591	0.073301809	0.277619684	0.292840436	0.340926066	0.135667522
0.341202315	0.199851946	0.209623213	0.777783385	0.399512544	0.227002035	0.175077232	0.388350079
0.199020549	0.206667025	0.275790175	0.929926647	0.269321649	0.882538744	0.194065632	0.605995026
0.308687954	0.42466138	0.154260864	0.854918864	0.502010959	0.93136608	0.37036813	0.701822759
0.393719159	0.19580705	0.109354326	0.399258405	0.357688987	0.091390367	0.348639239	0.366408595
0.57967072	0.222736308	0.207594875	0.860578096	0.497967241	0.701897414	0.213876473	0.100027841
0.47094705	0.3430366	0.214836943	0.2987719	0.057844523	0.234468159	0.227249687	0.83199733
0.460332096	0.127916529	0.224126915	0.767589138	0.27539678	0.720499633	0.368087355	0.608020448
0.480664362	0.363459002	0.134398643	0.162302049	0.460013673	0.397040066	0.325509887	0.317090828
0.429364015	0.195687404	0.233974382	0.551764136	0.041433185	0.823144969	0.345722506	0.950064889
0.307136494	0.196057437	0.446092177	0.12582771	0.216597775	0.646417257	0.135163071	0.765425373
0.370943481	0.161158923	0.419816685	0.077326969	0.211936223	0.74225491	0.393365789	0.355941349
0.229330932	0.239296079	0.327235337	0.528760644	0.363450756	0.861492071	0.16758425	0.434394738
0.363795175	0.225406945	0.286865866	0.593193739	0.108407166	0.463001242	0.170543906	0.593829955
0.499553187	0.327676131	0.318759621	0.410557688	0.506769151	0.854080678	0.23529022	0.2219656
0.504669871	0.183858572	0.356194722	0.423455873	0.122872283	0.01577031	0.137588409	0.581671794
0.514687635	0.35271224	0.388839071	0.750117621	0.2658741	0.560657241	0.266961286	0.30805317
0.62717673	0.24282534	0.060177053	0.379198347	0.376990925	0.70595035	0.279810882	0.721586833
0.189487003	0.350518055	0.228003135	0.112814245	0.340599915	0.952419296	0.237289485	0.292406022
0.482463681	0.256191974	0.289783495	0.682446273	0.350940271	0.354770175	0.201756909	0.731092033
0.450445987	0.238851626	0.202801692	0.135947451	0.129982555	0.197402506	0.448404678	0.943622798
0.350062044	0.189732656	0.204334844	0.884961062	0.164634512	1	0.345174033	0.356921636
0.58972435	0.253952793	0.332064061	0.084177508	0.157996565	0.439366191	0.360078775	0.303588725
0.132497025	0.250675568	0.382643879	0.093299056	0.313676774	0.409611501	0.075069585	0.762980498
0.326058491	0.115696061	0.166298266	0.399372764	0.36966598	0.576321886	0.282472469	0.694167004
0.317823602	0.3702491	0	0.587901498	0.566823082	0.508551862	0.326528805	0.10055824
0.387083327	0.146362245	0.183085415	0.441775919	0.060820605	0.449577718	0.277914617	0.70465627
0.267196536	0.247187695	0.247605235	0.126187649	0.41893268	0.294287518	0.25482435	0.856897591
0.082755513	0.303670255	0.328015526	0.729861738	0.049467413	0.820466641	0.332297543	0.06834989
0.217638882	0.207886809	0.312127839	0.858872914	0.485816793	0.416199368	0.380519703	0.768087838
0.28966714	0.25642325	0.144600606	0.489184638	0.407980063	0.220604251	0.37413707	0.380712633
0.369256866	0.246911955	0.377190222	0.859592405	0.046467046	0.16765816	0.179025499	0.222672842
0.244648686	0.176201717	0.240354215	0.215325199	0.337267027	0.874271746	0.353509843	0.642553408
0.234779237	0.172096386	0.348179459	0.657001905	0.549239419	0.850145772	0.379514695	0.968936732
0.436480348	0.174228234	0.262462173	0.840503912	0.483161376	0.932008653	0.245304068	0.822708092
0.274700974	0.242314341	0.326440816	0.150949596	0.501841505	0.422692665	0.28665645	0.475802556
0.547913284	0.223685408	0.372079235	0.19574585	0.330271945	0.676764125	0.143162669	0.047213114
0.20783756	0.259166831	0.261300144	0.213979427	0.030271546	0.39650417	0.345557046	0.738923741
0.536184048	0.189854223	0.337659155	0.89891783	0.320290013	0.15920334	0.34731716	0.652658165
0.44232488	0.214990834	0.240342502	0.897023422	0.179013056	0.4430219	0.274762299	0.556375375
0.237418798	0.141079272	0.284497512	0.839650316	0.36770545	0.604447813	0.088138809	0.638511592
0.419196308	0.268667846	0.069836734	0.900382085	0.335840087	0.871333446	0.305533691	0.670989317
0.386340662	0.188355688	0.28355997	0.357874033	0.409359501	0.485878502	0.267413391	0.410011182
0.31119817	0.28143538	0.251500827	0.041370765	0.199194499	0.912645717	0.18418743	0.499890118
0.595682375	0.361882619	0.23449802	0.868184954	0.000191835	0.157373198	0.199336084	0.042494479
0.329197772	2.77556E-17	0.130753029	0.623259344	0.260246095	0.22072425	0.297783828	0.411601598
0.391178798	0.185360673	0.325738264	0.870551593	0.501174119	0.246260723	0.356245988	0.06052203
0.537557579	0.215470177	0.249462665	0.50960475	0.423224641	0.030022839	0.195536593	0.120552968
0.314156908	0.33374959	0.168268929	0.037801337	0.447336839	0.87875993	0.368003505	0.050709062
0.529342901	0.222967339	0.203341145	0.332921752	0.191350096	0.171154051	0.197380917	0.121359674
0.529043964	0.217903098	0.301957745	0.058182559	0.168626366	0.578957328	0.098908241	0.597498752
0.33097984	0.280646176	0.261875412	0.938417969	0.227833552	0.696590195	0.288128681	0.648963406
0.293612954	0.282924195	0.263019904	0.326177504	0.017462237	0.999930684	0.271332029	0.053371149
0.206491549	0.398052666	0.215008513	0.758885783	0.299955642	0.35049817	0.193267024	0.813938916
0.445334712	0.282556607	0.299495295	0.134836847	0.246935478	0.568154691	0.158819779	0.896614868
0.532174898	0.176557461	0.109367891	0.214769392	0.29178245	0.66760538	0.401345354	0.794401198
0.329537754	0.278638538	0.384834033	0.126577861	0.313553325	0.842177996	0.219751742	0.592615028
0.152926263	0.244643811	0.079106181	0.72999961	0.05321264	0.278678341	0.240234764	0.236601113
0.447915868	0.339909712	0.182927166	0.98499569	0.306317471	0.791046891	0.196640829	0.952999009
0.360025064	0.178151016	0.375156471	0.041393278	0.302163506	0.065187707	0.307278658	0.961879853
0.389894133	0.100893874	0.277278141	0.359835837	0.485567043	0.605058461	0.329015865	0.740599422
0.407929081	0.246035407	0.206750604	0.365198786	0.317837017	0.062733853	0.250233558	0.012069209
0.246687103	0.249206229	0.006484175	0.057004006	0.078079565	0.572240497	0.096583341	0.743304634
0.28805627	0.206605534	0.399622151	0.639469123	0.35651868	0.498457201	0.31445849	0.645993571
0.292288245	0.322242183	0.144844174	0.957054772	0.247480586	0.21428018	0.266013474	0.050854652
0.294023677	0.245313827	0.360400007	0.828153621	0.1798676	0.271822653	0.222983766	0.736745101
0.388902347	0.342083242	0.143276867	0.973942829	0.459147611	0.862662241	0.200416084	0.824594601
0.640138257	0.241880007	0.30474007	0.819923127	0.154990934	0.552431475	0.259510455	0.101022052
0.26002353	0.193298926	0.29583573	0.275121504	0.483963938	0.466918029	0.302684412	0.849213162
0.257091986	0.294858531	0.34204921	0.546519916	0.564334502	0.8563802	0.339443141	0.550419428
0.194120584	0.341214899	0.318362379	0.915834289	0.546516733	0.015378835	0.36671668	0.129455192
0.412481073	0.057766203	0.308255803	0.238423684	0.166705601	0.700839888	0.411208016	0.235156234
0.460214209	0.109519596	0.306460426	0.990182459	0.491680488	0.292961316	0.176094597	0.424714637
0.409229376	0.266692127	0.17525853	0.517126271	0.393754004	0.4436237	0.217029182	0.72499864
0.327394962	0.245579763	0.190597044	0.454577105	0.410580393	0.966488836	0.385167146	0.951327511
0.312979627	0.21432858	0.355143052	0.381893771	0.266289628	0.575918497	0.293237536	0.054452124
0.473372944	0.138099095	0.223092688	0.590110062	0.101950439	0.588044589	0.288633339	0.24538526
0.475161038	0.139148485	0.044208947	0.585104225	0.152174152	0.540668122	0.357058294	0.354619418
0.52173159	0.138927761	0.239725337	0.139053681	0.221232274	0.31532365	0.179851461	0.730593695
0.208406088	0.166668114	0.229044313	0.726210554	0.076444074	0.687210109	0.344118045	0.279659373
0.341386352	0.264260553	0.252732608	0.24996477	0.227361961	0.110722217	0.229436277	0.602041047
0.241235901	0.159439592	0.313001968	0.86729114	0.359817318	0.704839775	0.333973576	0.931424582
0.363292353	0.153814	0.273291549	0.579950281	0.53396598	0.186657647	0.406451855	0.303346602
0.594895115	0.328679309	0.189003639	0.279355027	0.186534139	0.526916612	0.251362841	0.495077935
0.491846643	0.189384623	0.188942894	0.508100923	0.008876235	0.279417392	0.222542265	0.036475103
0.425599364	0.303616837	0.164479261	0.168614249	0.312071611	0.662377791	0.263306475	0.257941208
0.319920472	0.184745899	0.160965042	0.757583577	0.129016324	0.204043853	0.202911299	1
0.573029354	0.15785195	0.4523453	0.037460233	0.492710888	0.659257785	0.354784711	0.034990608
0.404302416	0.112747157	0.165296063	0.799324989	0.06940498	0.759320268	0.268455134	0.509326533
0.125764362	0.210591121	0.221370914	0.760531467	0.244979121	0.853338436	0.237528307	0.007826285
0.298164607	0.192458134	0.18524786	0.743185066	0.526865419	0.667427949	0.263423148	0.846757966
0.359534744	0.230828792	0.48861744	0.420538528	0.413639576	0.578992225	0.056416274	0.770755773
0.398640338	0.238700839	0.25829742	0.499127838	0.44645278	0.769579172	0.29392713	0.528476216
0.414350533	0.161502038	0.46180736	0.470861685	0.541570251	0.729931325	0.365846728	0.432373024
0.49830983	0.271728127	0.301171178	0.932924147	0.564022673	0.657593157	0.307006887	0.384101965
0.347589347	0.248936878	0.301487836	0.020442856	0.254325964	0.378209791	0.196746797	0.89500621
0.671299793	0.256656352	0.242857306	0.554301965	0.209362918	0.59316882	0.262386994	0.535322775
0.580560531	0.057865044	0.275166151	0.351081854	0.550379108	0.10021731	0.350419379	0.645714063
0.203720615	0.230010876	0.311230536	0.530363735	0.124917921	0.626459507	0.209249465	0.830479699
0.328042164	0.306471857	0.152173273	0.482589611	0.515938506	0.960419621	0.266685134	0.752921626
0.356899175	0.194809702	0.191867039	0.455340469	0.145828904	0.955667738	0.37299803	0.180694486
0.207752606	0.138133591	0.23407877	0.658842463	0.528936453	0.88060131	0.174855212	0.611375115
0.341321302	0.165352534	0.233032085	0.784980066	0.167023811	0.376300469	0.29868124	0.221181706
0.289387041	0.238734255	0.406944401	0.069940705	0.096113666	0.980049176	0.036508592	0.814583857
0.383588999	0.190468086	0.260637164	0.387680343	0.366367027	0.169043963	0.121072286	0.933586112
0.414906551	0.333250528	0.250948853	1	0.108520821	0.542065489	0	0.918558929
0.410873582	0.231276817	0.413018527	0.468679261	0.27822067	0.263231481	0.418849472	0.094113437
0.088329752	0.150057271	0.277899182	0.12618798	0.393167343	0.234679277	0.189918125	0.452776242
0.356152363	0.217824617	0.133240097	0.814686417	0.448730031	0.026043294	0.202068122	0.327504268
0.571490624	0.11690781	0.223893556	0.359760291	0.410329975	0.363023134	0.067748811	0.070156805
0.245419508	0.190335545	0.268271232	0.808057187	0.115509521	0.4440155	0.21010833	0.320177137
0.265851749	0.224158803	0.274352154	0.61488484	0.118665049	0.091682351	0.20913581	0.04330448
0.216468092	0.228461504	0.297366428	0.824802909	0.543484155	0.363710438	0.212662227	0.910043202
0.306688496	0.154482481	0.188667375	0.547890952	0.030298613	0.752470955	0.285278964	0.783401155
0.412590049	0.203336967	0.183552741	0.134086914	0.307533586	0.465743427	0.277938661	0.954255916
0.333194951	0.253453471	0.094249252	0.352457356	0.249538066	0.91939492	0.197344628	0.984048027
0.237278195	0.236724421	0.37975959	0.410726934	0.267365437	0.048057948	0.394645251	0.082060763
0.444486666	0.340744997	0.262847238	0.340033831	0.127406964	0.558784382	0.340713808	0.916192911
0.212663919	0.237828106	0.26535551	0.689575764	0.148036702	0.614837907	0.168299635	0.970658844
0.293129671	0.122344107	0.292665461	0.529061484	0.018710969	0.740503845	0.220041404	0.52381752
0.414697036	0.187409843	0.227760286	0.53196975	0.232424948	0.795469936	0.197447879	0.888441402
0.23536083	0.077462162	0.218679049	0.360904852	0.185577034	0.700960016	0.287442996	0.623112784
0.737121911	0.187153117	0.39828819	0.358000657	0.177757564	0.958717688	0.352329227	0.157578985
0.521248904	0.199598741	0.297126253	0.972757187	0.092185205	0.901425608	0.157807661	0.846582719
0	0.282517079	0.327689623	0.714081608	0.150494531	0.772378483	0.368551467	0.455109138
0.566079108	0.258527547	0.059014931	0.841376876	0.397105822	0.588502995	0.275380339	0.296514546
0.245410217	0.127207766	0.265047943	0.425251927	0.304775861	0.218312261	0.210025451	0.27954106
0.291138667	0.111355845	0.207044046	0.271997352	0.041244059	0.551841622	0.220657872	0.14059254
0.467825974	0.334755922	0.287705284	0.631231106	0.403229184	0.191952754	0.193507048	0.864907112
0.507041466	0.30308246	0.220895394	0.62333466	0.411609007	0.609349339	0.185603532	0.068697639
0.280980669	0.238238075	0.322873595	0.172381693	0.366027019	0.395701621	0.258659132	0.191069271
0.410590839	0.195657974	0.20403438	0.795519679	0.373965151	0.571862863	0.294082997	0.672292094
0.47183902	0.206425283	0.389388509	0.59802201	0.443833688	0.563164244	0.195498794	0.939367692
0.33018706	0.240035517	0.129527296	0.896535723	0.267123734	0.613719538	0.153712447	0.18799834
0.358449415	0.282495575	0.367597905	0.860119791	0.431669584	0.70082636	0.271419802	0.937547319
0.531146685	0.276392471	0.585949389	0.734660526	0.012853057	0.745993939	0.142216325	0.917638688
0.186045443	0.205960147	0.363335845	0.470473149	0.430881025	0.480574492	0.086334227	0.723672764
0.405492376	0.173081864	0.120009622	0.980424985	0.346489446	0.643576059	0.157932209	0.644807478
0.387222871	0.292510146	0.337338434	0.03514018	0.558279638	0.205994789	0.299513687	0.614838632
0.296162614	0.26376433	0.293432565	0.584586346	0.055514758	0.452844017	0.249761596	0
0.447734766	0.12661146	0.239866569	0.434958463	0.195918772	0.094688351	0.197978942	0.833400563
0.322055571	0.211406211	0.30437363	0.839229377	0.072741717	0.773541539	0.398914365	0.812337741
0.2824641	0.23913637	0.209400114	0.857469224	0.250174639	0.53709105	0.258327724	0.640766396
0.14524397	0.240683152	0.121481001	0.574854531	0.255587149	0.491119193	0.246149021	0.079806508
0.463798682	0.285204305	0.231022506	0.178695273	0.049297156	0.275704699	0.244340002	0.439114649
0.384218003	0.138360676	0.113004093	0.761001349	0.440360446	0.99741676	0.362305237	0.841267768
0.224676547	0.218643968	0.31360097	0.423530965	0.50215878	0.044600413	0.241645006	0.358877735
0.445689938	0.28219938	0.283154866	0.008020491	0.205713004	0.674570637	0.271720201	0.100006467
0.469494024	0.093917124	0.407324385	0.606575655	0.063431472	0.774478802	0.119264889	0.421665767
0.275479112	0.232217466	0.37685903	0.842780472	0.137069727	0.107024257	0.318409241	0.103320758
0.170854614	0.217545896	0.18405441	0.593376986	0.247804272	0.123281835	0.196447535	0.034532578
0.341558129	0.185423779	0.408173439	0.779473091	0	0.065870036	0.265887551	0.692176068
0.049115095	0.19652703	0.265137127	0.911459842	0.116553706	0.143889045	0.353164183	0.014583282
0.172431471	0.305079927	0.328369233	0.481980357	0.145686178	0.535069988	0.304286865	0.575899613
0.335287568	0.181439837	0.32033444	0.578199406	0.080673486	0.073773937	0.254284952	0.451011055
0.405809933	0.18015589	0.210416959	0.750044788	0.085748116	0.23656182	0.1716534	0.384034815
0.424929512	0.10998511	0.297061829	0.891085901	0.545847628	0.711680357	0.316820345	0.57446649
0.365037716	0.112652335	0.216633488	0.712801946	0.459555415	0.123573416	0.422841741	0.552367327
0.05476354	0.173547941	0.034030365	0.846101407	0.320089919	0.329245709	0.408110192	0.846772152
0.488720397	0.203792669	0.060411623	0.467664467	0.264799594	0.770527519	0.214356419	0.513654332
0.354013061	0.229131365	0.232254311	0.458891714	0.055347116	0.285918918	0.083541586	0.694628911
0.400520403	0.22171007	0.270724091	0.252552422	0.293188111	0.481457334	0.263816954	0.556216729
0.280573444	0.244422239	0.074006991	0.789766751	0.063747778	0.87571452	0.311210846	0.845102864
0.333146276	0.117234137	0.151810033	0.102312095	0.370239239	0.554530383	0.145792203	0.236008319
0.325950796	0.278427454	0.375258718	0.502797612	0.037478954	0.912100542	0.218994816	0.831336354
0.210897342	0.257077595	0.342718914	0.057986383	0.504879216	0.757221374	0.391815028	0.886880442
0.302289337	0.045601066	0.280572764	0.072296732	0.435624827	0.018146767	0.296315316	0.627084374
0.438260799	0.061292562	0.203796095	0.460814595	0.544424777	0.714151402	0.518083112	0.615165636
0.441194102	0.282379425	0.203254396	0.708072327	0.301089019	0.229733785	0.383319526	0.368409993
0.468704457	0.311935652	0.396582665	0.801620458	0.54918951	0.285541233	0.225775468	0.040546382
0.311495569	0.335320053	0.265089281	0.313558936	0.031343561	0.084423034	0.155331618	0.685017651
0.253100999	0.232864293	0.267207331	0.665321124	0.317820764	0.28193621	0.158132426	0.22652155
0.402909296	0.174636457	0.088895915	0.345122443	0.008211689	0.585534997	0.322646881	0.400483559
0.094136169	0.182645466	0.037314742	0.250335013	0.026415218	0.569443068	0.163879301	0.36001855
0.259745538	0.200008261	0.28347748	0.527042255	0.246237311	0.092534745	0.282238513	0.105440679
0.420124507	0.16857804	0.202188071	0.72662732	0.477266349	0.110274765	0.14204401	0.602629433
0.653060059	0.246855212	0.157260764	0.569704911	0.010880394	0.714823447	0.153063701	0.258186357
0.567783029	0.193935517	0.149722892	0.544841628	0.121926436	0.374667804	0.221950536	0.794536794
0.441722291	0.381671031	0.281469381	0.799641397	0.154063015	0.802527392	0.312866834	0.262391912
0.285011514	0.266656735	0.327763216	0.675703385	0.49602352	0.858603364	0.262016597	0.456647854
0.193371156	0.120870283	0.290279422	0.06033218	0.474994551	0.948550967	0.336262855	0.310169194
0.354502954	0.179785656	0.133874362	0.732778565	0.033706979	0.62805958	0.22364395	0.060251909
0.526443025	0.272630059	0.24714895	0.676649069	0.222698319	0.294504246	0.124364805	0.208804446
0.516275168	0.167744742	0.183682067	0.981592593	0.260454545	0.180160781	0.207851387	0.970229138
0.53189195	0.320998405	0.256895544	0.286391899	0.125951278	0.566254452	0.219330656	0.053204909
0.385131422	0.149489546	0.183947905	0.020752051	0.5602585	0.606900714	0.296151255	0.892727665
0.373369559	0.112828451	0.333624844	0.428191312	0.094341022	0.790726286	0.289871404	0.832724075
0.292969742	0.105697242	0.246496434	0.228887488	0.191795714	0.970147485	0.308707907	0.116973806
0.318522374	0.261537033	0.318792112	0.583778633	0.191341637	0.623174665	0.178094757	0.539188043
0.161473137	0.110252887	0.141713523	0.387425011	0.302121834	0.116241998	0.029623253	0.950733938
0.315259278	0.195432945	0.370704878	0.826978363	0.007191294	0.763928556	0.145399418	0.972600593
0.21770926	0.264571688	0.240924984	0.866366204	0.127566481	0.270420557	0.159614944	0.715333023
0.52258866	0.223227061	0.285120185	0.851928899	0.088438908	0.214004443	0.073936675	0.057583699
0.344069298	0.232595633	0.233544157	0.816707353	0.50542977	0.211018156	0.275183576	0.438478043
0.202759847	0.216157008	0.255848226	0.788185643	0.381686406	0.883284907	0.348728549	0.579163006
0.11793857	0.27912344	0.231192714	0.574063796	0.148358369	0.846002379	0.289714514	0.506908286
0.277877655	0.147339516	0.250092448	0.182295849	0.494354609	0.833726812	0.255777081	0.569066226
0.182141949	0.227429311	0.159845389	0.667201536	0.301820196	0.195262429	0.24316339	0.552636837
0.31151494	0.101262128	0.209629004	0.87206401	0.242056445	0.046592524	0.307749355	0.210961477
0.30840451	0.283525248	0.220839777	0.282089757	0.204593992	0.629612222	0.171619988	0.743239716
0.113829504	0.292160127	0.190830401	0.53075934	0.497215909	0.385975085	0.347886231	0.548426366
0.40430849	0.104965739	0.182180659	0.837240966	0.139080274	0.677090076	0.297633205	0.027463989
0.234378633	0.309252929	0.334904825	0.743789731	0.007244776	0.634562196	0.329008329	0.865902273
0.386801126	0.28959981	0.06558996	0.02866795	0.497796893	0.029381958	0.313728611	0.15353307
0.23750133	0.05232984	0.148618191	0.725949847	0.141450774	0.152223747	0.262115643	0.12324821
0.672708265	0.0948416	0.228586574	0.469606567	0.116254188	0.381927774	0.245313799	0.435110309
0.343514308	0.331087606	0.131985747	0.730824608	0.009431126	0.118747005	0.343687606	0.49860067
0.463729482	0.154123603	0.339175228	0.445680968	0.029958878	0.137405768	0.26869801	0.552220464
0.276515941	0.191418069	0.386799281	0.862064745	0.4587225	0.837699407	0.036563296	0.42681037
0.219645296	0.261851004	0.218446623	0.439135648	0.507295944	0.375874441	0.331212617	0.808360545
0.234412777	0.169424295	0.196820701	0.62104134	0.192190955	0.076488176	0.15933316	0.35237663
0.216821399	0.340635113	0.308775523	0.663414831	0.518874777	0.386456362	0.113028023	0.576633866
0.380715367	0.092924208	0.454611135	0.928910863	0.550940655	0.614198572	0.43078078	0.543031002
0.398547442	0.216495693	0.210893689	0.298879235	0.171425552	0.995419526	0.269666118	0.057440992
0.476488879	0.288147694	0.453042876	0.909348272	0.436840371	0.769660637	0.093600397	0.989941059
0.576914323	0.1656821	0.288783537	0.351050589	0.245222859	0.978095984	0.281444317	0.971798757
0.31230418	0.189819514	0.237473372	0.740613583	0.290556296	0.312452149	0.20775518	0.999431773
0.377574864	0.236305895	0.304418384	0.282936717	0.059148133	0.569639292	0.40850698	0.502957293
0.276614461	0.389373691	0.11298231	0.992400084	0.224162605	0.644783309	0.348619441	0.144490155
0.388721623	0.253604561	0.331254323	0	0.307410868	0.59231428	0.172166996	0.845985967
0.351467796	0.183610688	0.452649807	0.22112127	0.461027012	0.818520481	0.240346723	0.438831876
0.591431716	0.265133096	0.2293044	0.889673061	0.421521092	0.642377494	0.204992189	0.714137067
0.342436057	0.213832323	0.181884309	0.048563746	0.358265752	0.314025985	0.153319406	0.222959895
0.418028688	0.249723331	0.11669563	0.787322675	0.103783059	0.652343246	0.158963418	0.613221839
0.508306715	0.190755774	0.222594528	0.594489871	0.239659583	0.742345231	0.268085093	0.414800918
0.570596759	0.264966032	0.306848504	0.599964587	0.317363976	0.097143969	0.246200126	0.650639142
0.563490232	0.207665	0.267768535	0.23062734	0.347409825	0.719826269	0.266775926	0.590805698
0.263237473	0.22786844	0.317943217	0.358815583	0.059129489	0.346181295	0.32999331	0.231730837
0.326396147	0.160862645	0.376730201	0.254756743	0.193272883	0.198287705	0.062933526	0.825592754
0.55148265	0.134986405	0.296026256	0.212880417	0.074381179	0.802133	0.18630823	0.550917092
0.408807377	0.197250464	0.307580232	0.07703078	0.347948783	0.150488271	0.311905162	0.308711088
0.404842244	0.190663764	0.190234758	0.109879907	0.043108258	0.33033108	0.201654402	0.575288542
0.423120569	0.080320605	0.35234858	0.195558806	0.171796314	0.148319854	0.157354583	0.808672734
0.356375364	0.229370085	0.166948451	0.833511808	0.347439304	0.14587404	0.263407928	0.913029142
0.191401137	0.287133422	0.146689985	0.602489918	0.162426745	0.871135786	0.329925216	0.095318844
0.520360674	0.264342664	0.093369375	0.142448228	0.519161626	0.206730764	0.293901008	0.187918888
0.46995306	0.241210304	0.183595694	0.540833145	0.351568194	0.859850389	0.409334786	0.734410903
0.4231872	0.295060464	0.514893294	0.788620821	0.046724155	0.94226017	0.337606948	0.906066293
0.265420846	0.187653748	0.100713218	0.673946024	0.048679096	0.127779605	0.105008216	0.994949084
0.230789234	0.087634126	0.26638128	0.061107433	0.12426712	0.153616601	0.30919523	0.841026353
0.477667161	0.332147692	0.758749569	0.490144111	0.799708924	0.08974551	0.776283263	0.498818305
0.603722968	0.923220344	0.663527522	0.792412134	0.823772935	0.423550031	0.80804226	0.330196466
0.872234966	0.260992034	0.539429657	0.072234458	0.884196304	0.401953336	0.710077539	0.483716652
0.535610371	0.752947947	0.667028904	0.518555867	0.868808921	0.541446397	0.838525871	0.434039494
0.567989557	0.857779848	0.595666674	0.866060362	0.847748869	0.09596683	0.621249567	0.349171725
0.699526095	0.64929842	0.786117328	0.092760637	0.799312724	0.562887978	0.768346642	0.508621287
0.841009715	0.670600606	0.572872	0.427001991	0.81254314	0.331222313	0.806463187	0.453866298
0.719101316	0.835617108	0.611583364	0.336228412	0.87821932	0.268586465	0.646533517	0.617121275
0.978060171	0.796833071	0.602627925	0.221571768	0.886075951	0.900295823	0.669066584	0.46404848
0.867598407	0.708916461	0.643350128	0.959070035	0.804559749	0.594024517	0.665872492	0.587766204
0.83325791	0.506878036	0.85276468	0.651658864	0.804669435	0.913699006	0.660517086	0.400016599
0.948007341	0.845197852	0.663932318	0.720608351	0.921512384	0.662706379	0.564553471	0.533279222
0.454896718	0.238243837	0.908418099	0.032801648	0.882426714	0.790825537	0.659032721	0.369946636
0.785484869	0.464313444	0.725251144	0.391482955	0.946048433	0.261471565	0.644579354	0.635006032
0.689843122	0.443112355	0.607919006	0.639752624	0.884555756	0.62099714	0.761596793	0.380891302
0.863625586	0.531188613	0.754586602	0.090616499	0.811940564	0.017063357	0.762026672	0.552638538
0.706953823	0.922271232	0.719191353	0.369125776	0.848332843	0.568701708	0.620684859	0.426256261
0.392262624	0.519105914	0.760343992	0.801472705	0.892858077	0.611834782	0.625963851	0.615364275
0.440819313	0.967583951	0.690183976	0.708810898	0.955608067	0.844945104	0.72585771	0.703678753
0.947069242	0.283625142	0.912774288	0.011485664	0.857563691	0.684272698	0.769921636	0.524421701
0.593116754	0.775944966	0.625482649	0.413659508	0.878485587	0.312685526	0.685168181	0.620868128
0.436576541	0.854824215	0.773082908	0.333085849	0.832446452	0.674146028	0.663943975	0.389366059
0.580942927	0.555637505	0.670132262	0.450636156	0.842432481	0.260996363	0.654309059	0.535952156
0.604384058	0.447907847	0.694730016	0.570871843	0.983442335	0.678760399	0.771354867	0.507473975
0.673017993	0.889796585	0.786017724	0.828711816	0.665432583	0.518718171	0.695075208	0.462196989
0.57178628	0.628033274	0.845712371	0.794659212	0.797013079	0.861664844	0.726561826	0.48197567
0.471207493	0.404555433	0.756764882	0.886469067	0.763382259	0.95299261	0.82398229	0.377130047
0.517461538	0.415471119	0.633181683	0.613745116	0.838648438	0.413667056	0.818468838	0.30214528
0.802157046	0.330641827	0.669091219	0.11562876	0.827388606	0.256216871	0.721310894	0.62904012
0.542868094	0.250615064	0.546478732	0.932087699	0.824942633	0.533487014	0.795978288	0.586770846
0.516074372	0.68088686	0.662075034	0.786711706	0.926394923	0.115313955	0.632900254	0.635503212
0.439665445	0.886409441	0.673623754	0.770880888	0.850025297	0.159208646	0.572256713	0.515295085
0.904599601	0.704042467	0.627059908	0.857172342	0.865094581	0.985580016	0.820797663	0.580321857
0.403097907	0.463798632	0.795147492	0.058160404	0.833131212	0.149872395	0.582189038	0.55235907
0.656638514	0.566000194	0.696105333	0.485990305	0.830186068	0.06758865	0.673900552	0.451217195
0.503196264	0.49296272	0.598775659	0.813917355	0.855543645	0.757288765	0.725513486	0.435775143
0.406408639	0.700784765	0.758260448	0.853030019	0.75411773	0.812839246	0.70259566	0.308746479
0.908803854	0.919228798	0.803666504	0.232373215	0.828003633	0.174706508	0.651667309	0.426538633
0.970913383	0.819993462	0.762108343	0.72591266	0.856886381	0.519262755	0.795254376	0.507060476
0.557145742	0.678917483	0.80150597	0.872514706	0.863544472	0.317164804	0.652322534	0.568705967
0.857615556	0.839092109	0.703107646	0.36890674	0.863845241	0.433307574	0.563719221	0.527149094
0.38783992	0.241721158	0.916530223	0.014092609	0.736116358	0.027490331	0.75448057	0.466652842
0.425239114	0.678228619	0.879502501	0.365541869	0.734865113	0.247818368	0.599317258	0.40554208
0.578219492	0.617500575	0.916085738	0.510567245	0.923028399	0.287979126	0.759267244	0.477323694
0.921096605	0.80642703	0.699092736	0.316123975	0.83784758	0.875571405	0.830541919	0.635074025
0.848200356	0.641496705	0.71747228	0.840783241	0.901902375	0.286778015	0.801926613	0.363254639
0.611344322	0.695447442	0.703918712	0.12521295	0.811236445	0.361351525	0.621149706	0.584371513
0.856431303	0.481244478	0.755802107	0.538286042	0.920900368	0.680202598	0.564388294	0.440957791
0.957839152	0.523503665	0.753892127	0.485614773	0.838977673	0.587775276	0.717072688	0.587941311
0.627251032	0.445969207	0.878245739	0.962018762	0.852503837	0.745361716	0.876068327	0.410981289
0.530597766	0.925530616	0.730434663	0.14246284	0.842963124	0.964737037	0.825878091	0.493535556
0.699461939	0.720002808	0.817453089	0.637299319	0.82540857	0.482301755	0.674844133	0.554641685
0.856609743	0.697152998	0.876693927	0.045307421	0.745430962	0.297332413	0.710830538	0.533317091
0.630558694	0.721349624	0.662770489	0.09133729	0.777513477	0.85131185	0.763469279	0.458347511
0.964925212	0.760686482	0.784507799	0.629852425	0.797857736	0.18778608	0.64732037	0.487237466
0.717043179	0.556695068	0.625615879	0.73224929	0.756888749	0.916918744	0.774042363	0.499983617
0.416671905	0.960999085	0.671234195	0.233439192	0.803307509	0.647975601	0.582365816	0.377094259
0.564245694	0.936371877	0.886034104	0.757685888	0.925132341	0.956862383	0.738985053	0.504796763
0.401862685	0.301568343	0.570442715	0.697034	0.892325706	0.43352659	0.818700386	0.40594225
0.449754935	0.249661646	0.782349391	0.20032979	0.923295085	0.080626566	0.713693904	0.581859997
0.743996375	0.503326949	0.67168374	0.351983783	0.88194247	0.764983697	0.697243537	0.436545485
0.704137247	0.597015545	0.877296453	0.801572892	0.865535154	0.19880448	0.766172593	0.654967151
0.507068087	0.539673049	0.863258269	0.440820592	0.97954275	0.037688231	0.616546972	0.530349808
0.597019372	0.318241817	0.621708466	0.707394999	0.866871655	0.064329899	0.77906376	0.262806711
0.994213817	0.516315919	0.851861864	0.304975095	0.842879098	0.338681234	0.605464062	0.399248836
0.383729193	0.456748169	0.853093437	0.633875081	0.814782365	0.724170045	0.754198743	0.699549658
0.888796711	0.767906534	0.810147837	0.364902448	0.82504628	0.8381803	0.630889661	0.62726591
0.512182354	0.971256699	0.752524865	0.58232353	0.971980294	0.014434428	0.706402569	0.446635755
0.479337924	0.988731114	0.670777043	0.711682347	0.840065554	0.920636184	0.766702479	0.640507109
0.365429466	0.722100443	0.664391043	0.576215826	0.80289983	0.561312423	0.599582087	0.521537145
0.540320417	0.843225351	0.660784879	0.554356123	0.840902395	0.287962892	0.838747432	0.425924677
0.864697567	0.509636128	0.830179228	0.286751581	0.838739694	0.82171258	0.702053044	0.441097363
0.698711122	0.859387903	0.695262485	0.184085046	0.724105399	0.795170275	0.583845424	0.546165529
0.679807189	0.428001199	0.841390324	0.573895658	0.876420083	0.133169133	0.862114973	0.477528059
0.47860964	0.932641289	0.688240998	0.634305979	0.85181266	0.286725364	0.765637112	0.467178618
0.435327811	0.691638603	0.701907323	0.152288505	0.855852983	0.029134906	0.808673417	0.601629893
0.37185707	0.951962424	0.85625019	0.66015633	0.885412402	0.296663551	0.747287276	0.523460939
0.967910607	0.853385508	0.691403648	0.49361592	0.875514939	0.506685519	0.776484146	0.475299032
0.483933252	0.946699952	0.786074979	0.185306865	0.828840663	0.682785158	0.727523818	0.529377364
0.951822114	0.646834888	0.567965265	0.705690549	0.755019681	0.612855008	0.776231498	0.368204169
0.406688998	0.531234675	0.680496883	0.358577451	0.856089576	0.426219169	0.61174448	0.360908845
0.371335824	0.601935382	0.837706022	0.980346003	0.880420648	0.660221349	0.700699561	0.446822443
0.640290098	0.317130581	0.63732498	0.73246213	0.85341525	0.370433661	0.514782071	0.551866648
0.626143222	0.842422265	0.640060508	0.566013305	0.859217964	0.525404887	0.683576806	0.491166361
0.70831548	0.683947147	0.743675178	0.558165676	0.81595432	0.732914589	0.585887962	0.432116535
0.466511378	0.858953776	0.829823316	0.455092031	0.860624632	0.337986546	0.773423312	0.660113875
0.369127011	0.552369294	0.794317437	0.722394016	0.875436487	0.698189049	0.606173399	0.425343201
0.683162976	0.873064333	0.827430386	0.50570475	0.831749086	0.292217755	0.682055169	0.542846985
0.599451578	0.874556419	0.762525183	0.772777505	0.791216055	0.677778244	0.763323353	0.481528247
0.664232027	0.421192127	0.838057668	0.951286879	0.850495273	0.784791228	0.620599726	0.360594968
0.775717453	0.291123844	0.738941566	0.768049276	0.953816981	0.868975797	0.738577583	0.580468402
0.776898958	0.551728597	0.770434946	0.926172073	0.917201678	0.328950606	0.682556764	0.498870804
0.498245091	0.801829301	0.811363552	0.212232491	0.990038341	0.997411089	0.49988351	0.492895016
0.874341516	0.90836586	0.910763675	0.694620606	0.803730488	0.768195425	0.823952078	0.383555347
0.536673099	0.271212935	0.743680077	0.002595474	0.938776966	0.437782252	0.816249736	0.513226801
0.540226475	0.399834901	0.819552501	0.649778814	0.91111886	0.373966821	0.662293707	0.617991728
0.550285492	0.710417729	0.590228786	0.798276003	0.875128102	0.47475918	0.663705199	0.763419122
0.446129242	0.955205257	0.627483	0.125877039	0.854781829	0.212334521	0.756055237	0.507309272
0.800536925	0.598417492	0.80146712	0.507625688	0.752049827	0.081170415	0.750097077	0.32201926
0.899681343	0.786943852	0.734884962	0.66278644	0.948136377	0.059410204	0.625754898	0.400869126
0.602085655	0.463515514	0.737350383	0.781581779	0.843916412	0.689065821	0.743320315	0.452271635
0.605896947	0.292614344	0.651029089	0.879770689	0.856669135	0.271838997	0.69095079	0.642978602
0.469923558	0.243518781	0.813573281	0.779098064	0.824627087	0.706313315	0.535547592	0.543374131
0.999137654	0.276028673	0.696742537	0.650660159	0.817410455	0.659457863	0.551071023	0.485252594
0.930596899	0.449244288	0.856129727	0.881110802	0.83940483	0.028823861	0.796771411	0.47024008
0.848799157	0.483942747	0.838181234	0.78823932	1	0.302490406	0.736257762	0.56177551
0.801623748	0.52839564	0.732545224	0.452676752	0.90312556	0.222073748	0.575623841	0.672151168
0.480780602	0.40908143	0.728309185	0.097202018	0.846879167	0.509730699	0.732411365	0.565057966
0.605218446	0.473925625	0.723702017	0.489711723	0.76007564	0.067819816	0.72060767	0.416114438
0.884795889	0.680783427	0.628867229	0.524222266	0.811340855	0.102032296	0.757907556	0.520366561
0.483419057	0.304004891	0.83850689	0.162190057	0.806557917	0.612012843	0.703276874	0.412170106
0.730282121	0.520101522	0.731597089	0.573953081	0.908869939	0.045339353	0.827474981	0.46549388
0.651974688	0.73837843	0.588875678	0.283777859	0.820819187	0.950008786	0.69263752	0.321541922
0.996685444	0.25130412	1	0.821427127	0.933947805	0.91328937	0.681415391	0.475986812
0.839509864	0.822733134	0.875613181	0.948247918	0.811492229	0.497550204	0.539941338	0.631516043
0.577093664	0.722090876	0.795275063	0.149979711	0.826301258	0.762681095	0.773371071	0.558237973
0.584938003	0.73307193	0.678598414	0.995021247	0.792989912	0.548032635	0.69861957	0.598048461
0.830662807	0.916352485	0.765375124	0.526535538	0.926274367	0.770216533	0.643396935	0.44028393
0.865223983	0.616588183	0.665008257	0.361728705	0.871171786	0.128852737	0.665491624	0.482819268
0.778378757	0.753925449	0.658219811	0.089178295	0.752595794	0.099380907	0.82507368	0.457065104
0.959649239	0.713832154	0.603847173	0.73789755	0.814732754	0.791909764	0.740432625	0.621103812
0.535932737	0.628398212	0.670660523	0.110852975	0.86600824	0.890886599	0.709579822	0.598192339
0.753435415	0.579577022	0.803356322	0.383623426	0.918288001	0.560169238	0.650443573	0.354003974
0.385005211	0.784743121	0.670358387	0.89624984	0.947428482	0.458474465	0.961427203	0.54024788
0.359902145	0.327350028	0.693496144	0.188388311	0.940937255	0.158490166	0.578940677	0.555669875
0.678144346	0.386626543	0.703533479	0.955475324	0.800090466	0.29015229	0.647165639	0.563223068
0.938275362	0.46361475	0.74185454	0.307456425	0.866957802	0	0.699229696	0.383963721
0.572942599	0.471931164	0.714516703	0.404997409	0.907372583	0.241382551	0.69364861	0.578621305
0.833583485	0.682688911	0.593752661	0.163337869	0.917058049	0.203131938	0.708819079	0.500392281
0.882529845	0.356733247	0.628145524	0.75385511	0.902903416	0.110285326	0.675333859	0.567232637
0.523797721	0.906037101	0.711767549	0.020477339	0.864852045	0.693703121	0.60410112	0.52459149
0.786120535	0.81443436	0.784494981	0.784090833	0.814903602	0.87752447	0.731606958	0.551298686
0.497034733	0.270424668	0.651569322	0.795431599	0.845183367	0.25358798	0.692251861	0.678388116
0.881355766	0.564979135	0.790800029	0.669148368	0.91072206	0.60545981	0.60105323	0.292003047
0.386244833	0.901162276	0.639063137	0.636966686	0.856711263	0.078272785	0.607059035	0.584749565
0.421042316	0.252023438	0.841043045	0.046310634	0.782846297	0.188083395	0.791579685	0.472914464
0.588670672	0.538289798	0.624612695	0.521576602	0.952654819	0.425682149	0.56593022	0.48759245
0.473334656	0.363633023	0.784461624	0.337532477	0.817315077	0.0040187	0.770147963	0.405090441
0.596851698	0.227248872	0.758578897	0.293399503	0.863147109	0.280576426	0.612880964	0.406141253
0.95821885	0.734237573	0.59687448	0.051459879	0.898533617	0.255146398	0.611723262	0.452461318
0.45024893	0.337371847	0.718650363	0.953374372	0.842880604	0.405159706	0.668064076	0.712795014
0.889666543	0.340069853	0.925760074	0.164034976	0.734504958	0.832236621	0.655635057	0.526771452
0.460342433	0.667116187	0.619491325	0.438754844	0.849312629	0.610327143	0.709044924	0.454588914
0.771625725	0.948860536	0.8255379	0.544069505	0.831312989	0.51739316	0.586202382	0.656468085
0.573572117	0.658401646	0.852306127	0.450267356	0.884555394	0.028248529	0.622998818	0.430094225
0.760701291	0.994445988	0.810861235	0.232762036	0.911537241	0.66276643	0.661947918	0.423387988
0.632856499	0.767384589	0.819654148	0.507117963	0.848602627	0.353487744	0.722565211	0.396737195
0.76564169	0.283487386	0.741376449	0.956063901	0.860217797	0.351588716	0.770271577	0.550290532
0.868076632	0.814828212	0.741540377	0.421332165	0.877381821	0.036621224	0.58909662	0.496322424
0.976502417	0.534482086	0.904936763	0.358886144	0.861758773	0.331651646	0.803201448	0.301374909
0.543186687	0.703816627	0.682417464	0.352679522	0.864557755	0.730408663	0.8206415	0.533003542
0.767044101	0.661774661	0.794919924	0.796614583	0.731055316	0.363150187	0.792313549	0.309949456
0.775302592	0.972303679	0.778467614	0.406539553	0.929637183	0.901157239	0.699192332	0.59124268
0.595593434	0.73904892	0.802908681	0.939735954	0.861355173	0.056256605	0.735595889	0.443496708
0.834082251	0.27850419	0.759474999	0.483337611	0.909083874	0.979672182	0.712525999	0.48694248
0.563316516	0.543831712	0.63098601	0.228056938	0.927702078	0.55232925	0.776337518	0.47839891
0.986146058	0.614753338	0.667283855	0.179631569	0.90283237	0.978396631	0.597884602	0.451167843
0.461377744	0.518579819	0.798321523	0.19708782	0.952902829	0.35159898	0.675746751	0.500317475
0.655137274	0.939121163	0.827219159	0.291131881	0.676040743	0.695181179	0.730714379	0.451385818
0.670942715	0.740856499	0.619409242	0.250225793	0.839718198	0.79185856	0.673332998	0.389483489
0.993052009	0.320474235	0.708573831	0.835668785	0.839463674	0.492301197	0.677305512	0.492969609
0.766554105	0.726521773	0.637960353	0.990506172	0.833690762	0.812589104	0.565492864	0.364571612
0.504019578	0.957274457	0.722689937	0.413000265	0.902786684	0.090093583	0.697946578	0.45458249
0.79563783	0.357596345	0.579371848	0.345098176	0.734265129	0.880460839	0.825936717	0.616237127
0.546584536	0.944321716	0.633036501	0.622756413	0.774127354	0.262524439	0.689673608	0.456367433
0.442606194	0.778821085	0.865806274	0.452849274	0.929935139	0.056133495	0.763225187	0.329370707
0.407014729	0.873723958	0.586379244	0.894804115	0.797421264	0.052210414	0.743262162	0.524466053
0.808681802	0.303008286	0.806618141	0.607273624	0.865366086	0.549502776	0.780508162	0.316447407
0.597348887	0.285392347	0.662931335	0.497008126	0.78779391	0.219675661	0.443103139	0.482690701
0.643171184	0.754256103	0.719315604	0.917995226	0.951237233	0.954820074	0.74312002	0.379157996
0.405492707	0.614036116	0.879437802	0.835642292	0.891280384	0.954079213	0.774651881	0.747413574
0.560476134	0.37023167	0.780787025	0.801451446	0.881046816	0.148365417	0.692590412	0.477123056
0.760027355	0.705160476	0.797846466	0.442860291	0.924309523	0.928288643	0.690978279	0.434890284
0.470638549	0.282023225	0.672153755	0.383311286	0.798337762	0.025959766	0.713106602	0.344674458
0.588999158	0.308441253	0.73242124	0.274019333	0.78173623	0.463816587	0.671331992	0.524241898
0.574814138	0.896418964	0.644230027	0.074956005	0.857185171	0.655833428	0.67557591	0.518927101
0.806496308	0.470858138	0.739833339	0.375327015	0.899023716	0.686803162	0.917751051	0.499649783
0.991781289	0.688032146	0.694872669	0.962644576	0.869833683	0.248200896	0.7037693	0.469497844
0.462611924	0.513010874	0.681974923	0.773621718	0.82873659	0.223350858	0.754009519	0.590394287
0.998643136	0.319534804	0.732546261	0.812988996	0.883784442	0.456204099	0.841331832	0.498175511
0.394033516	0.340231382	0.804931118	0.842603761	0.928546999	0.564512105	0.680136489	0.453921569
0.727769475	0.623634095	0.787406829	0.740983724	0.886143755	0.285512965	0.677500356	0.451894601
0.452011462	0.469176881	0.718717489	0.316587599	0.833170159	0.796313872	0.714877384	0.415689815
0.407257526	0.658868161	0.728014861	0.299723033	0.789716831	0.879116807	0.663697721	0.466867834
0.647277228	0.829953189	0.801427353	0.134347088	0.776705588	0.567751521	0.670262328	0.537614483
0.61664041	0.592070591	0.591193697	0.511830407	0.84285652	0.69496335	0.794763469	0.432772028
0.923539144	0.937584533	0.873929236	0.592842955	0.859941213	0.461541519	0.798303302	0.582858751
0.419736236	0.43210598	0.793644352	0.456629777	0.865105689	0.514338621	0.627356642	0.668824666
0.598721337	0.553096365	0.647203814	0.484220529	0.858175322	0.199746872	0.542661017	0.660322639
0.514893832	0.67391218	0.709107881	0.92568443	0.942685871	0.378795979	0.561157528	0.396481718
0.882234238	0.909872969	0.890087041	0.62553639	0.844012123	0.052531544	0.714770521	0.58609668
0.558002219	0.618159315	0.676251732	0.590500337	0.815388116	0.116500291	0.692659143	0.431201891
0.661956038	0.713962043	0.756297588	0.762165517	0.77208056	0.4830558	0.667215777	0.447444432
0.804280634	0.715749907	0.639549065	0.41112738	0.804167232	0.39178798	0.551067815	0.244628498
0.605042299	0.813048263	0.976194565	0.510669473	0.875320604	0.702462821	0.791106843	0.610543643
0.376106252	0.231650987	0.886741536	0.796487778	0.900606912	0.769807231	0.611642243	0.427645719
0.602150669	0.323938928	0.647056157	0.325035134	0.887932667	0.113029971	0.672141775	0.428739818
0.785405184	0.880926305	0.829381421	0.871207271	0.915263664	0.793512486	0.666143109	0.498740871
0.867136038	0.962620317	0.757585925	0.680019047	0.884140181	0.836217812	0.684551005	0.446935204
0.430724457	0.471143055	0.711557584	0.874765146	0.806038915	0.371938815	0.804490073	0.470993155
0.67708095	0.352633953	0.688632848	0.671235955	0.808882282	0.385991455	0.840601086	0.424492411
0.774451027	0.638686676	0.746826443	0.449971432	0.778792878	0.024293213	0.638841833	0.552478011
1	0.750073308	0.663774939	0.575033822	0.854166936	0.895766982	0.760772507	0.680356554
0.88775447	0.340839178	0.773671288	0.821624674	0.901487973	0.804326438	0.756318147	0.568627564
0.981579273	0.909893315	0.822596828	0.430756176	0.828249294	0.830346335	0.741296254	0.519925797
0.827643224	0.848217174	0.790477557	0.110192174	0.884086621	0.954506996	0.755715209	0.403113404
0.523752492	0.647594879	0.844996833	0.189623172	0.793051793	0.713250559	0.807590365	0.428368201
0.523988579	0.539445234	0.889563508	0.093222413	0.778048554	0.688271837	0.89287704	0.614779285
0.505293214	0.37376015	0.760650404	0.606463183	0.945782598	0.589743838	0.622228423	0.464132403
0.670043858	0.241620177	0.780559144	0.217579515	0.883484766	0.667431586	0.565274564	0.519373268
0.971705824	0.490349159	0.770526488	0.395961791	0.989422906	0.642868265	0.884254498	0.306218904
0.981145866	0.603632244	0.666157406	0.323844236	0.777756468	0.644492981	0.500541833	0.356917005
0.430385949	0.890738072	0.635072069	0.409252852	0.842862818	0.031594321	0.641684991	0.523169596
0.605547621	0.737060111	0.628536462	0.834490226	0.875192494	0.309865246	0.680623495	0.377335909
0.53258459	0.298547092	0.690088737	0.942427819	0.812075123	0.456637556	0.667523795	0.468157137
0.963483051	0.239971695	0.754481424	0.765622118	0.82873646	0.365340945	0.681889312	0.356329483
0.980262054	0.912189932	0.742517988	0.981865635	0.823504654	0.395151615	0.75104655	0.576433315
0.39515994	0.328737953	0.767635015	0.12241846	0.857688184	0.062615696	0.552573046	0.518108191
0.848947111	0.779489661	0.614072689	0.556125566	0.905794184	0.018900783	0.751707903	0.549956414
0.764623309	0.350869274	0.803988646	0.658626668	0.870553191	0.138560531	0.771093115	0.540313868
0.949306887	0.449682297	0.80644422	0.808754259	0.941510824	0.147685887	0.770836826	0.558308527
0.382889548	0.975225022	0.670214507	0.906107893	0.974881612	0.651651758	0.69659794	0.451315999
0.38511672	0.774906328	0.918632272	0.520364609	0.891872411	0.125987661	0.815432411	0.574188716
0.840383044	0.942170173	0.708103857	0.537223265	0.865979131	0.087716344	0.801941911	0.254390257
0.533824941	0.764928071	0.80301051	0.929027501	0.711762167	0.808443122	0.710150032	0.409188712
0.81133015	0.804375176	0.887999652	0.326580377	0.819850417	0.888076953	0.521851824	0.556451446
0.380577317	0.429311236	0.715655281	0.123710713	0.863820673	0.071407308	0.693074778	0.443190246
0.420568561	0.567336276	0.677992177	0.086753282	0.868263957	0.126902508	0.792172056	0.459561231
0.668222839	0.822378695	0.754753241	0.314537267	0.856077932	0.13196009	0.724402324	0.390712759
0.620587933	0.765662601	0.667487004	0.278075799	0.849875638	0.627965994	0.704779976	0.615542469
0.448319235	0.913281505	0.668030394	0.675628357	0.854811963	0.046999201	0.604163235	0.610131151
0.520863449	0.47554104	0.681813139	0.763651605	0.891160202	0.208140621	0.667243814	0.580271264
0.380463684	0.241672796	0.76813891	0.737732107	0.76776647	0.619167807	0.534289021	0.480938251
0.999751782	0.819761027	0.676654884	0.303275436	0.781973084	0.508227363	0.494370879	0.647315492
0.701132861	0.569024017	0.814135368	0.464930493	0.745424274	0.861532344	1	0.394701179
0.813366032	0.394205216	0.830703547	0.472559148	0.812814284	0.039415622	0.731536944	0.423470402
0.429309745	0.788597434	0.494320923	0.050498502	0.772511942	0.60747076	0.686953536	0.445291871
0.986662541	1	0.572248418	0.759719336	0.911775009	0.015833814	0.663189902	0.757166522
0.906877056	0.904753628	0.856861232	0.066258363	0.80321705	0.027328937	0.705142789	0.625760361
0.642872494	0.91348429	0.710606996	0.868961132	0.818707062	0.251612916	0.571509722	0.370971373
0.557401658	0.622651423	0.824483684	0.764318237	0.913038521	0.149278351	0.72354118	0.526019186
0.69908903	0.797666382	0.967947664	0.796142479	0.870511605	0.972981852	0.656925701	0.512812481
0.573211865	0.417058974	0.670318555	0.839131801	0.833543371	0.097909214	0.715640552	0.612088077
0.607869213	0.261434302	0.782705711	0.034744802	0.913565202	0.10904401	0.653607871	0.483195481
0.761676401	0.618519151	0.708260139	0.733508901	0.848699088	0.839597838	0.534345509	0.537463353
0.429445364	0.902086739	0.810960477	0.475376244	0.837176113	0.647115019	0.687665545	0.519615562
0.704440641	0.575979915	0.795478426	0.312666688	0.855074844	0.813179493	0.659115062	0.521759774
0.380246893	0.834748142	0.807656168	0.576233583	0.924747753	0.880553573	0.675288536	0.483225588
0.967429809	0.23470727	0.731701674	0.05146496	0.891776204	0.114213648	0.508328384	0.613729081
0.650057059	0.497062432	0.920541894	0.391710598	0.772747142	0.913844182	0.81103846	0.573685817