0.38635103	0.626572119	0.310607809	0.227359677	0.592099503	0.883729548	0.651822737	0.255221639	0.503034351	0.856258804	0.72517478	0.013202784
0.202663519	0.600057943	0.32343721	0.290348427	0.632408305	0.377163775	0.060051091	0.803463915	0.826064663	0.358443565	0.402529596	0.055217554
0.688328319	0.644203682	0.262529544	0.269269852	0.623440569	0.56242268	0.606095281	0.472353461	0.651371131	0.270330517	0.792596515	0.405321143
0.531801923	0.606263072	0.284634958	0.070513781	0.665541568	0.477205326	0.575360143	0.839374604	0.450682001	0.395360713	0.830772729	0.234327888
0.607571623	0.604515799	0.323280825	0.39308701	0.543231667	0.383446565	0.370926156	0.939649392	0.411491211	0.071278529	0.957703351	0.043719159
0.092568805	0.596578855	0.295543154	0.267196202	0.816029128	0.765881263	0.171805632	0.206113498	0.397274344	0.524576619	0.832679766	0.005922324
0.459173844	0.61296442	0.317116664	0.258997787	0.729854765	0.19334479	0.105992983	0.266783148	0.441752245	0.840438389	0.926026492	0.032201388
0.65602354	0.575211555	0.330730718	0.173280176	0.596803766	0.272018416	0.566086042	0.170329967	0.942674295	0.97446036	0.361124431	0.286023727
0.590631755	0.660236699	0.279214405	0.334514132	0.56739649	0.806142681	0.120651483	0.495155972	0.829923892	0.091630219	0.983621646	0.217379214
0.459275549	0.560663945	0.2776788	0.148704682	0.669032604	0.622969857	0.28311465	0.276052139	0.719363268	0.543720923	0.774488993	0.395265506
0.541768856	0.548774167	0.306480994	0.197619013	0.626178554	0.731859285	0.099702389	0.758318275	0.391117651	0.186976053	0.340207139	0.053406579
0.536115563	0.643642102	0.318441758	0.158297561	0.563220985	0.547553386	0.372966398	0.596518186	0.86095312	0.752083759	0.460193715	0.121304516
0.442753179	0.611695734	0.292430728	0.256908495	0.579050259	0.37096728	0.640049092	0.737474761	0.631154043	0.839579001	0.857859446	0.389718702
0.292597067	0.616673973	0.302676887	0.37124735	0.582005741	0.407966032	0.124564814	0.970556255	0.771218206	0.620533005	0.498448036	0.330442438
0.728730299	0.547285238	0.318874397	0.280617893	0.601593598	0.985972112	0.398506533	0.057601525	0.554055567	0.241661028	0.864649505	0.018705422
0.333102487	0.680959035	0.341459082	0.130133662	0.683784423	0.448946164	0.137074712	0.475984181	0.427929044	0.744253595	0.682368106	0.169055229
0.686638803	0.554537702	0.277433565	0.150756519	0.69289311	0.483762237	0.327562143	0.751038517	0.334243327	0.96982834	0.775106848	0.214462784
0.445373183	0.596138973	0.272508772	0.317271059	0.584322912	0.170306862	0.208516619	0.757128	0.933725193	0.207911217	0.394657295	0.269689459
0.572827211	0.598720863	0.285391931	0.361149184	0.593531519	0.572522074	0.024503323	0.244152245	0.359557172	0.192705927	0.40151464	0.34760544
0.616866879	0.608559495	0.300097358	0.203015825	0.753850702	0.965424353	0.054741843	0.699254329	0.602309095	0.034503779	0.427186921	0.157103581
0.236013311	0.665667087	0.332016723	0.196603209	0.585011229	0.188211085	0.230386131	0.539284557	0.942239143	0.822464813	0.440724427	0.370256843
0.645836752	0.561977912	0.273406977	0.382184583	0.726174531	0.0963201	0.06666066	0.000939173	0.356919256	0.555813328	0.442919113	0.403174457
0.126239408	0.567941153	0.268692681	0.280998155	0.615928243	0.899772771	0.423057893	0.853132558	0.322740924	0.67826368	0.835808774	0.288166614
0.113479641	0.510065154	0.311104444	0.29686693	0.732156741	0	0.006237086	0.620849927	0.653961472	0.328930791	0.989004027	0.385807738
0.48406178	0.605292673	0.362045541	0.269724476	0.602305193	0.758610339	0.340311699	0.267914035	0.400064616	0.073454343	0.360287232	0.003987
0.075797238	0.59119113	0.308005307	0.33709589	0.668151346	0.00082999	0.520686303	0.295580858	0.683955744	0.692964539	0.352768982	0.234096607
0.142950642	0.586170312	0.333353622	0.243817054	0.653583881	0.988888942	0.074761259	0.50604177	0.711108986	0.816371071	0.769453943	0.323015013
0.382679388	0.579445626	0.297196005	0.257848319	0.67449421	0.788279554	0.311972805	0.177030771	0.804063617	0.632377639	0.653057401	0.099395026
0.684105151	0.697752947	0.305222934	0.252454795	0.684597886	0.452368154	0.286611424	0.413597773	0.923847392	0.144149919	0.860025237	0.16888464
0.004032962	0.521117454	0.353381241	0.386196388	0.684736506	0.424855638	0.024563124	0.66453556	0.97183393	0.042325571	0.585004124	0.055705345
0.129868182	0.645330505	0.347138179	0.191655516	0.631561863	0.403973995	0.199055956	0.837308995	0.779095966	0.449616002	0.925754441	0.121464454
0.378743938	0.605208974	0.297839506	0.368092767	0.617249163	0.887466926	0.309973905	0.173939751	0.762374881	0.000187243	0.925814654	0.092163432
0.712019314	0.559675817	0.30960747	0.201836219	0.615684873	0.842306561	0.397587642	0.93063127	0.543917573	0.843156215	0.501254992	0.263468415
0.723133872	0.53930388	0.343842547	0.212013397	0.562427088	0.31904984	0.076071379	0.549692619	0.679889346	0.728715377	0.624976616	0.356345719
0.233011686	0.604175688	0.340404097	0.227023589	0.559578234	0.040174328	0.313872138	0.104608867	0.900378922	0.262655277	0.652864313	0.044196468
0.559049445	0.550152845	0.310331908	0.25525012	0.658293403	0.721997477	0.220404142	0.94461808	0.984633426	0.924694215	0.73766135	0.176644737
0.321367473	0.551034328	0.332825361	0.379984154	0.66942418	0.013258572	0.005432146	0.472170986	0.876754065	0.651461304	0.879334409	0.052228156
0.635899744	0.504217491	0.320285587	0.219388247	0.645376407	0.709472774	0.559444144	0.681484508	0.502187153	0.766889056	0.37403045	0.032179083
0.477554584	0.550417955	0.303158674	0.185567227	0.674187141	0.391985785	0.410148546	0.400996046	0.758591443	0.473896036	0.482722577	0.26257676
0.602432577	0.567821671	0.368449232	0.281635113	0.716322516	0.713685164	0.494259252	0.975988941	0.551259309	0.767182524	0.908644281	0.191787833
0.334483449	0.623329519	0.348361652	0.284705321	0.628054731	0.177442204	0.150886776	0.724357119	0.4789401	0.646719843	0.368301533	0.409428306
0.127002802	0.585600899	0.37926651	0.244991255	0.717967091	0.201962114	0.186747921	0.496885136	0.892294111	0.053726471	0.695405522	0.110714794
0.682022192	0.553017161	0.28803366	0.206489711	0.644385128	0.042815774	0.526413024	0.124213968	0.579239945	0.548615727	0.451293588	0.267315864
0.632948803	0.620585083	0.321261364	0.425538287	0.634203068	0.228325742	0.101720622	0.211452396	0.960681104	0.430244556	0.400783693	0.091416835
0.421254383	0.602706845	0.328392115	0.373568383	0.75209304	0.71536078	0.592786486	0.235395801	0.462020751	0.809832125	0.872865104	0.422996338
0.709877009	0.558475739	0.315982206	0.326175963	0.578961635	0.843346305	0.178645354	0.064157686	0.389544867	0.215637786	0.565075399	0.408833743
0.707004479	0.699668275	0.395077237	0.470004554	0.632245949	0.180027396	0.061621196	0.289543164	0.660345149	0.820870399	0.510498073	0.342337627
0.289751592	0.60705039	0.31753347	0.131337908	0.615890461	0.862211745	0.42114978	0.832966727	0.904188108	0.771225581	0.452549098	0.059890055
0.334205478	0.583925087	0.329338954	0.165981297	0.758061628	0.179891701	0.438153959	0.822110405	0.98371935	0.26776557	0.363973086	0.233883324
0.226015091	0.496217896	0.318476372	0.341610205	0.601193418	0.598793519	0.628564762	0.883326687	0.566299689	0.861587551	0.38393818	0.306019595
0.296593692	0.52470758	0.298094215	0.179079483	0.654523879	0.580774905	0.601554654	0.120405011	0.649449146	0.011860908	0.864648047	0.035306362
0.326822275	0.633927163	0.377081206	0.36962447	0.700210468	0.016011864	0.485751912	0.443997481	0.413220384	0.003761963	0.510243624	0.029046244
0.049717746	0.517548428	0.276656888	0.307991744	0.556413263	0.434829453	0.179866018	0.748481673	0.789905567	0.234829658	0.57549583	0.238497533
0.472244217	0.588252446	0.351848928	0.370924842	0.626956973	0.262654114	0.394845408	0.785152339	0.719440561	0.218040467	0.841317376	0.293022791
0.256406433	0.70652698	0.260643964	0.376707412	0.776746029	0.452182454	0.149896673	0.044164203	0.774458497	0.733828424	0.623317098	0.05028386
0.6382985	0.520890702	0.309927706	0.291562043	0.667895373	0.469237248	0.016551013	0.875636779	0.846790617	0.314606799	0.65553413	0.051741291
0.215196513	0.577649545	0.272525333	0.280705169	0.566765026	0.208038527	0.622431868	0.881143993	0.771896427	0.825323019	0.402605831	0.137986558
0.439419598	0.635976353	0.29014936	0.272558155	0.629733959	0.881368761	0.049709958	0.379553304	0.521880086	0.758484545	0.644551413	0.136435549
0.631994376	0.5366857	0.335210363	0.306123731	0.669706951	0.899548106	0.164854419	0.518012753	0.858763937	0.723777442	0.463507137	0.360449183
0.325246996	0.652060732	0.327014832	0.414748979	0.571733804	0.312906475	0.372047611	0.624238471	0.858266038	0.854501601	0.721767741	0.327991504
0.097719472	0.642309537	0.303862018	0.297844145	0.620191513	0.459569318	0.319158927	0.362093284	0.515153662	0.212322343	0.490510856	0.134627842
0.096827711	0.517357532	0.309935346	0.11910633	0.814970043	0.033504927	0.56434154	0.97448933	0.953749315	0.804257071	0.343504533	0.19671509
0.046463417	0.594651321	0.30498643	0.180790864	0.785351019	0.868360127	0.55635844	0.671700612	0.545134515	0.891211379	0.98372047	0.256671678
0.700683101	0.588177967	0.300132479	0.308569279	0.544061257	0.202808671	0.115532929	0.200496164	0.479965342	0.71733192	0.740001052	0.25762863
0.227485293	0.618136644	0.356388255	0.30271929	0.584881701	0.897369747	0.43809935	0.35363163	0.320583335	0.76889548	0.933158865	0.276786803
0.713447415	0.467948953	0.318597361	0.354503582	0.636316962	0.972954883	0.248911785	0.998022839	0.364212871	0.445698601	0.643078982	0.186007242
0.430628738	0.648490476	0.394714986	0.114654002	0.668990413	0.524498487	0.066327853	0.96131495	0.616824863	0.537567876	0.847132025	0.181197136
0.568187782	0.563940012	0.396238909	0.217477714	0.568647672	0.589671705	0.47023742	0.233623148	0.537459515	0.295773871	0.720532127	0.024412525
0.149995371	0.591956471	0.326196301	0.318358231	0.598658875	0.384710707	0.410926151	0.662589571	0.924977015	0.643861495	0.680928894	0.300544444
0.015899316	0.595821237	0.288038726	0.176930139	0.60687025	0.867474564	0.108289123	0.438847837	0.969839306	0.726875164	0.806336731	0.111847227
0.31974722	0.613241532	0.262102564	0.348347899	0.590632256	0.844569373	0.184916012	0.954091067	0.848106564	0.377281856	0.664132376	0.157874417
0.030649258	0.671858429	0.33105895	0.181679488	0.59824009	0.918311069	0.119792478	0.352197374	0.65040502	0.066585818	0.551634495	0.17445526
0.556181693	0.606697129	0.295457497	0.250767438	0.599190504	0.605515987	0.02489236	0.495863513	0.907127489	0.6901123	0.978357481	0.258054645
0.210110626	0.680118186	0.33087406	0.185868017	0.574271783	0.468099537	0.53860755	0.455339203	0.745169637	0.947453002	0.531224596	0.350182582
0.581503997	0.606133815	0.336614972	0.18123002	0.578342322	0.833667584	0.624314355	0.593251029	0.45606522	0.332448971	0.942938378	0.090782871
0.271507234	0.671444093	0.337857827	0.256684153	0.637206104	0.318682678	0.609339125	0.349287455	0.880597693	0.151186565	0.732974759	0.255813463
0.132489682	0.577956699	0.376611135	0.328132868	0.688671297	0.671531829	0.598091469	0.561196643	0.69661631	0.280944402	0.940519368	0.05223428
0.149076244	0.568256987	0.256709698	0.229517085	0.612665183	0.338412549	0.578327431	0.122742986	0.536757697	0.292496105	0.988182951	0.368337321
0.291747047	0.507979273	0.326042082	0.196458258	0.597260132	0.359984358	0.30471132	0.161890941	0.725859266	0.957574172	0.387849663	0.038234187
0.561544146	0.471591951	0.333823924	0.376765267	0.636517865	0.437848477	0.532199238	0.060836578	0.863679973	0.767724146	0.857019108	0.138398449
0.048092062	0.512328203	0.318633683	0.291076523	0.490949487	0.441920047	0.475001387	0.127795559	0.42875998	0.493987731	0.434766285	0.393607615
0.432967368	0.511096072	0.309081847	0.029865709	0.605451875	1	0.134961362	0.553591121	0.578581457	0.427352926	0.797598222	0.043358221
0.023913072	0.687817557	0.338063783	0.239267312	0.640049245	0.42586507	0.663095123	0.567092761	0.672512201	0.366750421	0.670279717	0.043811482
0.078120256	0.608394725	0.301812531	0.262001733	0.61184705	0.028010535	0.123186929	0.612868995	0.54939198	0.076306193	0.539218104	0.080902374
0.726273204	0.578039318	0.289223765	0.367645094	0.544056363	0.084038603	0.25361715	0.634234042	0.709540894	0.771649167	0.390377166	0.369899138
0.368725897	0.539795818	0.314115839	0.355296866	0.695442814	0.637026455	0.334811568	0.821772303	0.884043371	0.439132948	0.481453065	0.235878869
0.425467347	0.586855675	0.314310095	0.277499233	0.630795904	0.409670093	0.271178206	0.099069077	0.891344848	0.231675173	0.531237677	0.134620938
0.568149481	0.656172029	0.369082152	0.483090551	0.802844815	0.89350795	0.663389189	0.291586642	0.781432371	0.891939094	0.458876895	0.400241322
0.438463163	0.51572727	0.265829063	0.307097176	0.609844698	0.439706879	0.128149878	0.755653101	0.985174434	0.539693969	0.978674889	0.07295635
0.478711499	0.533913008	0.309434219	0.224956205	0.6401368	0.574657577	0.381936966	0.365861576	0.772582783	0.780304797	0.871221142	0.197575123
0.241791564	0.692228746	0.327331974	0.212497376	0.593001136	0.285296802	0.511399843	0.792949207	0.612767417	0.186084968	0.963784112	0.085482739
0.245257334	0.642596408	0.338773393	0.41588317	0.681251378	0.994569008	0.604445953	0.692884632	0.840370293	0.191418999	0.412795708	0.262557965
0.405985882	0.666904378	0.243817268	0.163123086	0.812714054	0.995841181	0.683219771	0.595901379	0.341749781	0.10385738	0.681737872	0.21436185
0.365819714	0.696456277	0.349524387	0.242351299	0.623997788	0.250003142	0.318573579	0.521309365	0.953326128	0.644179874	0.385855861	0.208981193
0.173855929	0.637755603	0.336278814	0.339760032	0.60574322	0.909833593	0.01083172	0.147885387	0.920997867	0.903432088	0.403826936	0.2048567
0.3651728	0.571824412	0.297465808	0.153012415	0.651090381	0.804349341	0.518507802	0.275870277	0.494493722	0.318926545	0.840567229	0.377974929
0.052430244	0.635411624	0.360148952	0.186935402	0.679926862	0.182438541	0.012206921	0.786258187	0.965436393	0.629701473	0.615795575	0.388962662
0.393174411	0.738301395	0.347808507	0.301277469	0.666485072	0.057352849	0.449702179	0.520571573	0.788146549	0.595370266	0.72543251	0.140231576
0.575808475	0.518798927	0.3647848	0.239039623	0.690307983	0.851143369	0.069816602	0.285148145	0.617758913	0.455055319	0.728922636	0.028674427
0.253409266	0.535284718	0.313311106	0.318272273	0.643140608	0.187299515	0.544169264	0.222687685	0.614968859	0.257712077	0.633800445	0.23992832
0.386338184	0.622266197	0.366789591	0	0.623846101	0.758341472	0.353124542	0.13978491	0.890363624	0.45090879	0.810357025	0.022228243
0.582595147	0.503676633	0.280538726	0.355318002	0.569915725	0.259319337	0.543537782	0.832608326	0.661495609	0.841883734	0.724938669	0.409208345
0.278819086	0.668069949	0.336168694	0.278128679	0.755568766	0.966870579	0.023456642	0.395225097	0.3205791	0.197614213	0.982419632	0.363586594
0.453595654	0.59127552	0.379719595	0.122891271	0.729501191	0.61317676	0.6417653	0.370962081	0.431085043	0.304802074	0.375302984	0.264849222
0.660438311	0.604244603	0.332005889	0.178107311	0.657604384	0.823854306	0.453405201	0.616167468	0.641279675	0.462432955	0.470983719	0.09482312
0.033064895	0.598831125	0.290022642	0.22019481	0.699162912	0.134938652	0.642954923	0.386018924	0.973547427	0.583015965	0.93085626	0.056881487
0.23907276	0.446525954	0.258840725	0.300810335	0.779611317	0.267230376	0.449926943	0.277174818	0.473834675	0.990042667	0.584961237	0.137062101
0.39972523	0.570571962	0.268404502	0.2771304	0.656810162	0.956451133	0.646023931	0.764077162	0.338183319	0.37439026	0.946051142	0.071338713
0.57764269	0.682010342	0.328660625	0.283310249	0.702569591	0.97715843	0.651097599	0.133155017	0.748565756	0.444860754	0.878822472	0.286862327
0.109775381	0.614388816	0.304259963	0.179802201	0.672497281	0.192029946	0.655690757	0.349103529	0.984818553	0.961191897	0.536970107	0.194488224
0.440803689	0.474212101	0.315913591	0.235170507	0.618992186	0.965989028	0.46527704	0.042952295	0.791547047	0.218583625	0.557412639	0.158094036
0.23070883	0.482298886	0.270905882	0.285686425	0.565048099	0.163803783	0.197812703	0.8920549	0.602164267	0.460049748	0.467843141	0.246786974
0.623994925	0.581399834	0.283306738	0.32940321	0.634815388	0.161359127	0.184148758	0.124762526	0.756423817	0.475416249	0.836629886	0.069415524
0.010850408	0.505341545	0.338480002	0.329300702	0.684445122	0.921056932	0.565336437	0.131630162	0.406219466	0.841106354	0.35928891	0.3870476
0.286117169	0.481745595	0.31104493	0.092457568	0.791564194	0.507261213	0.626775915	0.107539605	0.951914971	0.09980688	0.660920959	0.016286509
0.028638991	0.508175233	0.350023236	0.296473271	0.639746464	0.143186935	0.505937175	0.461805809	0.914827799	0.179007284	0.333805112	0.166759964
0.600083143	0.551243114	0.334806403	0.309129917	0.609449472	0.745339975	0.670084689	0.905407066	0.984491151	0.719659459	0.730797712	0.393472671
0.312856218	0.541940795	0.29951408	0.142323598	0.524245466	0.027965473	0.201888179	0.933484969	0.349967587	0.393037298	0.394738672	5.55112E-17
0.688325435	0.612892528	0.409211038	0.279778461	0.616041034	0.502836732	0.020943725	0.747209639	0.782142045	0.379871162	0.947394362	0.009860164
0.127833852	0.631873618	0.410300773	0.337884206	0.64890387	0.793713612	0.07598494	0.714988909	0.392712824	0.400288165	0.719849631	0.116266219
0.61599883	0.568526354	0.30948434	0.224954489	0.520563222	0.475989881	0.044679551	0.997496336	0.7248995	0.808855266	0.381233505	0.346595584
0.615939365	0.534308974	0.35661587	0.334948939	0.715366822	0.791019769	0.162938315	0.856100588	0.657114981	0.353521893	0.876196996	0.346695127
0.376746357	0.596386376	0.295840653	0.250145063	0.74346496	0.57064625	0.408791963	0.524216611	0.415245857	0.316428342	0.462159486	0.301420581
0.039980484	0.591749989	0.348395828	0.075761517	0.544348028	0.668357311	0.033447661	0.372053413	0.327203093	0.015059935	0.980983153	0.033178976
0.225635404	0.688854975	0.277120674	0.278493547	0.640732111	0.570019094	0.671122481	0.421729122	0.64895699	0.195149029	0.683738704	0.018309352
0.007728746	0.747933578	0.802605117	0.645546309	0.679964547	0.4168742	0.937252907	0.353903962	0.909118585	0.051017683	0.339444541	0.05379102
0.037528549	0.966306554	0.83507149	0.622212867	0.690825243	0.70832878	0.588985885	0.180026338	0.679063942	0.726881142	0.418471032	0.089574382
0.4470267	0.903494144	0.858101326	0.851571347	0.794137103	0.562539708	0.729845692	0.98742072	0.406294325	0.541936698	0.455197903	0.015847059
0.500875871	0.847429492	0.439530011	0.644755771	0.690219119	0.617062897	0.691984909	0.166444924	0.415689417	0.263700437	0.353157151	0.085260043
0.348530477	0.832023189	0.643169562	0.681688459	0.90324309	0.571231807	0.679374738	0.753403018	0.75878321	0.869969964	0.684674471	0.298097947
0.155219187	0.945954353	0.399398918	0.757242883	0.947296823	0.466210798	0.710777118	0.054991835	0.407595134	0.979350663	0.650680564	0.027973221
0.4740587	0.872968271	0.918612509	0.740533829	0.744897301	0.467592251	0.71316933	0.377136918	0.386544895	0.996625294	0.358795501	0.022453938
0.006779236	1	0.831197172	0.547113596	0.650270706	0.618540376	0.875733722	0.714745397	0.849687115	0.278192317	0.589391295	0.137751012
0.63067476	0.744679357	0.418348042	0.801066551	0.918693148	0.476529696	1	0.170381475	0.593882158	0.247826488	0.508194079	0.193841006
0.461955429	0.904311261	0.867952446	0.883749144	0.986171921	0.483683243	0.714722057	0.761936696	0.59015339	0.730542692	0.512745128	0.297536877
0.492161917	0.882634201	0.494322068	0.813636709	0.988975734	0.553877246	0.809517772	0.901014978	0.854480561	0.692524719	0.972274616	0.110710484
0.233315093	0.809073222	0.76947756	0.654153625	0.75438055	0.336586427	0.688415394	0.634480276	0.572696105	0.227639955	0.815573332	0.006585733
0.636444361	0.90352777	0.94542277	0.577317731	0.858810964	0.590508593	0.678731357	0.86912005	0.620868894	0.831415784	0.920218087	0.118070245
0.690983752	0.783144753	0.786991222	0.784102187	0.992059052	0.407394117	0.813169069	0.006084089	0.708792905	0.077871345	0.799524202	0.013316194
0.666220289	0.837062616	0.604891577	0.761149311	0.828228564	0.585777807	0.817286892	0.317493117	0.691971246	0.754225805	0.891076726	0.266175184
0.654875898	0.833521538	0.921762644	0.629186934	0.973706594	0.445489221	0.88808805	0.175174122	0.992684853	0.54357314	0.545086805	0.094587221
0.404774522	0.872304868	0.413821589	0.776993181	0.940277732	0.557627287	0.464944138	0.353224808	0.821846086	0.861938414	0.806106576	0.310539479
0.002219295	0.896450852	0.943715648	0.746196177	0.924849697	0.562821193	0.459841231	0.624349769	0.683134956	0.536959099	0.435668738	0.08254558
0.265841735	0.858489998	0.550380361	0.75048648	0.968895226	0.548651379	0.845959085	0.128355176	0.619361821	0.228890208	0.674157602	0.249349708
0.384588965	0.825224725	0.495402361	0.647600725	0.667567607	0.493685661	0.581370613	0.687812833	0.586204876	0.934041566	0.891679202	0.051098877
0.576271395	0.904606473	0.415726283	0.583989886	0.9751604	0.591253739	0.665325284	0.409438636	0.704112066	0.533155175	0.457512927	0.152874077
0.545907569	0.863780863	0.504963809	0.729612461	0.65054804	0.51602596	0.87109131	0.283371677	0.993538775	0.977725995	0.814682833	0.154745467
0.308146916	0.857085354	0.552084549	0.75833841	0.908692869	0.510430259	0.630278293	0.937920892	0.941119307	0.434802148	0.996444714	0.044561003
0.636228216	0.898557542	0.5301313	0.641467668	0.766941623	0.392167783	0.755080524	0.717481939	1	0.669656018	0.820949703	0.112212228
0.148227146	0.90779995	0.914278725	0.698781496	0.690282527	0.682486022	0.724343182	0.079760629	0.488896035	0.173588387	0.898468646	0.358293737
0.730837397	0.920190689	0.463824116	0.675793652	0.89023483	0.472545838	0.669918809	0.060671457	0.340735222	0.659811364	0.613026765	0.2003972
0.413146418	0.849037064	0.762862545	0.614605657	0.804016316	0.505128811	0.671204388	0.381552318	0.900174784	0.07338814	0.542317841	0.017108178
0.195246816	0.844287466	0.652604542	0.752160827	0.850006594	0.428300036	0.68184084	0.648638275	0.490499319	0.819949217	0.657113493	0.180429674
0.016955921	0.908250546	0.866104748	0.783791159	0.994265355	0.431674277	0.590323971	0.423713254	0.69166151	0.989126542	0.523373879	0.254969106
0.528223344	0.765309947	0.82228908	0.653688907	0.726144142	0.579256975	0.917007248	0.983197518	0.454374755	0.036609176	0.706351992	0.149331249
0.519101815	0.851802231	1	0.630907161	0.662314531	0.345517982	0.58814376	0.456552966	0.99599228	0.313796628	0.650718486	0.140924881
0.214980184	0.882028615	0.44101382	0.599141989	0.656817386	0.439934126	0.803069697	0.77953659	0.883101821	0.692197083	0.523930033	0.071656306
0.38171302	0.855502543	0.875642808	0.679552083	0.892699512	0.645491859	0.728188533	0.241809735	0.488825201	0.428974481	0.440214978	0.356705937
0.311461406	0.870475591	0.391759681	0.617402875	0.870595688	0.583299873	0.805184319	1	0.951617882	0.327057674	0.604784427	0.038415555
0.149793315	0.854365714	0.411451506	0.693179449	0.651747977	0.585490376	0.530118986	0.59001877	0.648365576	0.015149609	0.952211021	0.055013115
0.513628706	0.846872954	0.407981964	0.719183855	0.755327425	0.533140965	0.895231529	0.680658354	0.357646808	0.295575462	0.944613774	0.05894794
0.21438216	0.820565708	0.491312548	0.825731135	0.711726781	0.622275463	0.740404723	0.286673056	0.329412951	0.033616269	0.330162978	0.300455648
0.583074727	0.950316566	0.389884047	0.689688934	0.888043094	0.331605547	0.930404631	0.858148697	0.616408872	0.113407777	0.718099177	0.311569564
0.000394916	0.879190353	0.935426873	0.810377522	0.87042834	0.418789485	0.830933159	0.15736513	0.355930675	0.425979102	0.782449144	0.013831091
0.242674645	0.872634933	0.361763521	0.671550541	0.847218693	0.442748294	0.891200249	0.233799384	0.368645057	0.182870277	0.873204868	0.027824243
0.729507826	0.824129085	0.426782474	0.787807902	0.777488881	0.474138844	0.7559856	0.384014903	0.335717896	0.442734087	0.707710876	0.219361715
0.169728227	0.848091928	0.493230633	0.843089769	0.757896827	0.556386039	0.405907206	0.07869035	0.390212254	0.291792713	0.884734353	0.393385163
0.408222779	0.884968572	0.881592208	0.649838107	0.821788563	0.594336803	0.771922943	0.763220953	0.419933755	0.577348043	0.95196767	0.251400017
0.714874428	0.828114732	0.545712972	0.727858815	0.833611678	0.529705783	0.80557466	0.52373739	0.868608458	0.504983973	0.722583982	0.148499812
0.165451033	0.934374393	0.723964701	0.894127418	0.800878824	0.652607686	0.681273085	0.938317249	0.844263981	0.169243446	0.486873274	0.203368156
0.715853107	0.918463307	0.464268433	0.747303628	0.815199332	0.582385836	0.749602801	0.525794611	0.385041659	0.16481242	0.480387801	0.415565221
0.355728215	0.94554579	0.362284673	0.823405289	0.818902832	0.327413993	0.840349667	0.124214667	0.953326045	0.978654349	0.824800812	0.073527961
0.412983504	0.869669608	0.985179593	0.790642374	0.950722074	0.360176674	0.785428618	0.084606665	0.835438081	0.392560625	0.813440267	0.182806721
0.514673359	0.870740079	0.697136059	0.589765867	0.729138324	0.342779181	0.895405255	0.512547435	0.526405645	0.23415182	0.626467648	0.383807559
0.261618567	0.810921261	0.749799218	0.675620713	0.757873088	0.305457708	0.558665501	0.025340766	0.427483902	0.522990751	0.360602557	0.311101248
0.617586326	0.888184184	0.837031799	0.884678673	0.841586442	0.35589776	0.816836301	0.84372959	0.635932198	0.389570307	0.641859307	0.33296155
0.143939009	0.936838868	0.642463243	0.938805664	0.852314674	0.27631941	0.538502601	0.503045226	0.573323635	0.220867553	0.392103106	0.366779232
0.610009633	0.946765736	0.981716987	0.84372997	0.798808046	0.489556659	0.819350859	0.131339395	0.497887705	0.549030147	0.585127867	0.310828397
0.123104518	0.837768085	0.420291627	0.707539675	0.673577041	0.423780669	0.632160447	0.613744494	0.874362304	0.356770303	0.889560397	0.029912204
0.127761529	0.858046969	0.948913328	0.717430428	0.64484989	0.499913584	0.477439628	0.327594911	0.570047787	0.914736306	1	0.026681906
0.201263062	0.867044243	0.795565567	0.817120188	0.974167651	0.469501965	0.712159586	0.729092322	0.374508726	0.493695124	0.913968683	0.019890954
0.115676286	0.827610446	0.753466214	0.797629012	0.967965734	0.783855736	0.637572444	0.810588937	0.325135788	0.233840287	0.851271011	0.080105493
0.649373811	0.747827689	0.336222706	0.657034196	0.865983079	0.446106082	0.721735377	0.604716439	0.935219395	0.662074512	0.879216923	0.332329241
0.024782373	0.848861789	0.720819459	0.836685009	0.678822964	0.434264734	0.660183559	0.835156547	0.866853996	0.919332443	0.538211558	0.043583302
0.569781379	0.947102896	0.812552835	0.873108302	0.685458172	0.406620699	0.538311957	0.215925647	0.466922396	0.842330792	0.690801405	0.114914342
0.227251885	0.903439042	0.990271045	0.777012756	0.863423512	0.351770022	0.742417824	0.93906638	0.448911709	0.666593887	0.601017161	0.340639663
0.375021253	0.880925917	0.50246452	0.822057764	0.768665718	0.338030664	0.734311771	0.884203047	0.524260564	0.047709506	0.975774078	0.313517507
0.631784308	0.90847621	0.552150208	0.753151209	0.761212937	0.315314419	0.662674796	0.005366487	0.533037073	0.264286026	0.800064109	0.128466465
0.132839368	0.773829373	0.875705736	0.771340721	0.952651975	0.522738286	0.879348353	0.115161518	0.51704936	0.852813801	0.513502006	0.150165574
0.069666781	0.839905316	0.44948462	0.763071833	0.845474945	0.720996153	0.854355034	0.973967245	0.870396034	0.480377904	0.403142733	0.038463731
0.626307353	0.908099964	0.362648379	0.885237804	0.646609763	0.563172343	0.6411141	0.195617137	0.475105249	0.152636498	0.415514972	0.337373897
0.441282434	0.839093025	0.48932909	0.777590713	0.787162116	0.466921111	0.778110738	0.88008822	0.530766173	0.065398284	0.373582741	0.021538776
0.334377572	0.90671959	0.75676543	0.723995647	0.786869662	0.520052552	0.617843564	0.873606703	0.344629987	0.635765395	0.72675727	0.277504222
0.322031968	0.866582895	0.784074028	0.889366031	0.752148424	0.532336778	0.54053387	0.008256511	0.471895244	0.847131991	0.70428263	0.148159565
0.660991438	0.858371385	0.434918728	0.87371381	0.91949162	0.617131495	0.965596764	0.440171697	0.53901068	0.998796384	0.735387559	0.355192848
0.155463923	0.882417388	0.506983443	0.689791339	0.875406	0.640251445	0.629659209	0.040201413	0.847448719	0.243418943	0.50698371	0.275799047
0.452638223	0.877672172	0.914298862	0.963873119	0.74413067	0.612348133	0.926212117	0.979445774	0.390972103	0.44820525	0.91426811	0.063947842
0.406792245	0.926501225	0.483410215	0.786586802	0.831653715	0.59829634	0.632362504	0.03345763	0.954103127	0.107846904	0.399285308	0.003871873
0.528137403	0.893032736	0.72395239	0.765190317	0.991977001	0.437891218	0.618970675	0.262765005	0.558638643	0.844916019	0.832645565	0.283722812
0.244531535	0.892321191	0.735171432	0.846913666	0.978153266	0.483170621	0.670762252	0.722463096	0.433542391	0.728951755	0.530930477	0.048581124
0.27308599	0.783909257	0.445493471	0.801166874	0.872337872	0.357036847	0.891359289	0.317810887	0.790559274	0.733153618	0.539741581	0.373451446
0.21388075	0.905077889	0.912719311	0.832827673	0.705943284	0.52052202	0.605805938	0.964828379	0.396981955	0.926734189	0.424265917	0.027783162
0.312974845	0.899371599	0.433247239	0.781123524	0.657096687	0.379034427	0.75064333	0.593676983	0.4308968	0.725749956	0.62138614	0.379017475
0.540305606	0.936793832	0.433360118	0.873335026	0.77268456	0.51691879	0.640259596	0.9805165	0.849324486	0.927914139	0.501193795	0.261638892
0.327355573	0.934757716	0.846865645	0.78290238	0.882663339	0.552687215	0.698742554	0.088718806	0.54783034	0.996261671	0.561160891	0.164103028
0.103135807	0.901398678	0.75803808	0.747955913	0.6578377	0.294004382	0.732513092	0.841612309	0.694742924	0.600376896	0.382117585	0.069132673
0.564846439	0.886734311	0.406758975	0.674260913	0.645104745	0.555749117	0.538750716	0.261698623	0.588957872	0.582821582	0.867358943	0.050534766
0.583185353	0.868964379	0.55469693	0.732401847	0.727066294	0.65490253	0.977599624	0.965536182	0.864703062	0.233242803	0.949548529	0.271049442
0.248117151	0.801337379	0.677540803	0.642403292	0.971140646	0.563231632	0.732211883	0.266438032	0.995451236	0.512548487	0.41870987	0.090536682
0.24328367	0.770635879	0.375716193	0.674308314	0.928691575	0.566158831	0.76644434	0.132050361	0.48925573	0.429538443	0.553225663	0.374356387
0.638815797	0.896801144	0.878295352	0.635167484	0.748022103	0.43054637	0.583749321	0.748513442	0.602638353	0.023595403	0.878119677	0.136984449
0.703571301	0.890512027	0.763585777	0.723609267	0.688120946	0.501333851	0.761774448	0.180688809	0.884497288	0.82470623	0.373113688	0.406738902
0.561052272	0.857944737	0.553650049	0.668644803	0.949601653	0.478938062	0.632990437	0.701769762	0.841949455	0.028031556	0.795235389	0.274314447
0.546910797	0.967044382	0.328375604	0.761817321	0.787524971	0.597127439	0.700432556	0.540052054	0.697544905	0.258164207	0.418764416	0.20859607
0.334886178	0.85290127	0.543496278	0.887647388	0.823756965	0.453065229	0.474813732	0.65235612	0.423756841	0.494364159	0.397369005	0.108510959
0.714030029	0.828520772	0.957821597	0.786014901	0.908375959	0.666819194	0.849991825	0.381383559	0.98109945	0.013831402	0.822919732	0.010720185
0.55290866	0.884054832	0.84633576	0.504159099	0.923236903	0.3865183	0.776686195	0.399895192	0.452396508	0.040773706	0.654137512	0.287328507
0	0.912179569	0.564822184	0.737854914	0.70395487	0.585567949	0.532826157	0.443308541	0.552519525	0.532490928	0.517339163	0.179918951
0.504032163	0.877581649	0.93891877	0.777047699	0.99998808	0.596209819	0.594402063	0.533269671	0.998341874	0.319858282	0.680335357	0.207821325
0.359247544	0.84521432	0.344883466	0.776099782	0.994967589	0.516219523	0.429635832	0.001596554	0.609724646	0.74401651	0.68682436	0.384045947
0.284387007	0.881337979	0.628376948	0.765457902	0.728713228	0.469862583	0.67762561	0.823590719	0.556297808	0.891381565	0.700153869	0.419924074
0.067047832	0.881007051	0.545649162	0.679612109	0.657622223	0.392714301	0.883760096	0.607922996	0.527820616	0.345616398	0.527505842	0.05877067
0.544261567	0.844418409	0.446087625	0.674264733	0.734462217	0.532291882	0.80411334	0.610112298	0.898790834	0.742188456	0.77449093	0.132661627
0.145743174	0.838595854	0.341518674	0.633297922	0.816718634	0.517315579	0.848463796	0.832793024	0.721675271	0.880615727	0.39087317	0.278707796
0.051694519	0.916335425	0.871794168	0.722926387	0.717815813	0.477351464	0.350282872	0.55925856	0.400404965	0.617649875	0.930714163	0.384102908
0.279088244	0.868896587	0.405613178	0.70912427	0.768825274	0.633036385	0.656867473	0.845630064	0.802144597	0.490502268	0.624038297	0.140485585
0.658834869	0.930434899	0.529895027	0.817502252	0.683305817	0.490809875	0.707131665	0.756153218	0.329327978	0.142347565	0.500999789	0.112576153
0.050601297	0.888775053	0.550623637	0.765309057	0.752234773	0.524619431	0.701731831	0.078912903	0.405376625	0.08042722	0.908595601	0.419600692
0.051899097	0.851895732	0.861713189	0.684268509	0.711660786	0.549379302	0.597152407	0.884866606	0.986775856	0.401000125	0.844487485	0.021287992
0.165872913	0.86185161	0.342916683	0.793037259	0.998338169	0.460153747	0.711641938	0.010956957	0.527581531	0.720681635	0.616162905	0.347349323
0.490434433	0.886284864	0.513009224	0.613177457	0.862421351	0.405878333	0.910570335	0.150205973	0.859468039	0.154978797	0.938774216	0.12600593
0.043898922	0.856175954	0.695968581	0.727990126	0.691977625	0.482071933	0.754625117	0.343625124	0.838247457	0.003140025	0.769833142	0.422907561
0.732341788	0.94450176	0.623264178	0.80051368	0.736173431	0.297245558	0.574274669	0.976152552	0.903176836	0.5467507	0.965912967	0.367621647
0.299472225	0.882639589	0.572253681	0.827173681	0.739563651	0.480890725	0.729720924	0.798082601	0.539497828	0.111261496	0.437583489	0.421743397
0.045636627	0.877900147	0.706605132	0.655538147	0.727247567	0.637609549	0.703867875	0.886355995	0.576880304	0.674542046	0.868555419	0.237128157
0.202319222	0.855492692	0.333495967	0.721909028	0.948191543	0.451338957	0.566725753	0.931561407	0.837307766	0.63133616	0.336387295	0.042784184
0.661085257	0.959363927	0.777818034	0.592869721	0.875303644	0.581233356	0.441702254	0.277713432	0.90263977	0.695961652	0.369829431	0.108274492
0.724151747	0.807041702	0.359791495	0.685667493	0.714785349	0.550661289	0.619751865	0.905013459	0.893372991	0.356185492	0.928740427	0.277633352
0.608765722	0.860825893	0.647184932	0.710088905	0.878774249	0.42321745	0.806960256	0	0.5300464	0.388495743	0.988323672	0.195692123
0.073940802	0.819697742	0.814050832	0.858975513	0.805179188	0.430871176	0.727576234	0.42203386	0.913300987	0.145576057	0.858755859	0.381917439
0.644438261	0.85770448	0.964722094	0.768886879	0.707994982	0.562830681	0.690009258	0.945464911	0.956572428	0.400155541	0.930492448	0.338285598
0.292465857	0.854762695	0.964575926	0.685531634	0.714291771	0.422254304	0.673691318	0.237066705	0.407768345	0.605357033	0.581873706	0.01236758
0.670203848	0.816197833	0.403442666	0.585017635	0.82549961	0.599754052	0.543025359	0.363806546	0.844194405	0.012766124	0.517546389	0.165949149
0.223315034	0.848206646	0.442410618	0.653482217	0.906233166	0.412790872	0.559687945	0.906999451	0.389081434	0.171706226	0.854038246	0.151371827
0.3390275	0.886089467	0.917332739	0.68881348	0.688824434	0.692190028	0.550782023	0.267089905	0.692371094	0.392793401	0.54597875	0.254144106
0.557037153	0.936740629	0.337268625	0.782223076	0.889229008	0.523934671	0.673453459	0.288558928	0.814355166	0.971268767	0.394711428	0.161996816
0.27768702	0.882746125	0.94900106	0.673328252	0.959072507	0.361829411	0.503161719	0.001888204	0.859889194	0.176220863	0.367188665	0.39148973
0.674654476	0.800682843	0.325567127	0.538222917	0.791882662	0.35694573	0.620234914	0.122088843	0.532520139	0.208201092	0.627583704	0.261865628
0.414886452	0.93663442	0.687660349	0.735296729	0.900198405	0.366152952	0.600127402	0.62843987	0.420209789	0.176283219	0.831198626	0.12332567
0.211634737	0.829040015	0.749274912	1	0.677654341	0.412417892	0.469170119	0.272574798	0.949977028	0.357014473	0.417020485	0.268838477
0.719394344	0.151194651	0.112188874	0.440370798	0.184911368	0.285061393	0.464780464	0.588968859	0.059257088	0.462501654	0.061138764	0.012978693
0.01882196	0.351256115	0.094837348	0.385924643	0.198748054	0.722564693	0.136270291	0.390561279	0.13314759	0.768695145	0.079620879	0.27771589
0.149523546	0.223497893	0.033098472	0.61096321	0.124327166	0.947334285	0.540522554	0.655183237	0.082136232	0.833137922	0.14864252	0.022154202
0.601866791	0.010346907	0.040712766	0.415454304	0.140872194	0.148129084	0.58337364	0.89629388	0.046717305	0.384769637	0.115057529	0.176273937
0.02338842	0.149802685	0.098136467	0.366096618	0.019007998	0.596264341	0.010603359	0.130239362	0.065672435	0.618955293	0.14295905	0.265919022
0.295515162	0.271520573	0.085966025	0.678123745	1.11022E-16	0.984959629	0.323948058	0.736970458	0.040046163	0.534942711	0.022462906	0.067680355
0.591820375	0.027531288	0.079791582	0.415402438	0.070167236	0.015543879	0.057459393	0.002754321	0.100294853	0.703378122	0.037922066	0.297169103
0.372363381	0.181674155	0.030784287	0.349404218	0.221999952	0.750505794	0.419695741	0.093062338	0.105263891	0.080867708	0.101614081	0.29940492
0.349226175	0.302454993	0.110045464	0.326565301	0.03781222	0.056782541	0.381209142	0.278575294	0.021559364	0.687638696	0.09856638	0.115753692
0.221790226	0.529791707	0.071277327	0.688336112	0.201346454	0.296590495	0.188355492	0.243730507	0.085447279	0.203936793	0.110082453	0.326246876
0.203514151	0.440745814	0.111074137	0.428206666	0.141951677	0.029733038	0.383940311	0.179158283	0.03706277	0.737920298	0.075978266	0.090430664
0.477196872	0.364273293	0.122389407	0.343779606	0.055339318	0.283966223	0.568892802	0.880889402	0.084975844	0.936695684	0.071720743	0.177030731
0.521578399	0.341441135	0.133549103	0.568226901	0.104875206	0.019768577	0.659700252	0.606927865	0.07214998	0.133214419	0.051599614	0.271124827
0.293202888	0.389550594	0.071164595	0.569875054	0.257202334	0.542904466	0.205962006	0.726844944	0.126859811	0.449057009	0.059111106	0.148461912
0.120711889	0.299249776	0.1102525	0.40629132	0.189183352	0.669738521	0.618138618	0.261403543	0.052361701	0.914542992	0.097065864	0.215086435
0.558202887	0.35775321	0.113472097	0.27477677	0.065575901	0.438365907	0.326560205	0.148604277	0.05403228	0.248006122	0	0.080945043
0.434399969	0.38520429	0.073203835	0.369609021	0.082466939	0.652559979	0.541086344	0.432413956	0.128531263	0.906914399	0.074562087	0.385698144
0.641654842	0.528164335	0.057342292	0.447087974	0.160387285	0.589246188	0.460304995	0.639058285	0.122995393	0.240520756	0.080320001	0.020586384
0.063552433	0.485571527	0.03457007	0.484008201	0.15488089	0.96818991	0.168940524	0.394280394	0.051856475	0.550181861	0.037575828	0.115131426
0.259756765	0.178504358	0.072152007	0.710922655	0.203593356	0.192395891	0.263102563	0.404584273	0.081149155	1	0.076099728	0.375174212
0.699381026	0.469830198	0.119121438	0.648260726	0.226054896	0.244913375	0.026244949	0.750147213	0.098726404	0.999127137	0.14692406	0.315947546
0.258918795	0.16074053	0.057682302	0.704169896	0.13030763	0.529670749	0.47681221	0.679357514	0.10133706	0.158232924	0.086332561	0.239417694
0.524703497	0.328965428	0.030322171	0.386126773	0.012154383	0.148155608	0.44462326	0.30533893	0.035469229	0.606292949	0.099902666	0.166454283
0.656760616	0.095446148	0.023500236	0.267317647	0.130685114	0.928672607	0.108681096	0.850724909	0.136438102	0.191126743	0.014541649	0.343180923
0.570671578	0.475310444	0.071772798	0.333943286	0.027004983	0.841396454	0.037941454	0.397078484	0.050819741	0.634220797	0.15920487	0.167060275
0.226173492	0.088847453	0.104759009	0.621589886	0.161510529	0.563181611	0.582129991	0.249125201	0.047709769	0.06791303	0.07712966	0.401431281
0.604765081	0.272630887	0.080935653	0.712420549	0.16790481	0.206578507	0.296098467	0.850183402	0.071272182	0.247690658	0.079335687	0.253605592
0.219884578	0.152694756	0.074534019	0.626133389	0.303622351	0.176267087	0.427395745	0.090205234	0.11563994	0.859514373	0.042743907	0.028948555
0.366605082	0.076770297	0.025503281	0.421794439	0.086999702	0.840031208	0.672434364	0.357614245	0.102612671	0.201041433	0.100966893	0.213747975
0.70309887	0.281559285	0.042623129	0.575369757	0.133181038	0.144284672	0.518372599	0.280083481	0.099161155	0.30226819	0.095556827	0.394598809
0.241054885	0.028202504	0.050219575	0.285482434	0.083285466	0.073988952	0.00319865	0.760130248	0.026379053	0.826782948	0.101413653	0.277115671
0.31917576	0.509943185	0.075998304	0.704930988	0.160262682	0.671641324	0.230130517	0.999955117	0.025282789	0.893794299	0.102657508	0.339062813
0.476644445	0.182703225	0.098463891	0.620435941	0.144163722	0.301679143	0.62553068	0.503587642	0.095373162	0.443383166	0.099861538	0.283694116
0.313367543	0.311964963	0.056226962	0.711726214	0.218451103	0.748687602	0.109729294	0.311833847	0.053908917	0.718716072	0.152772868	0.098113827
0.137864862	0.519405284	0.105360991	0.279878874	0.121809751	0.413491459	0.04245708	0.713365267	0.112850821	0.527950676	0.127779174	0.295029018
0.135954214	0.085609566	0.035273915	0.69932672	0.07240989	0.981672315	0.40602308	0.396640756	0.102036082	0.407756616	0.045117364	0.421956681
0.124132597	0.417347736	0.034930618	0.371531721	0.067010424	0.915512764	0.57661754	0.27554498	0.076539275	0.03669778	0.0982572	0.263444134
0.235399536	0.006044985	0.101673555	0.514213959	0.144894926	0.048956508	0.094992968	0.487020478	0.047037461	0.689383951	0.142454926	0.011092021
0.245354797	0.43839328	0.082008328	0.674324742	0.176638978	0.18354922	0.230889279	0.438752559	0.07869297	0.821784602	0.095371523	0.267999459
0.489416174	0.051645524	0.055998228	0.43370949	0.141123212	0.127415664	0.635717567	0.093594295	0.031252824	0.437334633	0.088168472	0.377535601
0.673213421	0.251753249	0.12675914	0.615166671	0.180708571	0.15262207	0.109506036	0.039490257	0	0.927320747	0.063260469	0.171590569
0.060998059	0.220698126	0.098714953	0.35380045	0.168149344	0.408423376	0.369129246	0.349880036	0.09277459	0.172902991	0.102783036	0.258907342
0.393848177	0.169548447	0.032298223	0.630506381	0.107709473	0.70637273	0.011856526	0.746289687	0.077893449	0.661019543	0.075038852	0.384947883
0.33894808	0.239964579	0.110858288	0.406841836	0.184156639	0.498493793	0.659677967	0.009367565	0.096180683	0.365416227	0.107449028	0.201694411
0.274668746	0.54176194	0.043917518	0.362362962	0.076418796	0.383997798	0.290055645	0.953031127	0.010555214	0.305873408	0.080215223	0.105935275
0.059368681	0.350520556	0.10680397	0.475140709	0.1915598	0.089648776	0.580389996	0.922653962	0.115593334	0.346328708	0.105681018	0.300862941
0.609281753	0.063704878	0.11070221	0.339098197	0.130280411	0.596570628	0.474667544	0.431488225	0.123932545	0.079921314	0.053353408	0.010118766
0.34357353	0.185611324	0.123259773	0.505734945	0.095137064	0.731668997	0.564294219	0.331748821	0.08975666	0.993319955	0.112074281	0.041384812
0.518398456	0.239112979	0.090280611	0.499036182	0.222605521	0.494890233	0.222884309	0.819567293	0.103050798	0.133262542	0.044247995	0.220670313
0.052823898	0.334426316	0.091360177	0.621906507	0.153045143	0.18338302	0.493130165	0.273726902	0.06034305	0.213161646	0.048664809	0.265977723
0.047567376	0.301771773	0.085856352	0.723140276	0.208840695	0.035994424	0.492085872	0.428129952	0.128898084	0.675449212	0.123346168	0.241842307
0.018982101	0.13088651	0.016525071	0.276278042	0.13651736	0.086373796	0.085369042	0.930933207	0.095426402	0.56126565	0.103287761	0.109199013
0.657827162	0.341016939	0.079520712	0.506783425	0.300033598	0.42690385	0.090658876	0.198994098	0.093385664	0.522929584	0.087226869	0.046359981
0.10521368	0.262336858	0.074834811	0.559628645	0.097105983	0.006842237	0.038337571	0.483920176	0.11573597	0.312536768	0.140389668	0.374113095
0.179764297	0.238228262	0	0.337347883	0.268530538	0.019544598	0.206771668	0.766149006	0.100803905	0.415209252	0.073545706	0.096108566
0.376227187	0.368532953	0.053819959	0.502492755	0.141979728	0.13495745	0.288044099	0.087706806	0.138332743	0.527187852	0.100200598	0.200537669
0.046616564	0.29130034	0.021628225	0.580578627	0.303722574	0.913803117	0.205691447	0.222322875	0.078770519	0.995081908	0.05171307	0.05213349
0.357459111	0.395294965	0.108756332	0.728035066	0.014276601	0.858769824	0.004736009	0.570294845	0.060036271	0.238580761	0.069593502	0.280149975
0.724052508	0.439260827	0.052036153	0.671761817	0.060952408	0.890765521	0.670506348	0.228127065	0.069806685	0.410848811	0.063420955	0.049091901
0.332558159	0.229338765	0.105823984	0.294485261	0.075721985	0.496063645	0.507121723	0.054146793	0.08891972	0.611111624	0.069676941	0.172872251
0.308696293	0.387658015	0.02613045	0.301580728	0.121592993	0.900318717	0.201215717	0.308058724	0.06624407	0.103944584	0.110709129	0.020417122
0.737761511	0.219116707	0.141601901	0.681461061	0.131468998	0.688283007	0.182495682	0.203532077	0.127525261	0.288157123	0.130386538	0.418577759
0.34758536	0.026761796	0.039131971	0.396522269	0.172904279	0.383154081	0.318428187	0.659310993	0.07534295	0.637266108	0.043917536	0.024714685
0.370258769	0.07944669	0.014786997	0.342076447	0.190314247	0.997508635	0.468434119	0.172232392	0.084471326	0.603041619	0.132888922	0.207494429
0.438380322	0.404398864	0.084218353	0.448522057	0.11782594	0.911508956	0.164966062	0.042985462	0.041949731	0.812671898	0.15221335	0.12743808
0.0144842	0.354649974	0.074011201	0.356579563	0.253818922	0.862018613	0.209972231	0.486133794	0.092146692	0.21158276	0.095399878	0.113605601
0.528922275	0.57266595	0.082503263	0.368513176	0.155802662	0.392998064	0.428304657	0.591520523	0.069998061	0.446776547	0.116259012	0.204705915
0.362231739	0.090345197	0.076831002	0.316554594	0.101123816	0.187675983	0.044303172	0.869089168	0.07694533	0.124479454	0.078289189	0.07222554
0.594366228	0.514222419	0.060941989	0.690524342	0.343209689	0.056260991	0.129329633	0.688060603	0.067425545	0.417781505	0.109787002	0.282120091
0.485123071	0.570344706	0.043793293	0.637081423	0.240535804	0.03741558	0.624514582	0.571056402	0.083429209	0.857953199	0.06751632	0.357619808
0.174652781	0.027147997	0.008677134	0.395058275	0.134353518	0.68475647	0.380536624	0.196092818	0.102335309	0.677310787	0.103230135	0.173314292
0.116959668	0.138844171	0.074065459	0.37119191	0.109751028	0.830714138	0.427903274	0.238936526	0.066632561	0.807848555	0.059251079	0.1429605
0.39423154	0.543524699	0.065892384	0.697893664	0.185048079	0.252512823	0.154675102	0.753526517	0.12745132	0.869443089	0.102573678	0.363885487
0.18827609	0.01113893	0.088975716	0.619914454	0.072865732	0.713779689	0.671471536	0.485835959	0.101353801	0.104415104	0.075398286	0.062219961
0.623511353	0.123225498	0.092719077	0.430498153	0.298894799	0.587948074	0.368905803	0.883858282	0.086261356	0.509100172	0.073736395	0.161394067
0.701610683	0.256173856	0.130272118	0.465220222	0.218722408	0.244674262	0.619308318	0.913308728	0.126247907	0.543604113	0.129449884	0.190257773
0.43769996	0.468048563	0.11511868	0.607352691	0.133592208	0.452037555	0.112804975	0.050316728	0.145923713	0.035053413	0.099213536	0.277172762
0.401098482	0.499741545	0.140505414	0.565287188	0.045925682	0.054447089	0.370322937	0.744665685	0.118506379	0.690420241	0.138220623	0.059737804
0.107848169	0.219947858	0.143413291	0.672824007	0.115922859	0.266631758	0.398732133	0.530143408	0.098396064	0.927745425	0.070770833	0.387712573
0.546316064	0.052462272	0.078295328	0.469076481	0.1565065	0.842630494	0.369824736	0.726284732	0.13011862	0.035441812	0.086992418	0.330574216
0.318350263	0.029198717	0.10955475	0.651577245	0.194383938	0.831046993	0.582610002	0.438879034	0.128425039	0.669942161	0.119669983	0.383394322
0.611275055	0.095743713	0.084563567	0.319792234	0.013014419	0.990606715	0.2411688	0.198218189	0.080141104	0.700212814	0.097623294	0.182939411
0.315830707	0.513170845	0.048421479	0.545314334	0.101249354	0.750730647	0.513500045	0.338536615	0.139780183	0.432124734	0.08408306	0.200601194
0.720734876	0.154600829	0.048500797	0.636596545	0.158182224	0.504136534	0.635210427	0.725742789	0.05573696	0.862215343	0.071086015	0.331508735
0.4431563	0.292098931	0.070635951	0.652773043	0.109985862	0.708760475	0.019545458	0.925644573	0.09812521	0.814074047	0.092894518	0.299044162
0.351436945	0.461948715	0.056723456	0.536430203	0.224630863	0.600403255	0.653988795	0.942639619	0.118466827	0.419463426	0.074832001	0.19680641
0.444614942	0.547373276	0.080680258	0.606806385	0.15284369	0.313118273	0.389198221	0.857274713	0.119827333	0.247299628	0.093887414	0.319293704
0.48094371	0.228164355	0.099856724	0.270819776	0.165267252	0.492715117	0.43696439	0.448031293	0.074076627	0.611609382	0.119786886	0.244686943
0.002305135	0.05716484	0.046729067	0.438901199	0.23847181	0.868618573	0.540119917	0.08990857	0.064210718	0.391127692	0.053277831	0.069386745
0.628279069	0.119504707	0.148261149	0.35749071	0.309681358	0.310431706	0.380830101	0.564188309	0.016864897	0.109659529	0.075739794	0.201934142
0.686508148	0.294825279	0.032054012	0.584205392	0.260000596	0.183416898	0.055336628	0.170596527	0.09382162	0.842319781	0.078905759	0.194670684
0.412282759	0.09413293	0.071981587	0.582843659	0.288892231	0.939763851	0.43772431	0.572722967	0.080887013	0.910017725	0.030004993	0.237730817
0.736999557	0.482255003	0.09179224	0.291774687	0.14454901	0.568942327	0.265559087	0.651839474	0.098023255	0.308817758	0.069305825	0.263150801
0.668593003	0.210331714	0.079056237	0.596706734	0.156925383	0.03420357	0.016190094	0.413301249	0.10507661	0.714313025	0.120304891	0.400860246
0.473634269	0.465812481	0.026999553	0.49592805	0.099863546	0.224142773	0.668057755	0.288891525	0.108070066	0.737265864	0.040316658	0.014537884
0.54954151	0.198875265	0.079006772	0.413703068	0.201864961	0.458569739	0.198305184	0.04256138	0.050079227	0.911131281	0.054260126	0.084124568
0.570516109	0.345623432	0.134790961	0.66546688	0.163147803	0.58672395	0.506629879	0.829208855	0.12253009	0.500735036	0.098521633	0.118661807
0.491156576	0.412945317	0.134424808	0.50541847	0.170823372	0.701884897	0.136297592	0.199849174	0.086137155	0.02151769	0.066277304	0.407295895
0.585933121	0.03504136	0.053688565	0.661986041	0.253054894	0.94170798	0.425411498	0.714788875	0.090603557	0.652971728	0.088461322	0.178214247
0.13501045	0.358867008	0.107498112	0.545783356	0.024362283	0.144207951	0.133822609	0.313282912	0.08899627	0.808222012	0.078394734	0.212977856
0.012022396	0.54005493	0.05511793	0.542515111	0.020666865	0.508136906	0.575760302	0.545808758	0.060953767	0.658131012	0.133390646	0.271872389
0.19485732	0.336219286	0.08765546	0.56354327	0.116623475	0.859187945	0.116547605	0.74087455	0.0322179	0.03331837	0.122082003	0.347934277
0.599355509	0.276034286	0.085219125	0.558748856	0.240394265	0.820068288	0.271024492	0.877901515	0.103049802	0.268234465	0.105441071	0.068787569
0.629813315	0.201901183	0.062729644	0.498157302	0.013220333	0.755991399	0.593665909	0.407415949	0.099674008	0.912085681	0.08163521	0.100463907
0.337699199	0.063124653	0.103942648	0.397067469	0.027212124	0.84582813	0.562231803	0.437055347	0.021739106	0.298189498	0.110290679	0.088834936
0.064158198	0.012167771	0.027522904	0.297904384	0.158347473	0.488875229	0.683253259	0.663872864	0.062065533	0	0.139814226	0.216743263
0.251266501	0.351125498	0.002118147	0.692730564	0.211775554	0.405608548	0.682805185	0.425309914	0.057004724	0.578977856	0.132776828	0.295342336
0.617920101	0.50901673	0.115455032	0.387698041	0.075348297	0.82320271	0.503504934	0.750617708	0.119331004	0.736415107	0.046371546	0.13123318
0.156625987	0.245292083	0.043066697	0.429432445	0.138960065	0.492723585	0.175915583	0.128042672	0.040947896	0.144653058	0.115236604	0.160851904
0.50780433	0.070915822	0.075509965	0.386738208	0.151540935	0.55938749	0.46870755	0.309310913	0.045209744	0.889578935	0.05940167	0.22202584
0.332119701	0.523595388	0.022438962	0.517831288	0.259283614	0.39178124	0.52063194	0.031221499	0.056113711	0.070333675	0.119268049	0.096305042
0.602038908	0.330042536	0.080555633	0.554931056	0.25658302	0.4143358	0.534380972	0.342420759	0.097346432	0.107650086	0.117053176	0.191308225
0.491172405	0.165163438	0.119183166	0.642130675	0.100102281	0.454124232	0.299022853	0.408448658	0.108943531	0.659285357	0.077392934	0.194652695
0.554490622	0.020352244	0.10050906	0.716468181	0.221601666	0.066468368	0.093821849	0.165477168	0.089948188	0.01551309	0.138146598	0.067377313
0.641407188	0.27781878	0.110336983	0.475500694	0.042415077	0.778183719	0.446518131	0.461241226	0.09710537	0.947999215	0.094453164	0.133663658
0.16556726	0.425881824	0.063037308	0.361419331	0.216311735	0.800809361	0.101601778	0.932244675	0.134334218	0.616929126	0.025878861	0.100259396
0.581132283	0.10730801	0.083114592	0.614518828	0.241800207	0.222044084	0.497974241	0.18297298	0.043443201	0.028475054	0.141363104	0.256866075
0.433577812	0.300958137	0.061982138	0.442613226	0.096639927	0.126380831	0.427059684	0.823428456	0.075182409	0.701651058	0.049712083	0.387141852
0.250359359	0.101120901	0.094627525	0.338176575	0.156926237	0.01479716	0.421793854	0.271887462	0.070635106	0.639209479	0.109747739	0.045571051
0.125929983	0.245327802	0.047749506	0.716130922	0.095016369	0.204182136	0.580975477	0.578089385	0.111381343	0.756901137	0.097370858	0.35891265
0.624344143	0.409574494	0.126707525	0.372908653	0.161683051	0.188966363	0.550084982	0.637262802	0.080153075	0.802583162	0.102496883	0.245709603
0.61530662	0.342011984	0.100909777	0.419415644	0.143922685	0.720454246	0.163861747	0.896114069	0.038500425	0.917693785	0.048459706	0.127779876
0.15056803	0.065744481	0.102363804	0.297704017	0.257940414	0.193777679	0.289126709	0.164121953	0.101122035	0.039363274	0.100258101	0.022084113
0.469457303	0.556657489	0.04097429	0.606810919	0.167477296	0.542339156	0.527499263	0.329865109	0.107477044	0.948530236	0.072770883	0.249095666
0.373092531	0.112448652	0.020746591	0.31487717	0.057974394	0.716986213	0.640696857	0.156993757	0.076652112	0.77977793	0.088457007	0.214723114
0.85145897	0.090062951	0.75237465	0.439381336	0.967744668	0.584748106	0.058960734	0.753446033	0.626677826	0.105411753	0.798119305	0.881230034
0.787690548	0.537273509	0.72006111	0.644206004	0.691462549	0.850853644	0.153007102	0.90624726	0.65659194	0.638752219	0.751321772	0.889774813
0.800439936	0.468363222	0.618184392	0.27457507	0.795030444	0.285255254	0.143427368	0.006530163	0.706269033	0.407372108	0.663640599	0.920074643
0.835386561	0.358556713	0.709798624	0.692541057	0.906191471	0.71743822	0.630984346	0.120668786	0.744382143	0.334790132	0.737749265	0.810317319
0.848835611	0.065463104	0.701429196	0.616136356	0.949067039	0.034176392	0.09848121	0.227763856	0.73997493	0.455765746	0.696857258	0.923473473
0.703195109	0.306672741	0.680978072	0.296341376	0.829139581	0.551393015	0.017019021	0.478130157	0.719475903	0.015411751	0.984930784	0.819394225
0.845305386	0.393254737	0.713991198	0.701445356	0.890087885	0.320396564	0.208467964	0.751244153	0.708005201	0.065167271	0.665080532	0.892667201
0.796825379	0.563392301	0.634247581	0.621415469	0.924624695	0.072046207	0.06595367	0.006270752	0.733258481	0.246911703	0.798138989	0.839269789
0.727231452	0.310286322	0.686271811	0.517039538	0.959238065	0.453837329	0.263560787	0.240920199	0.679477403	0.237335702	0.388180142	0.923517786
0.703142536	0.399324997	0.741904701	0.592611776	0.934642114	0.118969238	0.143518192	0.014589329	0.756163774	0.997305803	0.401602939	0.879736027
0.731120208	0.533118469	0.780017007	0.625252008	0.907136039	0.694684802	0.605656489	0.736339818	0.690052064	0.470571867	0.901063825	0.95044079
0.82757572	0.48484764	0.757173404	0.390836167	0.992269417	0.881835935	0.488438567	0.662583195	0.755557832	0.855582375	0.835452266	0.901928636
0.789965408	0.093174714	0.691898927	0.549438531	0.983620268	0.487465089	0.169566867	0.34019325	0.684618545	0.468940652	0.670953568	0.907647192
0.761932642	0.408600939	0.730636854	0.414130625	0.813447652	0.095876588	0.281751281	0.748751004	0.747370328	0.634510662	0.902054946	0.913096584
0.650684403	0.097321122	0.677059354	0.625006454	0.891937355	0.368199993	0.07123767	0.467154788	0.724894465	0.318505903	0.808818161	0.946347484
0.810988147	0.343194945	0.730135532	0.446976398	0.755231329	0.689464353	0.321762842	0.632518033	0.711979185	0.766593018	0.602845431	0.923773618
0.831901922	0.166590179	0.709294309	0.352794608	0.715103679	0.815140331	0.681125841	0.161015409	0.692515382	0.598456574	0.770083212	0.873978216
0.871118573	0.08604081	0.738199829	0.541243028	0.843175775	0.580821379	0.329895862	0.867359153	0.694613443	0.591482146	0.902996804	0.912317044
0.912184479	0.451142378	0.709468078	0.726791988	0.689077986	0.834932117	0.266830127	0.372722227	0.704388328	0.329679162	0.809486831	0.868944179
0.763658274	0.041475101	0.723182655	0.403965523	0.85040147	0.266341947	0.248677865	0.693924207	0.662807598	0.938697752	0.477750037	1
0.843489423	0.21388691	0.671179891	0.40437743	0.719570582	0.990384861	0.209301301	0.555773794	0.695366516	0.880859601	0.988627592	0.950986184
0.77284093	0.440986443	0.698069304	0.313755216	0.855289978	0.376279023	0.425155281	0.344312293	0.623600098	0.701579244	0.598756496	0.943896454
0.834816093	0.046764973	0.72454339	0.532494351	0.997982274	0.74298745	0.559775832	0.629586256	0.721793565	0.221562082	0.850515239	0.893630924
0.735371393	0.181456061	0.658605929	0.387837959	0.944916086	0.613179512	0.111524412	0.052752538	0.699449289	0.917925882	0.57073876	0.893653203
0.741568995	0.209163554	0.697176571	0.423934879	0.871252649	0.222174628	0.06223927	0.947924112	0.723197164	0.616197073	0.488219059	0.88561096
0.754968405	0.460990695	0.667474259	0.397341927	0.958107187	0.811849589	0.351203478	0.743209378	0.698090196	0.756155489	0.413738098	0.815458693
0.849611446	0.089808813	0.707814188	0.51511239	0.998104952	0.655663026	0.603511412	0.783088178	0.663034145	0.7964515	0.9031194	0.887465686
0.839680664	0.271116858	0.629059029	0.318707587	0.886415532	0.634525519	0.115594614	0.747899981	0.67732776	0.494540976	0.694394707	0.922471379
0.836634953	0.128803927	0.700941808	0.458509734	0.656537664	0.132947708	0.117204248	0.43780632	0.742809911	0.673631262	0.873470198	0.838516368
0.767120087	0.129198468	0.680682717	0.300391731	0.942465052	0.757260465	0.333802112	0.395698182	0.659337585	0.388166131	0.843047876	0.886965742
0.847540998	0.078264319	0.674267083	0.352476333	0.986730253	0.586875774	0.231315138	0.460779899	0.704393551	0.441970681	0.6692967	0.815037444
0.773760358	0.360192318	0.715555891	0.408864194	0.852051152	0.095445962	0.646323631	0.927447999	0.6553531	0.104144836	0.915663972	0.881193712
0.776223757	0.488794727	0.754684641	0.394512529	0.717820744	0.35924394	0.557397198	0.325628602	0.699625485	0.56159466	0.985361178	0.775632307
0.922688844	0.540931657	0.732233716	0.271573397	0.668285245	0.75910798	0.007722316	0.473649284	0.631362933	0.925890103	0.835844382	0.942980903
0.752945004	0.387321251	0.742027882	0.719230217	0.788762067	0.480675998	0.180314609	0.388508573	0.671675612	0.756237097	0.773543956	0.869949968
0.753577279	0.04048187	0.64958723	0.418957955	0.781351569	0.252354113	0.38740223	0.559552316	0.659918969	0.080860586	0.652999761	0.933091263
0.840205063	0.257326298	0.665780384	0.51076639	0.701961725	0.042059482	0.525527991	0.053773033	0.719662894	0.563656338	0.834313791	0.930045789
0.848401781	0.299737563	0.693104727	0.345093315	0.92697505	0.581970311	0.258448283	0.45078573	0.699139975	0.943353449	0.46375832	0.848307296
0.794227097	0.268677903	0.652470426	0.654400312	0.812218968	0.347396966	0.254459323	0.853986275	0.664528225	0.101362678	0.840208859	0.858549212
0.784773692	0.211806932	0.732244432	0.43446229	0.691531299	0.470649719	0.214252923	0.11760088	0.737313665	0.527411235	0.539412917	0.808478765
0.780904459	0.2674879	0.662479502	0.4985215	0.802610173	0.740348716	0.016672736	0.122449775	0.666673843	0.89668941	0.873406589	0.891847616
0.836947746	0	0.701544982	0.308495696	0.985829641	0.44194351	0.44586917	0.672895583	0.701954547	0.329134471	0.329916488	0.832547836
0.847923091	0.133577931	0.706577867	0.508858216	0.978947123	0.84889134	0.109048437	0.830034555	0.728998663	0.343387069	0.491427828	0.893751903
0.789235186	0.316100201	0.689256148	0.504368623	0.695172045	0.0597548	0.559214535	0.16706726	0.680494454	0.427480385	0.366810256	0.920356007
0.69580984	0.527816003	0.700251703	0.590658357	0.977109916	0.450291332	0.088073525	0.014133048	0.669610852	0.814319996	0.762778375	0.859964369
0.806764345	0.307926095	0.680836954	0.282371245	0.939810751	0.914492892	0.182691584	0.730049384	0.699442547	0.713303254	0.375464975	0.950096839
0.834810321	0.254371561	0.687038082	0.703397729	0.764627115	0.913936573	0.657900564	0.340831852	0.620285689	0.388780072	0.911979511	0.85706382
0.792727085	0.342392132	0.692601474	0.301336812	0.725786017	0.891990322	0.594086064	0.422692376	0.750173068	0.577026969	0.517832663	0.944015062
0.827638618	0.500533412	0.746905012	0.438824421	0.770634545	0.644092215	0.597709746	0.401929624	0.714028471	0.23707271	0.66237079	0.895066954
0.916308126	0.513204999	0.693969883	0.505600519	0.893240257	0.553599612	0.383850457	0.867563978	0.733968609	0.326194119	0.39901167	0.902289459
0.745250034	0.547268266	0.737805759	0.485279245	0.713390459	0.16986138	0.163342607	0.003544721	0.643482105	0.538376363	0.828948804	0.923271869
0.807681651	0.204062029	0.755160437	0.599733794	0.646159185	0.046647897	0.667255736	0.167411207	0.724286368	0.244044739	0.908234233	0.821447
0.696542982	0.445146021	0.691736844	0.656589292	0.734146003	0.713613518	0.208866675	0.613627605	0.70141969	0.127384038	0.498020107	0.930512852
0.79381699	0.382279138	0.821354548	0.446661352	0.95951073	0.370480312	0.303810278	0.360907819	0.674007022	0.798953875	0.859207186	0.821765195
0.779002341	0.0243474	0.694954795	0.618767799	0.987008147	0.554139374	0.679047884	0.964619122	0.670203219	0.339847827	0.503111874	0.911630182
0.740249279	0.383016618	0.654912694	0.500957466	0.767581074	0.190896347	0.439060508	0.963768801	0.67416846	0.9761957	0.868840129	0.901051627
0.73405309	0.186001782	0.667178239	0.525832247	0.905629156	0.243555037	0.113008553	0.968953775	0.624506568	0.393880098	0.375206499	0.8714132
0.828855838	0.468986137	0.705432641	0.654276975	0.792534564	0.702729975	0.470372755	0.346861894	0.709613384	0.627009789	0.650971412	0.894473298
0.89081679	0.480843178	0.727505818	0.511606394	0.786296301	0.906793633	0.452173906	0.547689406	0.708286007	0.655765335	0.377790025	0.963918155
0.890355971	0.189383268	0.695162725	0.714546144	0.85386975	0.103924995	0.0279249	0.176341868	0.651189868	0.707316808	0.868431259	0.940840631
0.850616726	0.042859151	0.70075387	0.662960466	0.941460655	0.134819328	0.449099286	0.873317988	0.667585139	0.204060837	0.982788249	0.853421195
0.731424653	0.547395254	0.662135767	0.549385467	1	0.419674016	0.673318612	0.786756493	0.706652478	0.388872592	0.508626887	0.963025839
0.785245306	0.238647753	0.733569114	0.520215871	0.772239412	0.355899944	0.117218494	0.999769121	0.693229252	0.814515774	0.412969511	0.942459427
0.73373153	0.488634838	0.714314941	0.616559592	0.884050012	0.592702171	0.609372602	0.475436079	0.694230136	0.060373512	0.607827921	0.798030351
0.988943994	0.287376507	0.693180047	0.627821926	0.956024558	0.401810116	0.614832167	0.750241294	0.698425443	0.8060408	0.583072104	0.865816215
0.810949669	0.354619365	0.716208929	0.435493209	0.78863771	0.64690582	0.123619109	0.074540569	0.726555332	0.511150577	0.982197588	0.924183275
0.787326011	0.360871683	0.622751724	0.723036381	0.761946854	0.162669052	0.677044134	0.201890383	0.70429507	0.29887382	0.695554384	0.912425293
0.872897581	0.074922037	0.721823598	0.536528677	0.812208361	0.841179484	0.398468806	0.160982243	0.652270713	0.905139826	0.491840231	0.927183392
0.854596885	0.226245449	0.706287976	0.455465441	0.941277344	0.537362841	0.633686801	0.874611225	0.742963483	0.971163042	0.433659566	0.828545661
0.87499457	0.433300726	0.642598621	0.345802918	0.987957995	0.077318373	0.638527469	0.47468698	0.695272402	0.528694505	0.994448715	0.838622351
0.853033646	0.078107865	0.684181508	0.515930052	0.915448965	0.763156848	0.111708457	0.076198627	0.686745991	0.55734172	0.356302299	0.868193395
0.840292579	0.388555539	0.695142478	0.518946692	0.834207908	0.698160043	0.665109067	0.771740694	0.681550173	0.640416001	0.689769344	0.941844724
0.815418267	0.14301419	0.702434143	0.388473901	0.748098005	0.053789853	0.588021872	0.604717653	0.680009702	0.822893227	0.687778794	0.894266607
0.65948521	0.451532647	0.658745448	0.604284207	0.688464687	0.170270778	0.028945133	0.007209949	0.683640278	0.025533557	0.802032892	0.878882439
0.82431544	0.243057694	0.669069618	0.468014325	0.99740394	0.366063345	0.001920931	0.453481429	0.693067536	0.752970899	0.75613738	0.944210275
0.908081381	0.357903014	0.700439909	0.57694697	0.798201218	0.256202853	0.44131187	0.392792048	0.656439129	0.646894874	0.992048163	0.976715792
0.931676828	0.487715172	0.758500735	0.565183061	0.96700767	0.405669963	0.368915133	0.622547421	0.670904249	0.508157876	0.766845019	0.890236953
0.793725322	0.355351396	0.71706303	0.391566118	0.997368639	0.053247279	0.097360208	0.253732676	0.736226815	0.152142753	0.676496644	0.867770588
0.903134864	0.30745553	0.719583569	0.577137408	0.862348032	0.078350335	0.670013636	0.256882404	0.723345141	0.765755606	0.699439731	0.892446447
0.77613673	0.572616746	0.722257991	0.703333078	0.87313819	0.452836827	0.610155975	0.417767813	0.674755417	0.63713241	0.940960497	0.93172383
0.770705491	0.209202578	0.778022243	0.428015372	0.693427387	0.118620526	0.268763985	0.886666207	0.707884452	0.693086844	0.808032197	0.849587488
0.824522292	0.062140587	0.77892634	0.508691094	0.740862717	0.776614893	0.565390925	0.102709424	0.72768661	0.454339546	0.801474986	0.922201511
0.772591602	0.045708884	0.73794399	0.362747322	0.760182049	0.129366731	0.133140133	0.78525389	0.676576157	0.317867322	0.553125534	0.868730776
0.845233946	0.299026496	0.681424289	0.505338041	0.781921236	0.120885062	0.427173654	0.214932139	0.682655044	0.953169802	0.563250252	0.903812117
0.746722026	0.357279791	0.69794719	0.670429377	0.672408071	0.601848262	0.194629425	0.660127988	0.706348056	0.386982462	0.819645498	0.868918674
0.775481725	0.387468194	0.786338732	0.429078269	0.929101621	0.405600947	0.583236259	0.575398697	0.605091952	0.153589447	0.543099659	0.811321093
0.781542481	0.182705243	0.676631489	0.30799755	0.76147887	0.754806388	0.523433956	0.23099981	0.645491648	0.481905682	0.603428546	0.905435776
0.914072955	0.099733372	0.643726275	0.547332035	0.89906708	0.087663712	0.381154934	0.345745513	0.735203978	0.970354105	0.99198327	0.772297775
0.763337465	0.131325196	0.770599958	0.692455019	0.700495473	0.03656537	0.097428653	0.534847074	0.636528341	0.382833315	0.357626272	0.852009164
0.79890088	0.276811071	0.667168331	0.59040909	0.898198931	0.446404828	0.403086834	0.408750158	0.701945459	0.615455487	0.867443764	0.870113761
0.835958797	0.562148913	0.749459907	0.595006188	0.793912881	0.771970443	0.604622156	0.836179823	0.689793523	0.584786118	0.335830402	0.867163319
0.857222106	0.402065554	0.682358634	0.430224993	0.841498191	0.104255782	0.107491038	0.07224617	0.754946148	0.149800104	0.379345891	0.886827493
0.777995566	0.294042777	0.668257662	0.34117462	0.676437556	0.271141366	0.142018969	0.413595801	0.691661559	0.887033645	0.522238891	0.874562052
1	0.3005034	0.721032354	0.691596399	0.845669949	0.756728709	0.218968943	0.750912985	0.760353913	0.046915737	0.768649458	0.885785899
0.904748425	0.550736324	0.707165781	0.44387662	0.929335455	0.472135012	0.332227667	0.439875354	0.700490837	0.390460957	0.614153364	0.894816737
0.924959299	0.560653053	0.695854255	0.68341292	0.774540785	0.461149785	0.399461264	0.121559417	0.692419734	0.889784648	0.967179921	0.931342786
0.908828668	0.31218489	0.686928635	0.528882456	0.855903831	0.48916292	0.325410748	0.332143884	0.668832978	0.371193093	0.641552323	0.891923276
0.711071302	0.079290403	0.769820937	0.68536893	0.885241759	0.285140718	0.334360358	0.874567138	0.614006079	0.142962545	0.536683313	0.857024315
0.808903256	0.019942759	0.707142246	0.67492863	0.647756121	0.953607237	0.024434396	0.816680756	0.717481578	0.341760524	0.756209388	0.918691568
0.862740821	0.497905482	0.722806854	0.411020751	0.812612197	0.063764439	0.332804962	0.873866675	0.708862944	0.417777396	0.663114968	0.89877896
0.815057213	0.543889509	0.754645312	0.521167769	0.962027974	0.554619507	0.152441044	0.266454948	0.683835244	0.425338149	0.355922226	0.862044367
0.941286606	0.174193856	0.631777556	0.451207475	0.666468021	0.381551101	0.654232527	0.12363864	0.624855866	0.639506462	0.951481238	0.855143611
0.717731363	0.522119808	0.777196437	0.399365918	0.678506176	0.262186953	0.568664917	0.176994653	0.633166661	0.415318773	0.378765271	0.919512287
0.751074671	0.185032358	0.707856364	0.504226128	0.705061778	0.552737248	0.093232323	0.559674353	0.693717272	0.218032175	0.898309167	0.874091818
0.791979044	0.367730501	0.687446588	0.659093016	0.678598425	0.017158543	0.243147565	0.698944944	0.697406872	0.776352037	0.563551301	0.869194796
0.789228717	0.35315749	0.691554197	0.711237214	0.864292187	0.733171232	0.198984768	0.126362397	0.696910454	0.03056857	0.887871322	0.961135276
0.748475942	0.245816405	0.676527351	0.311990452	0.77874109	0.054471354	0.146380021	0.934678786	0.722904772	0.726167742	0.501690516	0.911010724
0.857633808	0.426633117	0.671874716	0.478676943	0.808348196	0.319689654	0.395487332	0.4714652	0.656152555	0.758533112	0.619852677	0.881652419
0.786711536	0.31543467	0.710945986	0.314993725	0.678303295	0.446847036	0.60083681	0.63869417	0.704321336	0.059899702	0.99694662	0.932922718
0.872153413	0.382705761	0.686485406	0.55659351	0.944335678	0.227000827	0.395562298	0.121078336	0.639816646	0.773079467	0.974619527	0.832796402
0.817854604	0.029641956	0.717563163	0.532423077	0.876106099	0.796929479	0.571758512	0.905439223	0.718711907	0.773905908	0.723751934	0.950562835
0.852739449	0.160372787	0.6668916	0.560530295	0.699154854	0.299944716	0.369400117	0.818975413	0.735364871	0.296204063	0.687745596	0.894156692
0.863159279	0.044144502	0.735457048	0.56517254	0.967204664	0.681156394	0.568446514	0.912687949	0.754082174	0.605478793	0.334469677	0.873971717
0.819917308	0.060334284	0.663201624	0.718099327	0.918928073	0.945163508	0.473809813	0.322144518	0.687953131	0.863178916	0.336732484	0.874661729
0.809557704	0.554944995	0.692658234	0.689022797	0.754211826	0.743965159	0	0.145127729	0.714168748	0.386329984	0.894995814	0.870307708
0.765599974	0.112579857	0.691257056	0.728492479	0.785971197	0.350812324	0.098427627	0.230212032	0.627265789	0.153219514	0.850867026	0.917232728
0.85294335	0.578672128	0.74129427	0.720394222	0.858771616	0.713368709	0.619011703	0.725563969	0.688752326	0.063793863	0.78352132	0.809167623
0.917298086	0.160006969	0.731335412	0.573310938	0.968841732	0.669044651	0.053937786	0.831386389	0.73454889	0.742651365	0.556934441	0.864443054
0.910550367	0.483862773	0.733871424	0.594461242	0.895937143	0.449541841	0.497488587	0.755376878	0.712632624	0.446539183	0.944280036	0.913046917
0.820319593	0.313681049	0.77833708	0.298359096	0.674593188	0.67539397	0.394063966	0.769975786	0.662864044	0.495910805	0.855683323	0.902527538
0.916602332	0.575000303	0.695608148	0.412699557	0.73695975	0.872475878	0.671806982	0.911882318	0.640356674	0.856685394	0.413915421	0.833398017
0.893072385	0.07812916	0.736260514	0.58195201	0.734767634	0.851783862	0.636984517	0.8640197	0.608526988	0.068331238	0.769728148	0.936674707
0.846652648	0.498490694	0.708764182	0.307157937	0.682640912	0.507679842	0.345089533	0.038540599	0.667855163	0.830069033	0.614594358	0.897808466
0.775093212	0.525792733	0.725730642	0.295487718	0.670134786	0.916858557	0.524620312	0.103516559	0.73234594	0.462223266	0.637711047	0.864781465
0.739421252	0.117384889	0.667902259	0.538022543	0.764023318	0.828277584	0.494366228	0.520468383	0.648177715	0.879861947	0.926494055	0.90476182