7.608	0.908	1.054	1.123	8.407	2.765	0.503	17.212	4.902	0.161	3.137	2.573
1.426	-0.480	-0.671	0.640	5.247	4.011	4.936	1.559	6.640	2.180	4.083	6.874
13.497	-0.722	1.139	-0.714	8.872	4.576	3.629	18.396	6.926	1.342	3.729	8.805
11.653	0.412	-0.254	0.145	6.357	1.491	2.297	10.207	5.041	1.557	3.628	15.862
14.012	-1.558	0.489	1.066	3.611	6.165	2.262	19.044	1.060	0.471	1.256	5.507
9.960	0.983	-0.226	0.268	2.154	3.777	0.654	7.236	0.929	0.697	0.669	1.354
0.707	0.148	1.151	0.315	5.025	2.602	3.381	18.916	7.196	3.199	2.005	11.557
6.257	-0.213	1.859	1.336	5.806	5.776	4.442	9.687	4.501	4.920	0.769	10.078
11.368	0.736	-1.033	-1.718	1.779	2.717	3.831	8.044	6.745	3.812	1.626	9.520
2.949	0.927	-0.816	0.304	0.921	1.130	0.062	5.903	3.920	4.069	4.551	18.347
4.403	0.802	-0.350	0.332	1.774	9.977	0.406	10.952	9.036	0.455	1.090	13.463
11.133	0.705	-0.154	-0.586	4.817	8.183	3.736	14.534	4.830	2.998	4.308	15.261
13.194	-0.953	2.084	0.900	7.885	0.033	0.011	5.190	1.280	3.997	1.132	15.269
5.724	2.359	-0.636	-0.534	1.577	0.864	1.567	1.498	1.303	0.721	3.489	9.488
6.565	1.417	-0.244	-1.345	3.920	5.827	3.668	6.009	0.634	0.489	3.327	0.309
5.749	1.131	-0.134	-2.344	8.487	2.915	1.775	6.866	8.421	1.362	4.236	6.226
17.551	1.089	-0.363	0.199	6.115	1.815	4.321	4.145	0.986	0.232	3.782	10.238
8.539	-0.790	-0.412	0.988	1.390	3.230	4.119	9.931	2.910	2.013	3.874	7.749
17.110	-0.479	-0.152	0.948	7.388	4.566	0.056	17.721	2.993	1.571	2.557	14.765
1.792	1.315	-0.583	0.328	8.962	3.685	3.089	18.089	0.012	2.629	3.759	15.432
0.138	0.096	2.103	1.876	5.998	5.865	3.732	14.836	8.095	0.507	4.654	14.576
1.464	-0.925	0.756	1.301	7.215	9.509	4.836	15.622	4.807	2.032	3.370	16.799
15.050	1.498	-1.096	0.414	8.160	5.030	3.858	7.345	3.502	2.427	3.581	18.536
19.418	0.097	-0.169	0.665	2.979	2.459	0.880	7.362	1.818	3.791	2.048	11.925
17.238	-0.936	0.703	1.148	3.332	3.355	3.395	6.603	2.786	4.198	1.661	3.495
5.927	-2.266	-0.985	-1.451	1.399	5.700	3.438	2.194	8.927	2.038	3.785	14.807
11.687	-0.545	1.467	-0.841	1.791	4.259	0.566	8.375	1.319	1.840	4.450	16.758
16.296	1.425	1.163	-0.911	5.762	9.783	3.867	3.458	6.178	0.466	4.195	6.236
17.241	0.772	-0.193	-0.064	5.474	9.251	3.757	19.435	5.580	4.612	4.696	16.028
17.286	-0.754	-0.006	-1.032	4.787	5.451	3.723	14.104	2.286	2.621	3.291	6.163
8.605	0.728	0.894	-0.005	4.065	0.215	4.760	17.019	7.947	0.931	0.534	18.633
9.713	-1.688	-0.851	-0.232	1.267	9.250	2.514	12.775	4.828	3.209	0.779	19.931
1.947	0.635	-0.199	1.360	2.386	7.221	2.252	10.179	9.065	1.840	4.591	16.363
10.262	0.150	0.659	0.846	8.560	4.816	4.881	7.500	7.737	2.220	1.601	15.808
4.826	-0.118	-0.155	-0.188	4.754	3.342	1.957	15.397	6.885	4.076	3.653	2.460
0.692	-1.234	1.598	0.151	7.338	4.610	2.523	14.356	6.337	0.187	1.031	8.103
14.439	-0.618	-0.385	-1.115	4.909	4.274	1.325	0.547	7.156	2.368	2.198	3.934
5.705	-0.895	-0.548	0.785	9.444	1.266	1.218	1.087	4.544	0.741	1.189	5.875
0.662	0.624	1.049	0.601	1.108	7.493	3.378	17.329	2.585	3.524	4.345	7.263
12.316	-2.741	-0.218	-0.013	6.965	4.275	0.322	3.270	8.644	0.749	0.373	3.871
1.760	0.051	0.449	0.306	7.082	1.856	4.139	4.194	4.380	4.067	3.225	17.743
11.997	0.385	1.552	-1.085	2.367	7.726	3.440	6.341	3.749	2.833	1.582	0.111
6.667	-2.018	0.777	0.483	3.314	8.695	0.617	10.153	7.221	4.274	3.292	0.248
19.038	-1.237	0.830	-0.460	1.831	0.581	0.102	6.384	3.579	0.007	1.600	16.912
11.885	1.549	-0.376	-0.252	6.000	0.456	2.224	11.026	8.222	2.512	3.548	16.566
17.349	0.904	0.063	0.086	0.676	2.035	1.291	16.927	4.516	1.181	1.557	12.719
13.773	-0.340	-0.487	-1.053	3.016	8.275	2.275	4.103	8.213	3.828	4.274	13.144
11.246	-0.281	-0.697	1.047	0.222	0.797	4.949	2.418	3.208	0.916	3.587	3.181
9.760	-0.532	0.490	-0.282	7.414	3.479	2.462	14.062	8.984	3.830	3.195	6.359
5.713	1.297	-0.354	-0.242	3.721	9.244	2.020	8.670	7.085	0.241	1.635	0.209
8.045	0.220	-0.845	-0.393	6.723	0.198	3.471	9.008	1.008	3.642	3.927	3.683
7.975	-1.533	0.629	0.423	0.008	7.411	3.447	4.118	7.908	0.259	1.860	4.163
17.352	1.132	0.361	-0.846	6.282	2.647	0.055	9.936	9.707	0.524	4.326	7.205
17.154	-0.681	0.285	2.198	8.119	2.913	0.377	10.303	5.833	2.919	4.210	19.828
16.078	-0.449	-0.416	-0.127	6.578	5.215	4.759	11.161	6.454	2.782	4.613	3.274
3.620	-1.726	0.076	0.745	6.938	2.028	4.379	11.571	4.262	0.694	3.771	3.415
17.192	1.051	0.673	-0.807	6.139	5.982	3.165	9.436	7.248	2.809	3.898	5.767
13.240	1.046	0.518	0.075	0.205	0.329	1.850	3.371	0.540	4.296	4.495	17.749
8.468	0.723	2.257	-0.932	3.646	7.406	1.329	2.927	2.997	1.492	3.528	0.395
3.077	1.135	-0.790	-1.718	5.435	3.648	4.109	13.856	8.262	1.302	3.654	12.422
10.642	0.541	1.052	0.086	1.824	5.393	3.084	18.267	1.801	4.684	0.759	8.797
19.043	-1.225	1.235	-1.013	8.051	5.507	1.421	12.460	0.847	1.887	0.092	0.572
10.455	0.077	-0.197	1.502	7.340	4.939	4.539	2.910	1.729	4.961	1.943	7.222
18.376	0.215	2.387	0.376	3.587	2.926	2.185	15.482	4.325	3.841	0.818	5.907
14.442	1.267	1.128	-0.691	7.713	8.934	1.808	13.814	4.594	0.071	2.502	4.200
12.909	-0.670	0.161	0.703	9.539	1.529	1.420	6.868	8.844	3.563	2.026	14.346
15.242	1.709	-0.571	-0.406	5.808	8.753	0.202	2.065	1.542	3.047	3.678	3.627
3.529	0.004	0.368	1.369	9.945	9.772	3.896	12.796	7.062	3.684	2.883	3.476
19.505	-1.303	0.648	1.835	0.664	7.393	1.535	7.588	7.547	2.757	0.716	19.867
15.880	-1.089	0.486	-0.958	8.942	9.109	1.578	13.541	9.053	1.692	4.805	13.435
0.767	1.246	0.127	1.216	0.396	5.047	4.635	0.239	6.222	3.744	3.667	0.799
10.332	2.322	1.150	-0.628	9.173	3.730	3.474	10.859	4.443	2.920	2.192	15.720
6.472	0.751	-0.107	-0.641	0.155	0.814	3.969	0.330	3.016	4.910	3.184	14.133
3.850	-0.489	0.443	0.416	2.265	1.100	2.644	8.204	1.729	2.180	1.709	13.194
7.274	0.203	-0.090	-1.170	6.828	8.558	1.979	3.157	6.636	2.309	4.330	6.381
9.078	1.054	1.485	1.684	9.120	4.356	4.047	3.528	5.040	2.101	3.366	9.490
12.697	-0.035	-0.573	0.199	5.956	8.287	2.933	18.414	7.627	1.476	0.421	11.685
1.848	-0.543	0.872	-0.690	6.355	3.016	1.844	17.267	8.946	1.736	4.101	13.413
19.779	-0.915	1.409	-0.659	9.016	8.551	3.673	1.534	0.107	1.595	0.743	4.178
18.727	0.216	-1.393	-0.239	0.124	7.513	1.504	8.261	7.856	1.828	1.417	10.593
9.398	-1.462	-0.025	0.014	9.194	5.939	0.698	8.130	8.940	0.534	4.337	6.307
1.772	0.265	1.881	0.980	7.174	2.641	1.944	9.104	5.622	3.863	2.859	8.383
8.637	-0.812	-1.282	-0.803	2.046	8.278	1.744	9.526	6.196	2.090	0.333	2.069
2.361	0.606	-0.331	0.039	9.070	1.541	2.003	4.914	5.392	3.871	2.056	16.836
9.289	0.542	-0.656	-0.538	5.814	1.725	0.672	4.568	0.761	3.912	3.390	14.103
7.141	0.096	0.754	-0.128	2.342	5.915	3.149	13.327	9.717	4.239	1.957	8.072
18.197	1.075	0.653	-0.035	3.528	4.095	0.662	19.783	1.885	4.089	2.077	19.434
8.236	-0.414	-0.544	-0.260	1.625	3.274	2.295	7.540	6.348	0.692	4.980	0.086
1.726	0.929	0.098	1.042	3.259	7.786	3.390	17.195	1.946	4.211	0.097	14.848
19.884	0.573	0.335	-0.149	3.586	9.393	0.637	4.736	7.573	0.649	0.164	18.844
16.331	1.074	-0.184	-0.476	2.089	2.672	3.749	18.832	7.334	0.958	4.175	18.497
7.206	2.053	-0.550	0.869	0.100	9.526	0.473	4.662	7.180	3.708	1.498	10.514
2.387	-1.158	-0.541	-0.174	7.623	8.016	4.899	0.808	8.707	4.171	4.304	8.196
14.056	-0.365	-0.855	0.559	7.376	1.238	0.523	16.235	8.106	1.636	1.056	5.857
1.996	0.179	0.778	0.084	8.758	7.121	2.607	12.380	5.084	3.911	2.006	5.689
9.582	0.263	1.710	0.941	0.513	8.103	4.722	2.209	7.783	0.968	1.824	14.697
14.795	0.496	0.181	0.352	9.208	5.578	3.603	18.479	3.668	1.018	3.800	15.021
19.826	-1.533	-1.354	0.430	7.084	8.192	0.636	2.321	4.938	3.372	1.441	1.575
0.725	-0.543	-0.241	0.326	3.263	1.650	3.087	12.428	0.244	2.921	0.946	13.776
5.404	1.424	1.777	0.914	2.467	7.338	4.927	5.103	3.277	0.740	2.351	1.530
0.340	0.392	0.705	-1.862	6.524	8.506	4.832	13.353	6.020	1.532	2.626	7.076
1.566	-1.628	-0.833	1.207	0.293	6.800	1.698	8.570	7.534	0.077	0.672	9.509
9.979	0.432	1.582	-1.254	2.222	1.875	4.856	4.312	0.619	3.194	0.453	17.332
17.358	-0.368	1.433	0.550	4.662	6.991	1.319	15.260	0.667	4.409	3.653	11.378
0.760	0.786	0.629	-1.111	6.677	8.887	2.083	0.648	5.198	0.208	3.470	2.711
17.617	0.381	-0.511	-0.294	0.037	8.416	4.842	14.765	4.956	0.272	0.707	19.907
16.140	1.007	-1.846	-1.993	5.118	4.947	4.025	5.869	7.303	0.357	2.042	1.562
0.223	0.032	-0.066	0.827	1.795	3.627	1.145	13.923	5.749	0.613	1.471	14.862
10.992	0.796	-0.651	-0.288	0.072	7.034	3.293	0.342	5.697	4.012	0.862	7.579
16.975	0.426	-1.384	0.280	9.972	8.853	0.505	9.108	8.719	2.259	0.051	12.612
17.510	-0.110	1.235	-0.259	5.708	6.349	0.186	6.179	6.964	3.532	0.046	12.573
16.908	1.085	0.633	0.332	3.536	6.102	2.151	15.688	8.414	4.334	0.863	12.850
1.870	3.274	0.272	0.972	5.874	9.624	4.538	3.275	7.950	1.572	1.432	6.024
8.940	0.793	-0.173	1.319	5.058	5.272	1.796	7.217	0.449	0.372	2.045	3.184
11.019	-1.197	-0.065	0.093	6.529	7.560	4.856	19.420	1.084	3.865	2.779	16.415
14.715	-0.164	-0.367	-0.567	9.823	5.066	3.580	19.075	1.606	0.721	0.880	5.444
13.376	0.634	0.777	-0.690	3.044	8.907	0.159	19.140	6.928	3.758	4.274	3.209
13.850	0.330	1.013	1.502	0.105	1.743	1.571	4.130	8.908	1.733	2.783	2.932
1.887	-0.039	0.990	0.322	2.578	5.622	1.074	3.623	4.318	3.528	1.289	9.021
8.912	0.269	0.182	-0.717	7.633	8.549	2.249	9.260	0.698	4.535	2.996	18.536
17.604	-0.700	1.344	-0.304	7.541	0.503	2.770	15.243	2.140	4.213	1.352	14.708
2.824	-1.416	2.382	0.698	1.023	3.136	3.657	16.540	6.623	2.070	0.923	18.472
9.486	0.028	0.660	-0.857	0.941	5.259	3.100	18.127	5.815	2.363	1.880	8.526
6.077	-0.900	0.246	-0.510	8.628	9.781	0.718	3.417	7.152	2.409	0.461	0.317
0.948	-1.337	-0.220	1.069	7.083	5.817	1.304	0.815	3.822	3.129	2.642	9.249
12.223	-1.485	-0.104	0.445	6.849	4.729	4.309	14.619	1.067	4.051	1.257	14.175
12.049	0.060	-2.566	1.442	9.914	8.789	0.009	0.469	1.074	2.218	4.308	6.938
15.464	2.885	-2.545	-1.128	4.692	8.435	4.251	19.698	3.560	2.878	0.745	5.003
7.051	-0.048	0.343	0.409	0.582	2.831	3.204	19.975	0.019	2.629	3.884	8.830
17.831	1.561	-0.186	1.256	6.321	3.540	3.502	17.116	7.899	4.989	4.472	2.420
15.244	-0.264	-0.477	0.023	9.209	8.056	0.595	13.148	8.135	4.640	2.602	6.997
13.885	0.489	1.656	-0.928	5.940	3.212	0.725	12.495	2.313	4.412	0.170	17.974
18.328	1.138	0.611	0.115	2.593	4.185	2.429	4.964	1.266	0.544	1.938	17.728
1.800	-1.366	-0.498	1.162	2.777	2.820	4.803	13.158	0.466	0.750	1.900	14.215
12.556	1.088	1.101	-0.397	0.247	7.245	0.647	15.041	5.496	0.331	1.362	8.489
1.181	-0.555	1.382	0.754	0.427	9.002	0.328	3.163	5.079	0.725	2.369	16.642
4.190	-0.157	-2.599	0.670	6.276	9.404	3.958	3.779	1.219	1.470	0.664	14.947
8.800	-0.624	0.608	1.931	8.978	9.697	0.148	7.004	5.357	2.928	2.159	16.158
1.667	0.252	2.629	1.178	9.788	8.012	1.361	4.805	8.883	2.640	0.045	0.755
14.458	0.518	-1.156	0.449	3.407	1.036	0.129	1.372	8.846	1.203	0.118	17.517
16.861	-0.170	-0.571	3.079	2.794	4.152	2.928	1.084	3.406	1.503	0.438	4.293
6.960	-0.911	0.467	0.787	2.987	3.151	4.288	5.419	0.439	0.226	3.238	18.841
10.181	-0.035	1.955	1.049	0.910	5.609	3.176	18.069	1.723	3.251	4.106	1.230
13.004	0.343	0.662	1.011	0.910	1.139	3.168	15.675	4.819	4.440	1.467	12.702
12.142	0.241	-1.462	2.067	4.936	9.494	2.621	17.890	1.548	1.863	0.686	14.053
4.518	0.544	1.859	-0.207	0.065	4.997	4.206	5.284	9.890	0.413	3.658	10.580
19.100	-0.041	-0.569	-0.204	5.249	9.520	0.227	12.404	2.846	4.307	4.902	10.817
13.718	0.838	0.610	1.042	7.574	6.266	4.432	3.746	8.172	0.760	0.379	6.860
15.944	-2.934	-1.604	-0.663	3.267	3.207	1.778	6.611	4.222	2.375	2.832	19.849
9.050	0.133	-0.752	-0.476	0.505	8.289	3.989	11.111	1.838	3.929	4.907	6.241
3.618	-1.776	-2.972	-1.804	3.538	1.390	3.602	4.199	7.223	1.013	2.993	9.558
16.502	0.794	-2.161	0.633	0.132	3.957	3.015	4.478	8.532	4.142	4.275	19.373
7.077	1.027	-1.477	0.244	7.649	3.814	4.665	19.408	6.682	2.111	4.603	8.476
17.485	0.271	0.330	-1.953	4.012	5.365	2.744	5.775	5.704	0.527	0.674	12.269
1.708	-0.442	0.153	1.149	9.701	1.430	0.284	16.073	7.509	3.157	2.906	15.162
14.397	-1.051	-0.069	0.697	7.720	9.744	3.367	3.337	1.312	1.791	4.379	14.938
7.148	0.078	-0.619	1.054	7.395	5.277	4.367	9.738	9.819	4.998	4.665	11.366
0.085	1.387	-0.194	0.386	3.341	0.832	3.475	13.787	5.264	0.211	0.255	0.866
18.148	0.571	-1.797	1.572	7.859	5.223	2.251	3.611	7.823	2.639	0.163	5.129
3.600	0.433	-1.349	1.004	0.847	4.528	3.043	11.457	0.765	4.862	3.917	3.096
8.876	-0.933	1.360	0.389	9.559	9.513	0.840	18.573	6.184	1.034	2.863	3.931
12.661	0.498	-1.225	-0.101	5.358	4.573	4.969	2.632	4.978	0.660	4.224	3.180
12.046	-0.003	1.860	-0.108	3.239	0.181	2.403	10.370	5.901	0.026	0.768	1.006
13.552	0.467	-0.427	0.233	7.887	4.383	4.321	5.700	8.791	0.673	0.198	2.104
12.787	0.392	2.782	0.939	6.751	9.646	4.645	19.356	8.702	3.048	3.661	7.173
12.504	1.544	-1.123	0.969	3.899	5.286	2.485	18.012	0.981	1.050	2.672	16.643
18.070	-0.870	-1.434	0.779	3.039	3.529	0.054	10.107	7.793	4.701	2.531	17.500
13.067	-1.225	-0.271	-1.025	1.823	9.761	3.381	10.685	4.420	2.503	0.413	18.360
19.245	0.182	0.059	0.094	6.018	7.279	3.250	3.945	7.624	1.530	2.663	0.431
8.105	-0.978	0.969	1.498	2.675	2.702	2.783	13.400	3.722	0.867	2.591	15.956
13.109	-0.708	0.728	0.360	8.691	7.956	3.865	0.846	3.461	3.940	2.630	9.432
3.492	-0.585	0.217	0.659	1.435	4.838	1.948	9.049	9.955	1.516	4.434	0.638
15.096	0.980	-0.961	0.300	1.069	2.414	4.571	19.217	9.684	0.211	0.207	8.839
17.154	-1.992	0.440	0.710	1.624	3.087	4.676	19.780	5.598	1.750	1.083	0.142
19.401	0.979	-0.909	0.053	7.734	3.136	4.106	12.376	3.502	0.474	4.211	1.975
0.484	0.473	0.655	-1.803	8.904	4.329	4.058	2.216	1.583	3.989	4.790	12.276
3.979	-1.566	1.534	1.169	8.850	3.205	3.776	17.112	3.464	0.412	2.300	10.471
2.317	0.169	0.439	0.755	0.577	5.884	4.978	8.185	3.457	3.087	0.130	2.125
12.450	-0.921	-0.438	1.463	3.061	9.608	1.436	2.882	4.654	0.297	4.138	2.349
1.008	-0.095	-0.154	1.095	6.209	9.590	4.936	6.433	9.766	0.285	0.882	4.077
17.943	2.331	1.377	-0.762	1.081	2.337	3.200	15.322	6.533	2.463	1.718	12.163
2.251	-0.634	0.970	0.657	4.538	8.217	3.498	1.983	7.673	4.253	3.937	12.739
15.576	-0.400	-0.229	-0.988	9.271	0.584	4.952	4.894	4.825	1.486	0.567	5.234
19.361	-0.037	0.100	-0.065	0.078	6.617	3.219	3.964	7.285	3.454	1.346	1.725
1.897	-1.092	-1.315	-1.010	3.188	1.242	0.809	18.451	2.503	3.111	0.738	11.184
13.625	-1.368	0.013	1.483	6.676	7.939	4.643	9.525	6.214	1.287	2.040	9.041
17.471	-2.478	-0.328	-0.572	8.766	2.036	4.898	15.983	7.987	1.853	4.131	17.058
9.033	1.071	-1.854	1.455	1.100	9.552	0.495	13.601	5.063	2.071	4.373	0.941
5.338	-0.099	-0.499	1.797	0.554	6.780	1.710	0.907	1.736	2.085	3.814	16.410
4.165	-0.932	0.712	-1.394	8.229	2.094	4.598	3.579	9.885	4.981	1.909	1.653
7.120	-1.047	3.028	-0.890	2.569	5.758	1.519	9.323	0.541	0.754	1.160	6.479
6.505	0.103	-1.539	-0.552	5.801	8.974	3.817	12.579	8.963	3.288	1.188	5.915
4.891	1.031	-0.582	0.407	4.565	2.891	3.896	7.530	1.258	0.439	2.805	3.651
5.848	-1.073	0.278	0.540	8.326	8.792	4.143	0.289	8.613	3.101	4.914	9.492
3.315	-1.041	-0.253	0.957	0.578	3.003	2.638	14.661	8.569	4.361	0.783	1.185
11.175	-0.119	1.582	0.377	5.079	8.261	2.310	5.457	0.889	1.428	0.828	11.841
5.429	-1.020	0.846	-0.248	2.365	5.029	0.847	15.138	4.061	3.430	2.925	5.009
12.031	-0.180	0.529	0.228	4.345	3.069	2.927	2.796	3.180	0.447	3.031	9.478
18.574	-1.435	-0.937	-0.473	8.242	8.862	0.977	16.620	4.679	0.555	3.182	13.397
8.697	0.474	-0.877	-0.073	2.795	4.925	1.102	15.565	2.187	0.540	4.082	3.809
13.307	0.198	-0.752	-0.465	1.570	7.594	4.860	2.505	2.127	4.512	4.537	8.914
4.511	-0.097	0.912	1.716	0.216	6.614	2.698	17.072	6.377	1.483	1.719	6.009
0.849	-0.035	-0.621	-0.677	0.386	0.817	3.350	12.138	7.403	0.927	4.218	3.143
15.440	-0.877	0.728	0.793	2.220	6.890	0.717	6.991	5.835	2.706	2.844	4.768
3.147	0.677	1.251	-0.090	5.976	6.347	4.131	8.021	6.592	3.248	4.217	3.533
4.144	0.791	-0.733	0.157	9.566	4.476	0.778	19.974	3.764	4.090	1.047	7.783
2.216	0.113	0.353	1.008	1.369	7.686	0.558	6.052	0.437	1.323	4.392	11.515
12.444	0.363	-0.470	-1.742	2.252	3.333	4.995	14.060	9.398	4.764	1.553	12.345
7.633	-0.553	0.530	1.233	0.124	8.446	3.710	6.608	8.342	4.234	4.486	4.622
13.478	-0.024	0.325	-0.034	5.387	9.768	1.951	3.480	6.165	0.291	1.428	2.564
10.846	0.874	-0.679	-1.021	8.401	9.938	3.503	2.733	8.912	3.139	2.243	4.831
6.371	0.355	1.902	-0.806	9.810	5.583	4.750	14.840	4.176	3.410	1.487	14.342
14.388	1.699	-0.030	-0.249	5.416	2.474	0.011	13.757	6.298	4.639	3.710	10.907
10.689	-1.944	-0.453	-0.638	6.004	6.595	4.447	4.201	0.304	0.134	3.781	6.856
10.793	1.475	0.512	0.295	8.551	2.514	2.694	11.048	7.649	0.277	2.217	18.107
11.840	0.944	-0.739	-1.131	8.193	5.482	1.035	19.643	0.655	2.850	1.195	2.709
4.287	-1.835	0.162	-0.156	3.772	2.771	4.305	1.453	2.167	1.380	1.735	10.245
3.066	0.757	0.376	0.187	1.364	5.853	0.516	10.851	7.167	1.288	4.810	7.068
16.947	-0.453	0.153	0.541	8.395	0.903	3.144	18.687	5.026	1.678	0.301	5.099
8.995	1.537	0.976	-0.029	5.154	9.838	4.205	18.795	5.164	4.891	2.237	17.529
6.570	-0.015	0.207	1.270	6.236	3.244	1.186	6.608	4.245	3.310	3.311	17.011
2.362	0.372	0.943	0.122	5.548	1.760	3.153	15.719	3.011	1.040	3.156	5.945
16.315	-1.323	1.881	-0.876	2.099	7.054	2.623	4.689	3.007	4.169	2.448	3.995
19.156	-1.345	0.803	-0.251	0.422	6.360	4.136	7.182	1.323	4.129	0.602	3.511
12.807	2.211	0.433	0.272	7.579	1.010	3.594	14.856	2.787	0.874	2.266	0.585
4.864	0.717	-0.747	-1.092	2.890	5.183	2.458	8.046	9.985	3.393	4.114	11.350
13.776	-0.636	-1.575	-1.008	6.950	7.334	3.407	15.803	6.462	1.719	2.097	7.806
9.363	-0.327	-0.373	-0.877	1.704	5.505	3.250	9.298	4.686	0.332	0.911	3.159
11.372	-0.283	0.163	0.752	2.789	8.019	1.785	19.886	9.427	2.887	2.414	16.213
10.769	-0.770	1.733	1.541	0.054	0.082	4.154	18.756	7.474	3.018	2.920	4.798
13.994	-0.368	0.869	0.859	0.555	9.863	0.852	9.004	2.660	4.266	2.969	11.969
19.842	0.505	-0.198	-0.770	6.787	5.682	2.730	9.208	7.564	4.764	4.390	6.539
3.298	0.367	0.195	2.838	4.022	4.511	0.537	18.578	7.507	4.756	1.458	11.456
0.418	-1.748	0.574	-1.445	6.555	3.029	0.518	17.334	6.812	0.032	0.819	12.216
9.636	-0.854	-0.493	0.746	4.152	6.885	3.543	13.079	6.965	4.029	2.011	9.670
15.053	-1.065	-0.844	-0.480	7.001	3.064	1.980	12.118	5.304	4.704	4.853	7.177
8.942	-0.570	0.338	1.136	0.677	7.408	2.859	8.566	4.826	4.008	3.433	7.960
8.498	0.614	0.323	1.284	9.339	7.195	0.580	1.854	7.657	1.674	2.414	17.299
2.590	-0.091	2.105	-1.695	6.997	2.789	2.068	3.559	4.315	1.321	4.643	19.133
14.705	-0.046	-0.468	0.488	9.699	6.632	4.234	4.857	8.027	1.363	2.275	2.404
12.365	-1.174	-1.102	-0.152	6.906	9.127	1.752	1.679	4.505	4.900	0.698	16.291
0.403	-0.350	-0.573	1.279	5.039	0.355	4.693	2.306	7.135	0.881	3.133	6.766
4.893	0.505	1.811	-0.079	5.682	4.358	0.314	2.503	8.050	0.638	4.814	7.727
18.089	-1.142	-0.721	-0.453	6.560	2.285	4.885	16.409	7.159	4.125	4.131	10.434
16.835	0.074	-0.819	0.272	7.434	4.377	1.541	18.052	4.436	1.829	4.761	18.957
14.591	1.664	-0.704	0.714	4.906	5.923	2.195	13.187	8.731	2.599	4.234	18.261
12.472	-1.221	0.718	-0.012	5.613	2.928	1.699	3.168	8.535	1.595	3.951	17.533
2.154	0.055	1.198	-2.308	9.759	2.298	2.225	15.845	6.277	4.525	4.546	6.396
13.113	0.206	0.078	0.970	6.463	5.054	1.823	7.757	3.989	2.225	2.572	6.185
15.485	-0.737	-0.172	-0.104	8.738	9.700	3.440	5.286	0.053	4.613	4.513	12.158
9.064	3.996	16.861	7.197	0.511	2.850	0.834	19.371	4.800	3.648	0.126	12.435
4.799	7.383	9.824	4.648	0.787	9.559	3.564	18.350	5.997	2.785	0.454	4.955
8.601	6.177	16.905	4.255	0.813	1.822	1.745	17.464	5.726	0.964	0.640	11.799
15.145	3.516	11.069	5.718	0.773	5.015	3.786	0.427	6.033	2.047	4.516	8.797
17.658	2.753	7.873	4.870	7.000	0.429	1.144	11.744	4.952	4.142	4.034	18.759
6.706	6.863	13.161	3.101	1.606	8.300	4.530	8.482	3.211	2.220	0.099	5.124
5.127	6.178	15.398	3.907	6.301	1.712	0.338	17.065	5.929	4.461	0.423	8.227
6.421	5.372	15.240	5.660	5.897	4.343	2.820	4.610	3.978	4.973	2.533	10.287
9.600	5.723	2.461	6.143	7.486	4.104	1.987	13.604	5.554	0.580	0.442	13.876
15.117	7.076	1.348	5.733	8.569	2.468	3.012	14.793	5.885	2.228	3.301	2.746
7.387	5.609	14.381	5.216	2.468	8.519	4.196	7.489	3.785	3.853	3.157	5.044
1.652	5.805	6.103	3.252	0.504	0.537	0.257	15.112	4.783	1.184	2.117	8.245
15.767	4.228	14.363	3.632	4.596	9.020	3.447	8.159	5.413	1.253	2.852	10.434
15.162	4.755	12.222	5.566	8.438	1.922	0.762	15.408	4.688	2.147	2.141	14.558
17.857	6.154	1.362	4.851	6.000	2.721	0.818	3.490	5.761	3.666	0.730	4.242
12.758	4.132	11.164	5.805	5.194	9.047	0.854	14.780	5.394	4.820	0.378	3.114
16.340	4.649	16.039	4.542	0.253	6.106	4.010	7.140	5.572	4.061	1.931	8.106
10.626	4.829	11.928	5.149	5.883	4.496	1.909	4.423	6.672	1.086	4.940	19.481
6.529	4.555	11.176	3.067	5.629	4.839	4.497	18.793	6.163	1.699	4.061	0.876
18.748	3.937	8.219	4.255	5.653	5.149	1.347	12.678	6.645	1.374	2.371	4.251
19.780	5.457	1.496	4.575	7.395	7.585	2.825	0.738	5.440	0.527	4.282	7.385
3.064	4.475	15.500	3.742	3.705	8.914	0.961	4.828	5.139	0.816	1.354	7.800
11.750	5.133	1.625	5.168	0.718	4.027	0.960	10.556	4.637	4.754	3.851	9.205
13.065	5.162	19.292	6.124	2.086	8.007	0.669	11.381	4.843	2.204	4.193	19.894
18.009	4.817	1.430	5.759	8.239	2.202	1.222	9.513	6.184	4.011	4.908	5.816
18.662	4.697	13.705	2.966	0.459	1.697	2.667	3.184	4.709	0.961	1.593	15.015
4.916	3.642	18.599	6.059	7.349	9.984	2.107	9.705	5.584	2.267	3.274	9.782
2.160	4.406	7.196	5.548	0.732	5.627	0.352	9.195	2.847	3.109	4.336	0.029
2.962	4.154	7.169	5.645	9.363	5.230	3.298	12.196	6.781	1.772	1.717	1.713
12.188	6.803	18.821	4.374	0.574	0.886	3.200	13.333	5.036	3.856	3.150	2.565
11.400	3.736	7.865	3.801	2.045	2.146	4.345	14.694	3.310	2.446	3.352	11.448
10.690	3.993	12.893	4.176	8.210	8.197	2.543	5.153	6.684	2.728	2.209	1.817
2.390	4.270	10.379	4.726	4.370	2.038	2.642	18.641	5.374	0.157	2.537	7.380
0.559	5.999	16.652	4.252	6.515	7.747	2.022	11.453	5.914	1.195	4.237	3.590
6.077	5.299	14.923	4.373	6.732	3.188	3.452	13.764	3.549	0.867	1.679	18.144
17.418	5.571	11.878	5.219	4.966	0.058	4.554	0.664	4.588	0.355	2.430	2.967
8.106	4.040	18.025	4.441	8.780	8.459	1.296	18.064	6.201	0.638	3.239	0.180
2.018	5.020	18.902	4.023	0.912	7.804	0.104	18.657	5.361	4.878	4.191	10.427
13.312	4.071	12.968	4.827	6.072	2.881	0.112	8.057	4.413	1.156	1.096	17.278
1.685	4.720	15.655	6.087	8.262	5.178	4.555	17.856	6.800	4.132	4.794	10.987
12.979	3.692	9.635	4.182	6.203	5.180	2.638	14.554	5.551	2.506	4.867	3.904
5.582	4.178	1.819	4.921	4.957	1.151	4.352	10.776	3.087	0.691	0.488	4.543
12.086	5.373	15.589	3.503	5.601	2.318	1.396	0.861	4.995	3.276	1.703	16.647
12.431	4.778	6.325	5.747	9.042	5.532	3.947	12.851	6.618	1.386	4.697	1.429
3.646	4.556	2.958	6.846	6.096	1.945	2.289	0.012	5.468	1.316	3.744	5.272
9.984	5.576	11.326	5.778	4.334	7.705	3.521	5.616	5.504	0.451	2.761	13.004
8.953	5.340	6.068	4.753	4.651	5.728	1.498	4.947	5.159	3.480	4.153	9.299
18.382	5.804	17.189	6.897	5.462	5.435	1.475	1.680	4.563	1.704	3.428	17.933
9.319	4.986	19.801	4.816	6.925	0.832	0.037	0.633	6.186	0.178	1.994	17.318
18.182	3.951	10.073	5.039	3.885	1.674	4.784	7.997	3.209	4.948	3.587	7.132
5.992	5.312	4.570	4.510	3.430	2.066	3.869	5.875	3.551	4.835	3.400	7.494
3.906	6.088	5.576	4.854	7.345	4.871	1.876	18.851	4.281	4.256	4.518	0.888
6.577	6.020	8.541	6.080	6.008	0.129	4.151	3.644	7.354	1.456	4.968	3.598
11.039	2.673	13.673	5.211	3.750	4.920	0.981	13.671	5.498	0.525	1.343	3.106
4.410	5.588	10.533	6.668	2.587	6.419	3.555	0.644	3.943	1.468	0.450	3.850
1.186	4.483	16.710	5.487	3.984	7.886	2.371	14.204	5.348	3.539	2.931	9.388
0.465	5.612	19.889	5.073	1.109	7.718	0.893	10.408	4.649	3.874	0.106	0.743
14.127	5.587	1.633	5.344	1.448	8.042	2.241	8.125	4.383	0.686	2.008	0.285
11.218	4.272	14.575	4.927	5.181	0.021	2.248	3.368	3.807	1.358	4.200	11.274
0.072	5.714	18.396	4.631	3.161	0.656	2.542	2.878	3.418	1.978	2.616	19.705
5.271	3.738	14.447	6.175	3.547	9.524	3.032	2.894	4.213	2.096	1.278	14.941
16.949	5.226	1.726	4.845	7.063	9.136	4.895	16.129	3.534	3.884	3.274	14.695
11.045	4.799	19.477	6.327	0.544	3.811	1.790	15.539	4.488	0.558	2.999	12.665
19.123	5.214	12.540	5.337	4.259	6.004	3.454	15.518	5.450	4.694	3.747	1.566
18.773	4.035	3.428	4.566	4.413	8.621	1.672	15.434	5.920	3.485	2.431	0.613
5.181	6.301	3.049	5.777	3.287	5.902	1.491	13.288	5.726	2.431	2.706	11.897
1.706	5.165	4.878	1.179	4.668	5.111	3.582	15.528	5.347	2.779	2.586	12.884
15.722	5.541	9.269	5.305	9.885	6.811	3.203	16.765	5.545	1.747	1.144	18.859
14.296	6.193	4.787	5.876	1.861	3.402	0.729	19.036	4.374	2.022	0.211	1.401
1.304	5.429	9.747	4.900	9.637	1.329	2.985	1.328	4.459	1.321	4.006	8.351
4.232	3.427	13.282	4.178	8.703	0.640	3.201	3.600	4.243	4.476	0.888	7.161
8.269	4.681	15.115	5.053	7.666	8.673	3.233	9.427	6.594	0.258	0.244	11.479
3.615	4.658	6.983	5.951	0.135	3.023	3.828	12.608	3.168	4.545	4.016	1.266
12.886	5.924	15.637	3.520	8.554	1.185	3.842	9.379	4.084	3.673	0.779	15.685
17.139	4.913	9.716	4.716	7.246	7.416	3.961	8.155	5.100	3.845	3.360	0.458
9.472	5.280	11.544	6.890	1.702	7.361	0.834	6.893	5.037	3.185	3.646	9.563
10.220	5.324	18.877	4.385	7.722	4.082	4.029	14.115	3.636	3.639	2.034	1.172
14.425	6.698	14.734	5.030	9.606	5.532	0.333	0.727	4.838	4.552	0.763	12.738
9.209	5.700	0.276	6.560	4.799	3.685	0.580	6.746	6.721	2.809	4.593	6.262
15.817	2.825	8.852	3.614	1.013	3.195	1.071	4.401	5.249	3.958	1.886	17.009
2.085	4.255	15.504	5.096	5.163	3.015	4.344	15.762	6.573	1.591	3.411	8.038
12.758	4.749	16.216	5.441	4.099	1.089	3.314	4.025	7.046	4.786	4.588	19.464
1.530	6.158	17.932	4.484	3.473	0.593	0.604	18.942	4.452	1.385	1.952	2.261
19.010	5.954	3.447	7.069	2.237	9.151	0.912	13.613	4.877	4.346	4.753	11.232
19.356	3.356	19.253	5.902	7.332	5.573	2.719	10.514	5.323	3.220	0.795	12.637
19.123	4.621	15.795	3.515	9.429	2.555	0.188	2.502	5.378	2.239	3.437	10.528
9.379	6.354	13.896	3.628	2.538	3.158	4.334	15.244	5.997	4.941	3.539	14.674
11.516	5.960	12.923	5.302	5.888	1.956	2.979	9.839	4.812	1.422	0.435	19.894
17.891	5.397	5.761	5.490	7.825	9.996	3.191	8.068	4.753	4.673	1.589	8.981
18.756	4.934	9.588	5.036	3.175	8.376	3.750	3.652	6.879	0.701	0.543	4.304
6.239	5.924	9.317	3.846	1.074	8.872	0.745	1.170	5.931	0.187	2.646	19.598
19.826	5.441	12.045	5.733	5.424	0.739	4.246	6.387	5.463	3.902	4.693	0.459
6.395	4.917	17.385	5.197	6.273	8.788	1.695	5.077	4.355	2.193	1.742	10.304
6.249	5.896	18.395	5.017	2.454	8.677	2.574	1.602	5.770	1.902	3.029	3.106
3.365	4.134	12.824	3.269	5.024	3.798	1.530	6.526	4.914	0.910	0.135	1.909
0.307	5.948	3.678	6.431	6.501	4.455	2.169	1.922	5.070	3.671	1.132	15.203
7.739	6.153	3.241	4.991	9.953	4.264	4.707	10.590	6.061	3.814	1.098	2.014
15.928	6.205	16.743	6.124	6.053	8.424	3.580	18.480	5.096	0.271	0.547	8.984
6.796	6.500	6.062	4.867	1.713	8.490	2.407	11.545	6.383	1.844	4.873	4.687
1.789	5.522	8.271	3.489	4.601	8.330	2.988	11.990	5.000	0.491	4.854	17.653
3.554	4.878	5.526	4.166	3.509	9.573	4.495	2.581	5.885	4.375	0.487	3.840
0.185	7.201	8.829	3.834	6.313	7.207	2.887	2.882	4.067	0.958	3.680	18.673
19.133	6.890	4.907	6.117	2.916	3.102	1.580	4.260	5.243	2.405	2.193	4.516
16.469	5.848	9.171	4.636	8.504	5.038	2.160	11.972	5.025	3.256	3.469	7.789
14.287	3.984	4.429	5.495	4.605	1.699	1.845	12.594	3.757	0.973	2.358	8.790
14.203	7.169	19.418	6.509	4.118	7.456	3.587	2.718	4.436	2.321	0.749	16.815
7.154	5.918	5.251	5.176	1.555	6.937	4.127	19.340	4.288	2.649	1.193	18.224
17.263	4.745	12.286	4.716	3.076	4.824	0.684	19.164	3.190	4.922	1.792	6.341
9.123	4.731	0.814	5.673	7.326	1.901	4.362	10.007	4.861	3.204	0.695	17.043
15.623	3.620	19.313	3.813	4.482	0.614	2.016	17.300	6.006	1.354	0.764	18.126
2.873	4.366	6.558	3.443	6.193	9.460	0.034	11.205	4.335	2.085	3.818	17.774
4.188	4.863	14.010	5.757	3.078	1.049	0.703	18.216	4.499	1.213	3.699	15.854
5.795	5.507	2.825	5.728	2.520	7.314	1.341	1.737	5.513	4.720	2.599	8.894
4.707	5.564	2.231	6.271	2.639	9.056	3.404	16.623	5.902	3.585	1.959	0.322
7.776	3.243	19.546	4.702	8.603	9.227	4.702	13.151	5.984	2.104	3.533	5.037
5.573	4.496	3.953	6.605	7.804	1.636	2.574	14.376	5.636	0.573	1.224	0.710
16.684	6.206	16.685	6.171	0.467	3.989	1.668	14.929	3.360	4.197	1.311	12.487
2.819	4.164	13.495	4.742	7.171	7.819	2.928	4.377	6.557	3.201	2.445	6.106
13.783	4.718	1.037	6.256	9.686	0.555	4.902	14.034	6.079	1.449	2.031	17.632
10.381	3.647	15.620	6.149	2.014	5.611	0.334	8.965	2.834	0.298	1.167	9.780
17.012	5.814	16.571	5.547	7.368	3.222	3.200	10.526	6.172	2.834	4.091	13.297
3.897	2.513	10.769	6.573	7.878	3.093	0.905	11.397	6.568	4.877	0.801	0.707
12.852	4.900	13.536	5.691	4.003	6.709	3.045	19.911	6.398	4.907	0.184	17.777
18.204	5.589	4.924	6.144	4.622	2.658	0.970	9.230	5.657	0.943	0.039	17.775
9.202	6.478	11.275	5.192	5.324	7.906	0.488	19.521	5.128	0.795	0.947	8.832
2.770	4.844	13.883	5.249	0.756	5.321	0.243	6.189	5.444	2.664	2.182	0.379
0.343	5.196	7.877	4.768	7.531	6.119	4.592	1.008	6.782	1.227	0.218	7.648
16.922	4.109	7.330	5.544	7.292	7.072	2.320	10.643	5.630	2.598	0.423	14.231
15.590	5.068	2.903	4.622	6.365	2.990	0.061	8.681	5.220	4.700	4.869	1.203
11.678	5.144	1.534	5.572	8.583	7.280	0.604	6.993	5.513	0.562	3.965	17.461
1.038	6.887	10.489	6.041	0.889	8.916	1.058	11.393	6.560	2.722	4.467	12.440
9.523	4.121	10.035	5.285	4.808	4.878	1.188	18.227	4.099	0.635	1.199	9.087
8.904	5.458	11.957	3.385	4.272	9.779	2.993	15.704	4.588	4.608	3.012	6.930
13.550	5.182	0.019	4.369	7.218	1.775	1.998	3.365	5.650	0.766	4.706	8.459
13.213	4.027	17.663	6.287	9.227	4.834	2.736	18.507	6.324	2.933	0.252	8.579
15.093	4.157	10.826	4.137	4.691	1.608	0.288	14.296	4.144	2.453	3.794	16.071
15.838	5.813	10.138	5.276	8.851	6.863	1.774	7.674	4.762	0.120	4.305	5.659
16.466	5.392	18.284	5.253	7.657	5.535	4.658	18.721	5.681	2.041	4.277	16.650
17.094	4.877	2.321	3.675	2.505	4.303	1.933	14.598	5.771	4.261	0.069	18.487
11.135	5.527	18.321	6.045	4.457	3.297	1.185	8.815	6.516	3.542	2.956	7.472
13.986	4.222	9.528	6.370	9.512	2.172	1.439	6.573	5.395	3.204	3.929	17.076
2.728	5.822	15.152	5.568	8.955	1.367	1.916	8.444	4.996	1.491	2.955	4.799
17.421	5.931	5.693	5.504	8.371	2.295	3.858	19.390	6.254	4.422	0.402	1.952
0.721	6.037	5.596	3.668	9.470	9.307	3.664	18.261	5.398	2.480	4.497	8.448
17.350	4.760	6.701	7.216	0.286	0.732	0.287	6.051	4.535	1.651	1.387	0.977
8.890	3.343	13.848	4.441	6.634	3.157	2.710	19.389	6.505	2.087	1.822	6.454
7.795	6.675	9.318	6.750	4.175	5.031	0.539	15.665	7.197	0.020	3.245	9.518
16.086	3.194	5.915	5.165	6.219	4.027	0.725	17.826	5.313	3.848	2.958	10.735
19.602	4.461	7.614	4.353	5.155	6.834	4.093	13.719	5.596	0.294	4.561	1.344
9.976	6.040	10.216	4.757	5.388	9.315	2.849	17.792	6.044	0.909	1.991	8.367
8.152	5.356	6.362	2.473	8.368	0.291	2.167	4.394	4.603	4.133	4.191	8.700
8.503	5.345	7.703	7.992	3.083	7.017	3.908	19.922	5.258	4.428	1.704	7.094
16.060	4.525	5.108	4.093	9.481	3.976	1.968	17.897	4.070	1.235	4.510	3.624
5.658	3.977	2.229	6.607	9.878	4.344	0.832	12.799	4.230	1.672	0.883	1.417
14.919	5.351	3.470	5.784	4.436	4.437	2.854	17.383	4.923	2.453	2.864	5.261
3.333	4.500	1.672	4.578	0.380	8.252	4.601	15.310	3.528	2.175	0.822	12.476
18.602	4.215	8.625	5.976	1.742	5.136	0.493	4.386	5.848	3.432	2.522	3.721
1.462	3.442	16.732	5.072	3.373	8.221	2.880	10.980	5.337	3.196	1.579	14.824
4.591	3.350	19.562	3.655	9.526	8.144	1.329	12.695	4.668	2.668	2.794	16.177
1.243	3.339	14.221	7.515	2.233	6.735	4.325	18.871	4.813	1.656	1.084	3.717
5.223	4.017	6.878	4.333	3.033	0.073	0.834	14.602	7.350	2.059	1.044	19.726
9.742	3.872	16.598	5.393	9.186	4.591	1.129	2.404	4.818	4.342	1.751	7.782
4.921	3.493	8.998	4.367	3.933	2.314	3.299	9.658	5.529	3.248	2.491	7.142
14.344	3.601	11.571	4.323	8.768	6.304	3.711	2.918	5.452	1.064	0.805	14.074
3.299	5.667	18.074	5.483	6.043	7.542	1.019	0.039	4.643	2.066	0.804	6.510
8.992	4.652	12.702	5.205	3.099	0.238	3.273	10.415	5.016	4.967	2.758	2.784
13.376	5.532	16.783	5.077	9.054	8.409	1.616	13.843	3.788	0.011	3.954	15.961
4.190	4.151	16.027	5.829	7.147	8.324	4.964	18.623	4.590	2.303	2.754	15.814
4.528	3.743	16.409	4.434	2.447	3.131	0.798	16.385	4.478	4.764	3.881	7.203
2.642	3.983	11.774	4.481	9.062	7.497	3.395	6.477	4.710	2.919	3.072	13.106
15.444	4.085	6.035	4.732	3.570	6.804	2.469	16.791	6.190	4.931	1.914	2.500
8.477	3.657	14.872	5.560	8.361	5.193	1.907	18.675	3.989	1.466	3.503	12.285
15.141	5.466	9.157	5.073	9.962	0.793	1.289	8.140	7.031	1.149	4.575	16.767
5.550	4.140	8.696	4.686	3.914	9.115	4.193	0.205	4.662	3.317	1.035	16.222
15.541	4.412	9.887	3.903	3.082	8.205	0.720	0.760	5.240	2.306	4.306	14.763
3.519	3.876	7.139	4.778	8.553	4.304	1.669	8.524	3.892	0.636	2.236	2.169
3.657	5.032	15.889	5.975	6.624	8.670	0.381	3.941	7.145	1.108	0.648	11.461
6.456	5.762	11.823	5.978	7.134	3.725	1.890	9.297	6.349	3.734	2.032	13.504
12.995	5.401	4.915	5.339	3.519	8.592	1.336	11.217	7.334	3.559	1.838	19.816
2.379	4.054	16.113	4.613	5.320	7.591	2.677	1.693	3.806	2.736	4.730	8.361
3.194	6.096	10.826	4.969	3.764	5.236	2.372	5.967	3.558	4.021	3.399	3.721
12.681	4.416	10.613	3.045	2.375	5.682	0.120	12.709	3.738	2.746	0.444	1.545
1.690	5.148	12.752	6.656	6.453	1.112	1.998	5.845	5.459	1.475	1.997	12.793
1.747	5.317	10.955	5.202	6.858	0.582	4.937	14.698	4.989	0.883	3.103	0.506
4.538	7.354	9.804	3.011	9.368	7.244	3.670	7.915	5.602	0.549	2.568	6.016
8.885	6.831	18.797	5.433	9.966	6.719	3.410	16.262	4.838	0.597	1.759	13.460
0.592	4.526	7.331	5.160	0.234	7.745	1.662	10.962	5.530	1.968	0.670	10.075
3.816	3.998	11.367	5.032	1.106	3.670	0.301	1.123	4.922	0.732	4.028	8.724
17.247	3.482	11.476	4.903	1.399	8.166	4.815	14.789	5.151	0.271	1.799	1.425
4.792	5.065	1.499	4.760	6.083	3.395	1.476	17.550	4.794	0.789	4.090	6.862
7.234	6.939	18.884	3.718	2.905	2.980	3.212	15.003	3.924	2.586	2.844	3.600
17.568	6.071	17.722	4.919	1.412	1.667	2.211	19.808	4.040	0.312	3.958	19.037
17.116	4.911	3.559	3.966	3.035	2.160	2.504	0.444	5.290	4.263	2.272	3.646
4.899	5.537	18.901	6.286	2.712	7.589	2.005	6.108	4.479	0.802	2.957	11.362
8.021	7.128	3.214	4.214	8.636	1.027	0.257	16.291	4.663	0.915	2.388	13.681
10.398	5.241	8.880	5.184	9.402	3.878	1.021	9.972	4.213	0.395	0.209	9.001
10.142	4.274	6.376	3.963	5.452	9.533	3.042	8.791	4.341	2.776	1.904	17.760
2.632	4.136	13.051	5.644	3.993	2.951	2.989	16.005	6.195	1.748	2.004	1.035
15.366	5.756	4.509	4.546	7.349	7.832	1.752	19.950	6.266	2.509	2.132	12.498
14.572	4.504	0.761	5.507	0.014	6.061	0.464	19.213	5.125	2.492	1.154	13.442
4.319	4.657	14.202	3.442	9.096	4.362	0.243	18.555	5.949	4.044	0.464	15.888
8.368	5.220	11.866	5.041	8.760	8.235	4.478	11.701	4.187	3.531	4.827	10.945
12.390	4.990	7.508	4.772	2.362	9.351	4.867	2.632	4.379	2.544	3.790	12.103
16.776	6.656	1.234	5.713	4.679	4.835	0.897	15.674	5.908	2.365	1.117	2.307
19.191	6.217	6.886	3.737	7.028	1.380	4.372	10.775	5.004	0.096	2.589	14.858
4.252	4.658	3.739	5.095	1.928	4.859	4.810	10.785	4.990	2.502	1.244	12.894
7.207	2.516	2.796	3.634	6.411	1.228	1.971	3.540	5.157	1.453	2.742	15.687
4.943	4.655	15.351	3.396	5.740	3.593	0.737	18.431	6.413	1.986	0.355	3.965
8.663	5.935	8.762	3.167	6.561	1.164	0.038	1.232	5.163	2.304	2.752	15.494
14.816	3.759	10.936	2.558	8.128	0.618	1.676	2.576	3.559	2.601	2.513	4.955
18.541	3.771	14.615	3.637	2.704	1.303	4.241	0.575	5.151	0.618	0.185	19.438
17.129	5.861	10.806	4.752	4.049	0.486	1.906	10.833	3.543	4.438	4.521	2.611
14.182	5.635	8.511	5.210	2.382	8.921	2.765	14.625	3.745	0.176	4.343	15.750
0.800	4.830	4.704	5.924	7.684	3.858	4.775	7.508	4.810	2.798	3.583	8.853
10.854	4.395	13.527	4.303	8.941	0.367	4.871	19.534	4.113	4.090	2.171	10.564
0.894	4.301	5.125	4.690	3.024	1.507	2.147	1.920	7.204	4.241	3.647	18.638
5.998	3.899	8.523	2.648	6.676	3.908	4.716	16.463	3.010	1.756	0.320	2.180
15.981	5.525	14.238	4.900	3.277	1.060	0.374	9.538	5.521	1.564	3.521	8.989
16.168	6.649	19.340	5.141	6.259	9.213	1.870	9.382	4.467	0.425	4.443	10.020
13.880	6.670	17.111	5.385	7.378	0.839	1.501	9.036	4.808	0.702	0.754	18.508
14.884	3.252	15.472	4.734	6.557	9.609	4.602	1.514	3.011	4.586	3.650	15.836
9.570	4.953	12.207	3.450	5.379	5.784	4.118	5.970	5.632	1.910	0.370	2.043
2.385	4.819	14.786	5.828	6.930	1.250	2.493	19.138	4.844	3.601	3.332	5.729
2.807	4.835	11.555	6.223	2.768	4.229	0.346	0.367	3.894	0.575	1.309	4.537
15.834	4.319	0.793	4.124	3.091	6.252	2.719	7.562	3.980	1.414	1.449	0.757
15.817	3.869	14.607	4.983	7.433	6.936	2.450	17.247	5.326	2.043	3.627	5.013
6.858	5.752	11.626	4.465	7.874	6.248	4.418	1.668	5.305	3.277	2.907	2.992
8.907	6.456	7.612	4.161	8.601	3.551	0.540	4.017	4.165	4.376	2.516	5.471
16.958	5.876	17.367	4.699	8.970	4.054	3.286	6.251	5.554	3.416	4.390	10.151
2.871	6.224	8.415	4.779	2.774	8.248	2.316	15.590	6.630	3.253	0.079	10.583
16.105	6.155	12.336	6.706	2.102	9.463	1.148	7.407	6.299	3.283	3.183	9.415
1.170	5.547	13.850	6.257	9.430	6.518	0.789	18.891	6.211	0.268	1.810	3.408
11.771	6.069	9.643	4.636	8.677	8.452	2.350	18.544	5.376	0.061	3.200	17.233
16.208	3.602	10.692	4.951	1.175	0.748	2.859	7.345	5.252	2.903	4.307	12.897
9.193	4.457	8.012	3.997	3.840	5.370	2.157	18.826	5.424	0.427	4.333	7.379
6.498	4.058	6.686	2.585	8.082	7.104	1.179	3.161	4.921	1.265	4.822	13.422
9.136	4.548	11.027	3.867	5.667	5.946	1.149	17.142	5.881	3.584	0.628	18.080
11.063	4.722	2.154	3.748	4.478	4.495	1.689	7.994	6.090	2.486	1.293	5.741
1.740	6.519	6.312	4.174	4.091	0.219	2.202	4.827	4.708	2.690	0.499	13.094
11.198	5.013	11.951	7.315	6.131	5.010	0.286	12.233	6.509	0.811	4.867	6.811
0.310	5.176	13.579	5.148	9.634	8.992	3.857	13.043	6.246	4.789	1.512	7.393
17.572	8.197	19.617	4.499	7.148	8.943	2.999	5.629	5.526	3.725	2.054	16.589
11.192	6.116	19.246	6.612	5.561	2.604	0.542	7.296	6.173	1.719	4.638	6.239
12.810	5.102	17.422	4.957	2.617	6.752	0.079	1.975	4.579	1.566	1.870	18.066
2.242	6.534	3.307	5.269	3.915	3.423	4.100	17.300	4.813	2.244	1.909	0.159
7.563	4.768	14.755	4.932	9.212	6.688	0.897	9.335	4.176	1.177	2.164	8.042
1.585	4.273	12.966	6.289	4.436	0.016	2.291	2.136	4.791	4.235	3.789	5.026
3.418	4.652	15.552	5.725	5.159	8.232	4.518	4.586	3.940	3.990	0.314	18.677
2.526	5.720	3.651	5.248	0.365	8.641	2.169	16.872	6.128	2.662	0.984	0.035
18.273	4.564	9.630	4.689	2.329	8.987	1.318	19.747	4.381	0.635	0.684	14.425
0.828	0.566	15.674	2.579	1.738	-6.522	-8.496	-4.289	0.609	4.239	3.365	9.618
8.248	1.834	6.729	3.672	7.287	-6.383	-8.404	-8.598	8.272	3.587	2.383	9.615
6.352	0.199	8.335	6.127	0.741	-6.788	-6.522	-8.015	9.713	2.095	3.442	8.945
9.056	4.942	16.437	4.302	5.535	-6.171	-6.053	-5.124	1.023	1.437	0.797	8.977
16.868	1.345	7.144	3.352	6.394	-7.623	-7.037	-6.350	1.779	4.256	4.979	13.062
5.227	3.112	19.182	5.435	3.485	-6.427	-8.169	-5.313	8.219	1.986	4.171	6.026
17.078	2.822	2.275	0.363	1.495	-8.118	-5.338	-6.388	3.686	4.668	1.155	4.146
7.393	2.835	14.958	2.068	7.564	-8.380	-6.430	-5.893	6.947	4.802	1.712	16.195
5.030	4.515	13.534	9.030	6.934	-7.796	-7.016	-7.134	1.715	2.297	4.565	10.943
0.092	2.479	2.064	4.330	2.759	-8.851	-6.663	-7.062	4.528	0.336	0.355	7.370
0.755	0.110	1.849	4.960	6.472	-6.812	-7.360	-7.287	5.771	2.074	4.781	2.191
11.015	1.853	15.137	0.352	4.264	-5.865	-7.039	-7.635	7.542	0.070	0.555	4.980
11.061	0.660	5.674	5.766	0.253	-5.701	-6.017	-7.664	4.780	3.060	4.174	10.492
19.543	2.862	3.752	7.556	9.910	-6.799	-9.381	-6.165	8.123	1.572	1.393	0.452
9.473	2.124	11.341	1.191	2.158	-3.837	-7.610	-7.934	3.362	4.279	0.994	1.298
13.280	2.911	0.617	5.665	2.339	-6.199	-8.106	-8.359	3.499	4.331	1.769	15.247
12.446	2.695	10.478	0.802	4.931	-6.338	-6.936	-7.981	8.641	0.910	4.721	7.721
1.453	3.912	4.053	7.468	5.379	-6.554	-7.579	-7.621	4.368	1.478	1.799	15.276
12.983	1.684	6.147	5.038	3.663	-5.833	-6.719	-6.910	4.791	2.233	0.993	13.987
4.588	0.943	1.710	6.620	3.611	-6.351	-8.277	-8.030	1.840	2.527	3.552	15.174
8.256	4.026	14.175	4.141	1.057	-9.034	-8.327	-6.073	6.199	4.214	2.300	14.970
4.257	2.270	13.024	3.790	2.593	-6.754	-8.083	-7.938	1.783	2.123	4.960	13.527
5.342	4.165	16.569	3.468	0.397	-6.487	-6.120	-5.633	9.501	0.713	3.799	7.274
6.668	3.791	10.446	6.672	3.740	-8.252	-6.482	-7.201	0.312	4.019	4.383	1.765
0.215	4.430	0.187	2.915	6.779	-8.515	-8.902	-6.134	8.877	0.971	4.621	18.304
15.737	2.991	14.190	5.098	7.027	-6.704	-5.579	-8.245	4.626	0.710	3.097	3.965
1.491	1.428	19.811	6.829	2.380	-6.711	-6.400	-6.682	2.717	2.595	2.117	1.609
7.231	4.672	18.764	2.625	8.136	-4.122	-7.661	-6.249	6.880	1.774	3.434	1.948
8.004	4.579	1.233	7.661	9.826	-6.228	-9.314	-8.289	6.316	3.631	4.116	8.404
9.189	4.428	9.423	1.983	4.794	-6.139	-6.438	-6.542	8.515	4.623	0.394	16.256
16.539	4.213	6.496	6.091	6.248	-5.701	-4.597	-6.893	2.473	2.569	4.648	19.305
3.218	3.784	8.181	4.920	1.199	-5.969	-9.039	-7.450	4.567	2.185	2.988	10.093
7.691	2.801	10.486	6.468	1.117	-7.457	-7.662	-7.076	4.154	2.831	3.511	16.895
14.467	1.626	9.584	7.705	4.105	-5.901	-5.944	-8.219	8.584	3.116	0.202	5.246
16.943	0.103	1.816	6.625	3.230	-7.878	-7.495	-5.992	5.579	1.183	1.616	19.622
8.500	1.891	5.828	1.443	8.768	-6.671	-6.769	-7.096	7.786	3.744	4.294	13.579
17.385	0.645	3.343	1.507	2.840	-5.750	-8.700	-8.114	6.920	3.409	1.282	18.056
1.044	3.505	15.312	5.241	9.210	-6.359	-5.750	-5.771	5.844	3.055	0.278	13.949
16.695	4.793	19.200	0.569	8.641	-4.920	-7.069	-7.038	0.758	2.880	3.021	8.055
9.403	2.489	1.764	2.831	1.983	-6.347	-6.624	-6.939	3.263	2.726	2.199	2.462
7.612	0.054	4.247	1.927	9.561	-6.440	-7.175	-7.971	4.396	0.361	1.823	18.803
4.158	2.991	18.191	1.967	2.236	-7.648	-7.854	-6.602	0.661	2.497	1.404	12.282
1.182	2.451	11.278	9.380	7.499	-8.621	-7.574	-6.815	0.495	4.574	1.631	3.564
2.883	2.876	17.959	8.194	6.077	-7.929	-7.164	-7.086	6.195	1.580	4.688	0.861
16.917	4.260	18.572	5.102	6.802	-5.157	-5.940	-6.488	8.080	1.560	0.937	2.605
15.488	3.016	6.731	5.209	0.703	-5.688	-6.014	-5.497	6.219	0.035	2.026	19.548
11.963	0.923	9.576	5.485	5.775	-8.938	-7.823	-8.208	3.001	2.981	1.447	7.183
11.671	4.218	11.500	3.628	4.265	-4.022	-5.678	-6.929	5.126	3.510	2.451	15.351
9.778	1.320	11.233	6.890	1.604	-7.339	-7.921	-6.347	7.435	4.706	2.263	8.505
14.318	3.608	5.449	5.585	3.188	-8.597	-6.854	-7.793	5.847	2.978	4.387	1.811
11.878	0.889	19.345	5.571	0.718	-5.840	-6.634	-6.559	0.509	3.952	4.223	9.837
13.654	1.824	12.121	1.072	6.328	-7.940	-5.025	-6.116	4.741	0.791	3.196	13.267
2.945	3.181	0.362	2.172	6.997	-7.578	-6.892	-5.626	6.015	1.380	2.618	14.290
5.154	4.316	15.012	3.160	9.271	-8.906	-6.966	-5.485	3.897	1.728	2.830	5.253
14.003	0.002	1.887	8.371	0.472	-5.828	-7.787	-6.853	4.026	3.225	3.569	12.832
6.701	2.426	19.746	5.962	0.024	-6.748	-7.138	-8.096	8.737	0.879	3.897	7.140
18.668	1.474	9.994	3.650	4.281	-5.277	-8.193	-6.039	5.517	2.843	3.141	7.018
1.882	3.662	0.648	7.400	3.073	-7.245	-6.213	-7.532	6.251	1.773	1.253	18.662
5.015	0.630	11.305	1.113	2.833	-8.187	-6.806	-6.336	3.417	1.349	3.057	7.343
17.063	3.986	2.214	4.177	0.783	-6.511	-6.522	-6.558	7.182	3.903	2.251	10.889
7.477	2.719	5.168	0.092	9.598	-6.964	-6.779	-7.415	9.813	0.320	1.301	13.387
12.451	0.896	4.284	0.297	4.453	-7.008	-9.838	-6.340	9.983	3.706	0.950	16.431
18.342	3.264	4.253	7.490	2.768	-7.904	-8.828	-6.458	4.697	2.915	1.553	10.194
6.747	4.618	11.986	9.052	9.097	-8.760	-7.801	-8.134	6.719	2.731	1.632	8.467
18.958	3.821	14.227	1.258	4.420	-8.311	-6.596	-6.187	8.056	0.094	2.144	14.848
12.845	0.035	9.501	0.954	8.067	-4.853	-6.588	-8.402	5.189	3.866	2.056	1.280
1.049	3.721	16.904	6.936	6.305	-6.469	-7.052	-6.641	5.728	0.802	3.650	2.661
3.976	0.584	15.652	6.532	1.435	-7.862	-7.117	-6.431	2.788	4.796	2.092	11.745
4.960	1.517	0.629	9.041	3.749	-4.666	-6.910	-7.225	5.319	1.851	1.332	19.169
10.658	1.979	19.270	7.722	4.750	-6.653	-6.183	-7.816	1.487	1.031	0.927	3.899
18.165	1.510	4.564	6.688	4.376	-8.344	-5.544	-6.356	5.800	0.505	2.546	6.759
13.241	0.040	2.345	3.850	3.809	-6.989	-3.954	-7.233	6.053	0.319	3.894	10.504
19.230	3.593	16.578	6.987	2.020	-7.521	-5.508	-6.978	4.246	1.438	4.665	13.428
18.206	3.358	10.578	5.878	5.664	-4.862	-5.823	-9.076	9.073	0.486	1.374	19.017
3.516	3.836	9.767	4.947	9.307	-8.162	-5.400	-6.818	1.355	0.995	2.691	11.870
0.466	0.573	16.859	5.373	5.352	-6.546	-5.669	-6.845	9.269	3.347	1.229	14.449
5.458	0.256	19.435	1.067	3.166	-7.893	-6.327	-7.982	4.716	2.904	0.387	13.819
2.005	1.610	8.138	9.133	8.053	-7.609	-7.709	-8.332	3.931	4.249	3.360	12.624
11.753	4.452	17.788	9.873	5.894	-10.007	-8.134	-5.316	0.295	4.980	4.621	4.582
10.475	2.507	2.128	0.894	5.961	-5.662	-6.865	-8.206	4.749	0.665	3.773	16.041
17.555	1.532	17.146	8.758	5.066	-8.454	-7.175	-7.656	5.501	2.489	4.332	11.712
7.292	2.026	19.099	1.412	0.728	-7.999	-5.516	-8.207	6.983	1.025	0.830	17.133
19.749	3.427	12.634	9.873	7.070	-8.078	-6.630	-6.390	1.232	0.883	0.426	5.969
8.735	4.649	16.464	5.193	1.240	-7.040	-5.696	-5.961	2.094	4.069	4.487	19.768
11.553	3.282	12.584	1.952	6.781	-7.272	-8.507	-7.046	8.916	0.108	3.490	11.729
11.490	1.843	4.055	9.144	5.636	-7.734	-5.221	-7.585	5.111	1.222	0.223	10.690
5.675	2.734	12.316	5.635	5.371	-5.464	-7.633	-5.490	1.555	3.796	4.399	16.805
12.395	0.236	14.329	0.935	0.455	-6.622	-6.915	-6.536	9.874	4.150	1.787	16.291
4.663	4.927	0.206	0.575	3.041	-7.707	-6.137	-6.569	5.289	0.190	4.824	2.030
1.876	1.655	18.492	1.240	5.784	-7.804	-7.940	-7.980	1.659	1.424	1.359	1.747
18.834	4.692	7.442	2.376	4.776	-5.363	-7.231	-5.865	6.510	2.567	2.276	11.604
11.843	2.152	18.704	6.565	1.600	-5.441	-7.983	-7.379	5.128	4.456	3.263	5.140
15.909	3.017	12.115	0.470	0.459	-7.198	-7.434	-6.882	1.464	3.451	1.915	13.188
18.627	4.086	1.825	7.004	5.011	-5.198	-7.507	-6.114	2.722	4.237	3.732	17.747
15.125	2.401	6.786	3.513	0.707	-7.846	-7.050	-8.813	7.487	4.855	2.846	6.124
11.385	3.086	17.587	2.415	5.892	-7.040	-6.047	-7.364	8.687	0.635	2.081	12.981
18.825	4.395	4.317	6.890	2.238	-6.682	-7.567	-5.474	0.519	0.604	1.851	5.526
6.627	4.237	16.635	6.681	3.308	-8.012	-6.753	-8.549	0.536	4.744	0.720	10.864
10.854	4.926	11.637	8.834	9.654	-5.991	-8.300	-5.955	2.670	4.407	2.956	11.100
9.407	2.969	3.982	1.866	6.461	-7.818	-6.078	-7.493	8.533	4.835	0.188	4.861
14.127	0.186	7.887	6.480	3.678	-7.894	-5.903	-6.661	8.576	3.353	1.419	10.416
12.757	3.274	12.658	2.858	5.890	-7.821	-6.487	-6.740	2.385	1.552	4.247	18.553
8.137	2.825	0.489	4.043	9.169	-5.445	-5.021	-6.691	3.061	0.613	3.714	2.123
6.806	0.582	19.975	8.734	2.913	-8.649	-7.933	-5.422	3.678	2.786	1.706	10.065
15.458	0.714	5.281	1.561	2.312	-6.736	-6.813	-8.948	5.600	1.477	1.715	4.538
5.671	3.222	15.168	2.277	5.025	-7.559	-6.672	-6.393	8.481	4.776	1.696	15.781
0.301	3.307	13.804	2.957	7.933	-5.821	-7.078	-6.107	2.630	0.928	4.541	16.166
0.795	4.765	1.780	1.533	7.016	-8.255	-7.353	-6.635	6.945	3.415	4.752	12.814
14.703	3.297	12.196	3.370	2.861	-6.635	-5.325	-6.749	8.572	1.331	2.717	13.794
8.982	1.006	8.902	8.478	1.248	-6.902	-6.723	-5.713	0.864	0.302	2.262	11.628
13.810	1.786	8.722	1.705	1.991	-7.371	-6.005	-5.715	3.742	0.884	1.882	18.323
7.712	4.459	6.082	9.348	0.426	-7.171	-6.291	-5.898	3.847	0.197	0.820	1.508
11.722	0.780	13.357	9.553	3.192	-7.494	-5.066	-7.177	9.143	4.289	1.047	0.739
4.568	3.233	2.807	3.906	5.996	-4.547	-7.011	-6.291	4.911	1.518	0.628	5.244
10.564	1.208	13.916	3.946	2.071	-7.209	-6.734	-6.942	8.770	2.157	4.896	1.004
8.425	4.585	16.273	9.272	4.286	-6.683	-6.706	-5.773	9.022	3.405	1.999	13.184
9.279	4.379	19.687	1.005	0.279	-6.798	-6.706	-7.847	6.436	0.440	0.090	3.018
0.901	1.715	18.077	7.789	2.450	-6.991	-7.195	-7.301	0.338	0.495	1.419	8.941
8.444	2.719	6.837	6.973	8.517	-6.317	-6.673	-5.885	3.142	0.060	1.232	16.036
8.466	4.819	9.493	5.543	4.006	-8.700	-6.815	-7.022	7.022	4.974	4.989	13.799
13.585	2.890	8.984	5.319	4.093	-7.140	-5.484	-7.657	8.294	1.696	2.045	9.207
11.785	1.599	8.140	6.981	2.778	-6.522	-6.567	-7.077	2.319	3.547	4.568	12.693
10.744	2.152	6.064	2.562	9.647	-7.368	-6.943	-5.845	0.818	1.412	3.538	18.838
11.854	4.936	1.560	7.976	2.621	-7.628	-6.473	-7.332	4.304	1.808	3.026	9.768
6.063	1.592	4.339	5.175	1.395	-6.200	-5.764	-6.523	5.083	3.061	4.376	4.266
15.696	1.287	15.252	4.667	3.059	-7.734	-7.103	-7.491	0.716	4.964	1.736	4.123
5.365	3.559	10.634	3.457	0.393	-6.008	-8.317	-5.881	0.979	3.647	3.423	16.209
5.919	3.902	18.064	1.328	6.954	-6.497	-5.409	-8.089	3.915	0.352	0.469	13.818
10.036	4.226	10.027	2.122	8.700	-5.380	-6.586	-8.191	7.435	1.388	3.862	9.648
0.698	0.003	14.589	2.298	6.743	-8.003	-6.661	-7.755	3.368	1.431	4.701	15.916
18.489	2.350	7.284	6.630	1.705	-6.728	-8.083	-7.263	4.776	1.228	1.627	17.600
18.514	3.655	17.176	2.644	2.684	-8.162	-7.303	-8.559	7.619	1.262	1.744	19.889
7.504	1.423	19.127	7.062	6.157	-5.481	-7.447	-6.261	8.151	1.401	0.816	18.556
9.181	3.149	17.822	8.533	3.081	-7.030	-5.746	-6.187	4.455	3.629	2.921	0.527
2.942	0.949	17.764	6.885	8.203	-7.895	-9.584	-6.556	9.917	2.513	2.933	6.829
2.046	4.708	5.415	7.901	6.455	-7.770	-7.488	-7.079	2.768	2.573	1.202	17.501
10.170	0.609	13.945	2.902	2.599	-7.032	-5.483	-6.500	6.261	1.656	3.298	19.239
12.948	0.200	6.515	5.120	9.878	-6.882	-6.382	-5.253	1.581	1.686	3.413	19.483
16.063	2.297	4.854	5.331	5.453	-7.446	-7.647	-7.506	6.776	2.740	3.621	11.271
11.320	1.873	8.417	3.036	0.277	-5.143	-7.866	-6.331	1.592	1.283	0.293	7.101
15.737	2.114	9.892	7.685	5.741	-4.754	-5.539	-7.161	9.946	4.598	1.211	16.534
7.624	3.935	5.700	0.959	3.000	-6.003	-7.558	-6.026	4.656	4.960	4.880	16.167
18.475	0.710	19.622	5.902	0.236	-8.581	-6.895	-7.554	3.733	3.558	2.557	19.685
10.048	2.638	10.208	9.648	6.325	-7.110	-7.018	-7.402	4.139	1.901	2.935	6.241
2.190	1.342	7.987	8.387	2.769	-6.449	-8.611	-7.794	0.325	3.776	2.699	8.670
7.321	2.868	4.030	6.521	7.231	-7.363	-6.759	-5.878	2.111	0.344	0.379	5.660
15.709	0.643	11.138	7.041	2.270	-8.286	-6.775	-5.613	4.957	4.036	4.990	11.090
10.734	0.051	10.248	8.629	1.326	-6.489	-6.955	-7.452	3.580	0.256	0.524	13.284
4.639	2.804	2.523	8.207	9.661	-7.474	-6.314	-7.905	0.830	0.023	4.943	13.748
4.386	4.871	12.634	7.447	9.725	-7.629	-7.344	-7.724	6.606	1.633	0.108	7.184
14.980	2.906	10.693	6.978	1.429	-6.547	-6.927	-7.238	5.911	0.215	2.642	8.311
14.108	2.501	14.251	0.082	6.518	-6.509	-6.943	-7.716	1.068	0.080	0.759	19.015
1.478	3.723	13.282	0.618	2.698	-7.168	-7.646	-6.001	1.678	1.115	2.115	17.496
5.303	3.784	5.330	2.491	2.174	-7.248	-8.300	-6.180	4.384	0.729	0.480	0.559
5.241	2.867	9.827	8.287	3.994	-6.812	-8.244	-7.396	7.952	1.610	0.282	14.377
8.811	1.854	10.451	5.201	1.253	-5.041	-7.556	-6.867	7.617	2.030	1.374	4.098
3.338	3.737	5.656	8.073	5.980	-7.454	-7.028	-8.856	7.579	3.938	1.277	1.167
14.702	1.469	15.877	8.101	8.587	-7.681	-8.336	-7.065	5.478	3.450	2.141	11.173
0.921	1.675	17.219	5.575	8.087	-6.625	-8.517	-7.119	1.842	0.665	2.615	9.705
18.988	1.740	5.093	4.047	8.896	-6.203	-5.964	-7.386	1.359	2.870	0.255	16.545
6.617	1.431	10.659	3.561	5.585	-6.480	-7.209	-8.016	8.556	0.830	3.278	4.576
3.872	0.836	13.929	4.476	5.201	-7.114	-5.518	-6.935	1.524	2.694	0.136	8.995
16.071	2.118	14.407	9.191	8.810	-5.736	-7.463	-7.806	7.194	4.156	1.570	0.807
7.814	3.203	17.407	9.766	0.464	-7.165	-7.504	-8.865	1.513	2.377	4.225	16.728
13.937	1.608	13.193	9.949	4.942	-5.887	-7.139	-6.187	7.665	3.900	4.973	10.316
16.337	2.680	7.045	0.372	4.717	-7.524	-6.937	-7.649	6.593	0.903	2.222	6.270
16.223	2.104	10.756	1.121	7.752	-5.900	-5.885	-6.532	2.216	1.481	1.145	12.176
10.053	3.785	16.410	9.409	6.197	-7.634	-7.064	-5.597	5.984	3.332	2.501	16.748
9.631	4.731	5.110	6.052	6.239	-6.465	-6.281	-7.032	0.850	3.952	0.028	5.754
19.177	3.654	14.814	9.631	7.948	-7.372	-7.217	-5.939	8.323	1.942	4.065	8.730
9.909	0.610	12.235	9.205	7.353	-7.415	-8.799	-7.182	5.256	2.270	4.660	2.003
5.143	2.771	3.926	9.327	8.739	-7.065	-4.567	-7.127	4.817	3.444	2.873	10.448
11.269	0.366	8.596	8.530	3.404	-7.405	-6.080	-6.829	5.005	1.301	4.064	9.887
0.687	0.287	19.451	6.231	9.798	-5.729	-5.000	-8.012	1.888	4.480	1.672	9.046
0.722	2.896	14.154	5.171	4.545	-6.230	-8.064	-6.431	2.943	4.935	3.382	10.007
2.393	0.191	9.769	1.894	3.456	-4.368	-6.765	-7.050	0.588	4.950	0.124	16.367
15.598	0.069	0.792	2.781	0.525	-6.746	-8.833	-5.967	9.396	0.409	3.999	0.250
0.602	4.001	8.836	6.137	6.354	-8.015	-7.624	-6.085	8.617	1.580	4.428	5.239
13.279	4.036	10.895	4.521	7.910	-5.707	-8.584	-5.019	4.219	0.950	0.110	16.090
4.206	0.154	12.548	7.897	8.841	-6.365	-7.765	-6.645	7.116	1.676	3.267	10.425
0.953	2.173	14.123	1.516	8.081	-9.026	-8.666	-7.980	8.876	3.770	4.280	11.247
17.798	4.108	5.321	1.935	0.658	-7.575	-8.461	-5.943	1.965	4.281	0.740	4.070
19.158	3.292	7.361	8.782	4.810	-5.576	-9.417	-6.225	8.988	1.336	0.215	13.330
10.281	2.790	11.163	5.126	1.741	-7.842	-6.060	-9.561	3.004	2.605	3.323	16.720
8.015	1.777	14.072	3.514	5.862	-6.083	-7.031	-7.536	6.204	0.263	4.452	12.943
4.696	1.801	1.806	5.066	7.272	-7.470	-6.125	-6.959	2.503	0.479	2.359	16.331
12.715	3.610	0.181	8.675	7.476	-6.514	-5.567	-6.199	0.552	1.932	2.257	9.487
19.610	0.525	16.357	9.848	1.933	-8.691	-7.264	-7.382	3.335	1.098	2.425	17.784
3.066	1.174	13.435	1.829	4.005	-5.905	-7.351	-6.333	7.511	1.461	4.630	5.561
11.127	0.489	19.519	4.244	2.526	-9.296	-6.557	-8.686	5.260	4.770	2.561	17.783
4.022	3.303	1.074	7.542	7.810	-5.393	-8.888	-6.454	3.665	2.303	0.610	8.803
17.169	0.273	16.530	9.942	9.838	-6.564	-6.739	-6.412	9.336	1.806	3.515	9.971
4.034	4.127	13.709	6.628	4.213	-7.397	-7.819	-6.245	6.782	1.750	1.242	14.302
13.269	0.136	17.854	8.243	5.351	-6.786	-5.801	-7.168	2.232	3.473	1.506	5.852
19.568	1.351	9.269	9.002	2.196	-7.340	-7.178	-6.910	5.739	0.838	3.778	8.362
6.994	1.364	3.717	1.324	4.319	-6.972	-7.022	-6.987	5.886	1.472	1.691	4.941
1.986	2.280	5.960	8.896	3.102	-7.197	-7.598	-6.973	0.032	2.827	3.218	13.984
7.331	2.870	4.462	3.297	9.964	-8.328	-6.499	-7.452	1.981	3.675	4.403	0.590
6.524	2.513	12.112	4.599	3.583	-6.364	-6.055	-5.819	7.285	0.230	1.888	16.896
16.153	3.135	0.134	3.160	8.195	-7.375	-6.633	-5.425	7.127	4.414	2.134	18.911
9.247	4.756	7.665	4.808	0.128	-4.354	-6.114	-7.039	9.607	1.332	3.933	5.106
6.446	0.244	11.762	6.169	5.082	-6.305	-6.580	-6.587	1.353	0.728	2.480	9.586
9.178	2.323	9.691	8.789	8.910	-6.530	-7.827	-6.678	0.597	2.834	2.355	10.644
6.884	0.979	17.324	8.818	9.127	-6.286	-7.014	-5.743	1.797	2.226	3.821	19.792
10.776	0.121	9.873	3.180	9.840	-8.457	-7.920	-7.382	8.011	4.745	4.479	8.438
3.355	1.192	19.197	7.492	2.652	-8.050	-6.380	-7.446	2.705	1.396	3.363	3.911
18.169	3.087	2.939	6.291	8.517	-7.536	-8.034	-7.057	3.126	0.946	1.490	1.844
13.667	1.722	12.052	0.232	5.950	-6.781	-7.712	-5.751	2.651	0.325	0.744	17.067
15.605	2.176	18.166	9.534	3.800	-6.392	-5.881	-5.902	9.463	0.442	3.504	3.236
0.618	1.153	14.046	4.153	0.753	-5.411	-9.157	-5.926	9.373	3.509	3.775	4.416
8.198	1.320	3.502	1.348	0.516	-6.731	-7.299	-7.089	3.968	0.146	3.085	11.741
1.154	0.934	17.116	2.227	3.869	-4.917	-8.240	-6.618	4.551	1.438	0.735	17.406
10.669	2.917	18.745	0.731	9.163	-7.532	-7.904	-6.798	8.385	2.034	2.617	6.808
11.637	4.661	7.127	8.276	3.920	-6.209	-5.836	-9.209	9.696	3.550	4.925	6.371
3.165	4.541	14.396	0.791	9.917	-6.935	-6.642	-7.347	5.889	1.913	2.449	15.341
11.849	4.205	3.414	8.291	7.430	-7.764	-6.990	-5.636	7.587	0.593	3.782	15.268
15.231	2.507	2.570	6.679	2.665	-5.523	-4.653	-8.046	5.704	0.883	4.746	14.155
16.081	4.617	1.548	3.010	2.497	-7.585	-7.390	-6.389	5.970	2.274	3.908	0.260
9.650	0.026	8.173	1.345	9.106	-9.296	-5.655	-7.603	7.682	3.830	4.083	15.874
11.308	0.534	10.135	2.753	0.010	-8.879	-4.936	-6.614	1.712	0.755	2.087	19.981
3.264	1.513	0.704	2.798	7.709	-6.868	-6.223	-5.989	3.132	0.439	3.355	0.596
6.548	3.425	4.911	1.199	2.119	-7.092	-7.443	-6.192	9.387	1.548	0.923	16.201
17.138	4.563	17.502	9.939	1.554	-7.843	-6.734	-6.061	5.992	0.386	4.495	12.707
15.538	2.757	9.210	3.288	1.976	-5.836	-7.117	-5.890	5.691	0.869	0.346	13.592
11.089	4.115	5.125	4.643	7.502	-7.488	-9.199	-7.215	0.250	0.241	1.106	10.130
2.372	4.796	12.950	9.151	9.809	-7.709	-7.315	-6.141	8.052	1.981	0.273	0.318
10.877	4.219	13.956	0.126	6.420	-7.672	-7.676	-8.549	6.613	4.366	0.665	0.867
4.297	3.398	14.253	6.698	5.587	-6.913	-7.104	-6.764	9.653	1.672	0.029	6.908
17.003	3.963	9.045	6.064	2.514	-6.268	-6.060	-7.477	4.319	1.389	4.824	18.515
2.062	3.331	12.891	4.260	2.988	-6.362	-7.827	-6.303	0.796	3.499	4.699	13.383
6.323	4.236	4.573	4.125	3.362	-7.684	-5.066	-7.643	5.717	4.836	0.424	17.287
18.404	1.155	11.662	6.451	8.704	-7.898	-9.421	-6.521	8.322	4.570	0.597	5.341
9.952	0.460	1.321	8.891	7.173	-5.925	-6.795	-9.081	5.759	4.130	3.347	17.568
16.820	2.923	18.746	5.869	5.612	-6.919	-6.008	-6.225	8.956	4.286	2.466	2.175
7.301	0.044	1.503	8.566	9.496	-6.922	-6.597	-6.948	9.344	4.729	3.016	0.919
17.325	4.036	15.115	1.339	8.698	-7.267	-7.995	-7.487	0.059	0.983	1.486	15.741
15.213	2.960	6.312	9.985	1.964	-8.231	-7.325	-8.870	6.200	1.802	1.293	8.959
7.937	2.778	8.972	3.034	3.177	-5.642	-6.821	-5.284	6.130	2.322	2.340	16.188
15.049	4.378	1.784	5.492	7.086	-7.627	-7.411	-7.892	4.918	0.277	0.338	0.752
4.784	4.479	19.567	3.338	6.483	-8.446	-8.907	-7.229	1.717	3.039	2.155	18.801
9.602	0.756	18.727	5.880	6.054	-7.256	-7.319	-7.022	1.665	3.206	4.204	3.912
18.882	4.856	1.642	2.987	9.647	-5.202	-8.235	-7.261	0.633	1.051	4.234	18.480
5.806	2.000	13.498	8.087	0.723	-7.635	-7.497	-7.710	0.368	3.234	3.029	4.335
1.775	2.749	1.918	9.665	1.094	-6.563	-6.288	-6.529	0.034	3.961	2.763	7.137
16.235	2.780	19.454	5.308	2.518	-8.197	-7.261	-6.355	3.377	2.288	0.646	17.708
7.552	0.417	7.346	5.486	5.078	-8.066	-7.973	-5.901	2.851	1.122	4.729	13.052
6.168	0.125	0.624	7.179	8.151	-7.704	-6.698	-7.460	3.498	2.970	0.473	11.716
9.920	4.590	15.048	9.033	1.202	-6.592	-7.987	-6.855	6.521	2.928	2.675	3.506
12.604	1.684	4.913	9.982	9.363	-7.517	-6.295	-7.157	8.337	3.753	4.506	15.725
19.702	4.425	10.852	5.025	5.979	-8.310	-6.852	-8.265	7.889	3.322	4.030	14.268
14.656	12.450	9.815	3.209	2.334	9.846	1.418	9.327	1.435	9.298	0.522	11.747
12.084	11.524	10.469	6.563	5.905	0.488	2.333	3.641	0.034	10.858	3.953	13.534
3.271	10.404	10.178	9.116	7.706	3.188	4.800	8.934	5.388	10.497	1.897	12.904
11.617	9.992	10.818	0.124	1.457	1.621	0.000	6.155	1.718	12.267	3.033	3.906
9.713	11.136	10.371	6.767	8.212	1.476	3.189	3.852	4.500	11.747	4.285	1.630
5.885	10.063	11.361	7.892	9.281	4.207	3.911	11.889	9.023	10.417	2.567	2.268
10.983	10.218	10.726	4.675	1.453	6.731	4.277	0.955	9.404	11.359	4.030	9.175
0.311	10.375	10.740	0.029	5.441	0.591	1.681	19.513	0.653	11.290	2.770	18.595
9.624	10.914	11.573	3.919	4.238	7.721	1.577	5.400	8.065	10.812	1.546	7.663
10.406	8.860	10.918	0.742	1.919	4.343	1.281	1.438	4.237	11.222	0.531	4.621
4.739	10.630	11.203	5.919	0.540	6.456	2.005	17.628	5.245	12.437	1.794	8.667
18.329	12.694	10.779	0.323	9.124	0.065	1.831	11.543	6.761	10.930	2.432	3.777
3.685	11.980	10.208	0.139	1.610	0.246	3.558	0.927	5.820	11.676	1.099	6.613
17.376	9.326	9.270	7.744	2.428	8.912	0.706	17.080	4.963	10.968	1.677	2.235
16.284	12.757	10.585	6.323	7.291	8.563	0.160	14.866	4.199	12.010	2.707	16.927
13.817	11.413	10.885	8.513	4.209	5.463	3.890	16.909	5.539	11.152	0.221	7.263
8.546	11.500	11.283	5.756	1.382	4.869	1.375	3.144	4.882	10.774	1.235	10.617
19.902	11.391	11.230	8.780	7.259	8.295	4.786	8.606	5.406	10.702	0.486	18.165
2.148	12.962	13.291	9.245	9.144	9.584	4.139	14.398	0.044	10.357	4.877	9.514
12.251	12.071	11.471	2.027	2.117	1.412	1.832	0.312	3.072	12.140	3.222	11.275
0.264	12.019	11.523	5.076	3.816	2.886	2.374	11.983	1.351	9.235	2.487	11.334
19.050	10.263	9.462	7.636	5.081	2.331	2.999	12.409	0.529	10.677	0.846	8.982
15.394	11.167	11.560	8.118	4.324	9.859	0.430	10.554	4.687	13.071	3.378	6.777
10.466	10.993	12.233	6.729	7.519	5.517	3.562	16.503	5.482	11.401	2.986	13.332
5.330	8.382	9.032	0.484	2.297	3.173	2.931	7.929	9.658	11.418	2.264	4.777
4.672	12.048	12.258	4.789	3.533	9.624	4.874	0.892	3.182	11.647	2.100	19.932
8.550	9.326	12.881	1.691	4.510	0.289	4.921	0.738	6.066	12.660	0.630	0.944
10.944	10.674	11.120	1.834	9.341	1.775	1.248	12.432	1.577	9.371	0.683	9.928
4.380	9.748	11.259	3.570	9.091	8.030	0.689	13.944	0.250	9.630	3.712	1.561
7.863	11.071	13.063	5.887	0.483	7.676	1.691	5.769	7.913	12.427	4.038	8.672
10.138	13.558	11.051	4.837	6.248	1.996	4.474	18.434	2.854	10.739	3.380	3.593
1.978	9.726	11.431	8.939	3.431	4.299	1.689	5.771	8.014	10.577	3.759	19.284
17.141	11.247	10.997	1.549	2.593	6.223	4.019	14.048	0.823	12.441	2.597	18.277
2.705	11.051	9.260	2.515	6.817	7.251	0.823	3.876	4.022	13.817	0.936	1.597
7.714	10.721	10.518	2.858	7.164	2.309	2.496	17.453	7.963	11.165	3.624	3.751
10.709	10.358	13.773	8.087	0.522	8.482	2.466	2.225	3.047	8.879	4.796	1.222
16.498	13.083	10.648	2.280	4.352	5.207	3.717	2.819	7.456	11.248	3.055	6.425
18.777	13.421	9.498	9.676	4.705	6.393	3.008	9.524	8.142	9.418	0.916	6.610
0.009	12.639	10.062	5.771	3.108	2.932	1.314	0.863	3.917	10.224	3.795	13.346
15.831	11.394	10.005	4.677	4.619	6.739	4.636	2.697	3.677	12.040	3.356	11.222
15.476	11.771	12.770	9.467	9.536	8.225	3.918	2.601	1.041	10.086	0.961	1.348
16.576	9.462	9.543	8.316	3.462	2.316	1.724	5.569	3.075	10.615	0.360	7.154
17.746	11.237	8.154	8.825	8.104	3.221	3.584	5.394	3.753	11.604	4.215	1.018
10.191	12.519	12.267	8.883	5.927	6.025	4.760	0.462	9.187	10.779	4.882	17.434
18.995	9.793	10.808	3.449	9.189	7.928	4.667	13.798	3.137	11.959	4.701	9.983
17.571	10.842	10.891	8.261	4.082	0.465	4.725	10.346	0.172	11.497	2.382	0.848
10.436	12.448	12.372	2.364	6.759	3.167	0.112	6.815	9.049	11.996	0.447	3.968
18.493	10.863	10.795	3.177	8.430	9.977	0.117	9.622	3.417	11.088	1.920	3.012
8.902	12.008	11.314	2.705	0.228	6.055	2.330	8.129	4.154	11.113	1.396	13.935
12.641	12.448	11.338	8.818	2.228	0.421	3.648	14.857	2.414	12.853	0.843	2.046
16.657	9.985	11.176	0.985	9.663	1.815	1.558	2.710	1.578	10.527	4.637	18.399
1.942	10.858	10.755	6.718	3.840	2.400	4.071	18.178	8.105	12.822	2.956	11.350
17.711	13.127	9.692	2.883	4.504	7.110	0.245	4.228	2.283	10.726	4.153	6.840
5.030	11.105	10.847	7.192	9.313	6.968	1.765	17.689	7.578	10.914	2.461	7.505
8.014	9.704	12.362	4.378	0.286	1.141	1.144	7.624	4.662	12.015	0.627	10.892
8.817	9.782	11.408	5.894	0.806	8.128	0.769	13.358	0.637	9.557	2.381	5.333
4.922	10.423	12.415	6.645	3.634	0.913	0.742	5.173	1.819	10.112	2.530	6.840
8.450	12.080	11.616	8.355	1.247	5.370	2.062	14.604	6.318	10.033	3.935	1.366
14.196	10.411	10.895	3.324	7.841	2.776	3.323	9.067	9.796	9.334	1.278	4.813
8.760	11.053	11.912	9.360	7.078	8.342	2.235	4.102	1.057	11.185	3.231	19.808
14.434	12.566	10.958	0.838	4.669	9.720	3.924	7.351	0.169	9.477	2.899	6.629
16.146	11.684	10.451	7.224	1.368	5.797	1.683	8.817	2.283	10.066	0.617	1.393
17.145	9.898	10.566	3.681	2.457	1.043	0.188	18.824	7.924	9.984	0.315	2.804
2.395	11.218	10.636	0.881	9.353	4.366	3.122	14.748	4.928	9.987	4.792	6.293
15.755	12.785	11.338	2.013	1.859	0.738	4.545	3.380	7.577	10.318	0.739	16.803
16.324	13.366	9.932	3.870	8.476	5.336	4.499	11.890	3.843	11.256	0.021	17.758
11.347	9.663	10.867	3.607	1.233	6.631	1.494	18.969	1.259	10.489	3.970	1.166
7.771	13.286	12.857	0.909	8.585	4.898	3.667	0.842	9.513	13.287	1.747	2.536
7.001	10.714	11.465	2.718	0.413	1.845	3.038	11.444	9.927	9.994	0.905	3.420
11.519	11.704	11.704	6.231	0.937	3.998	1.949	10.314	8.554	11.633	2.776	19.283
1.424	10.253	11.000	5.522	1.683	6.437	1.224	4.958	5.487	10.512	4.262	9.679
3.204	11.136	10.845	3.933	2.896	5.510	2.273	7.391	5.251	11.131	2.727	16.308
19.874	12.540	8.967	1.733	1.466	0.847	4.397	12.166	1.552	9.806	0.844	14.720
5.306	12.476	11.294	0.074	3.481	7.876	1.905	13.902	4.514	11.874	1.661	16.467
18.219	12.321	10.560	3.885	6.411	4.771	1.584	16.289	1.635	10.874	4.412	8.796
0.125	12.045	10.901	0.761	4.928	7.349	0.649	19.822	0.171	10.770	4.263	6.396
14.360	11.308	10.832	9.541	4.295	4.691	0.677	8.508	0.439	11.541	3.932	1.253
12.320	8.951	11.440	4.835	0.524	3.804	1.923	14.659	4.357	10.576	0.176	16.537
13.888	10.962	10.269	3.656	8.378	0.093	4.003	13.177	9.996	11.645	1.513	15.428
13.006	10.070	12.060	0.107	9.901	4.913	1.456	3.224	0.608	9.712	4.120	14.409
6.393	10.464	11.585	5.310	8.785	9.457	2.398	16.153	0.532	11.883	0.974	8.055
6.048	9.469	11.297	2.277	3.853	8.279	0.984	11.128	1.095	10.966	4.329	0.842
14.473	11.530	10.596	6.325	4.276	3.306	1.972	17.393	6.754	12.869	0.591	5.030
17.080	11.447	9.798	8.917	2.649	6.588	4.144	15.453	5.786	12.035	4.195	15.523
19.726	10.084	11.220	1.237	2.523	6.072	4.121	4.330	1.711	10.528	3.665	3.047
17.072	11.382	11.713	0.500	6.012	2.456	4.421	10.738	9.400	9.305	4.001	11.945
14.463	9.833	12.037	3.162	8.081	1.419	1.661	11.302	9.067	12.769	0.786	7.883
7.375	10.746	11.565	9.440	3.863	3.688	3.821	9.820	2.180	10.913	1.776	17.880
4.767	10.141	11.703	3.037	6.535	1.335	1.917	19.108	3.677	10.288	0.241	8.834
19.839	12.059	11.360	8.757	8.343	9.168	1.075	7.139	9.698	10.168	0.901	15.153
6.993	11.496	9.853	5.949	6.384	7.677	0.799	0.269	5.298	11.568	3.510	12.496
8.932	11.352	11.508	6.707	4.987	1.380	4.994	18.016	0.498	9.831	0.349	8.118
0.215	10.815	11.518	8.983	6.648	8.862	1.691	12.162	5.197	12.901	4.261	1.124
16.221	11.454	9.308	0.362	1.886	9.742	4.032	14.130	5.119	12.064	0.247	11.099
7.657	11.017	12.224	0.039	7.408	9.291	3.194	13.468	0.982	13.207	1.596	12.232
1.919	10.911	11.071	2.049	3.828	9.942	0.042	1.639	0.912	11.566	2.601	6.981
9.761	12.226	11.497	8.362	2.396	1.628	4.254	7.961	8.475	11.493	4.763	19.274
9.960	10.315	9.598	3.170	1.853	0.877	0.502	0.700	4.233	11.603	3.812	2.940
18.910	11.624	10.580	7.743	0.448	4.483	2.747	9.540	7.127	11.294	1.237	10.270
13.631	11.097	12.411	3.314	3.900	2.641	1.307	0.668	9.141	10.392	0.710	19.934
15.376	9.943	11.428	9.857	6.256	0.880	4.992	17.253	8.709	11.339	2.891	7.372
0.551	10.315	11.592	6.303	8.777	8.524	1.443	9.604	0.511	10.329	2.111	11.518
19.604	12.499	10.159	3.097	2.215	3.235	3.772	10.389	2.046	10.551	1.068	6.562
1.368	11.237	12.698	7.496	8.053	3.275	1.820	18.696	7.755	8.649	3.929	4.426
15.185	9.210	11.883	8.390	6.539	6.753	0.802	13.694	7.376	11.084	3.184	17.499
13.355	10.049	13.193	4.930	3.975	2.114	0.198	18.711	6.022	11.621	4.806	3.072
6.575	11.124	8.524	5.939	8.143	9.717	1.464	17.409	3.268	10.255	3.506	17.488
1.040	11.767	9.214	9.377	3.504	7.380	1.859	16.469	9.220	10.183	4.459	7.109
12.697	12.693	9.350	4.205	8.424	3.711	2.190	8.303	5.612	11.017	0.040	2.933
1.488	11.218	10.313	1.470	5.642	4.493	4.265	8.350	1.967	11.389	0.753	8.794
10.329	11.412	9.685	8.014	3.460	1.361	1.416	11.820	3.175	11.493	2.314	7.080
4.642	11.176	10.179	0.048	4.592	5.118	0.578	1.284	0.971	11.068	1.923	17.771
7.216	10.135	11.405	9.222	4.689	9.857	2.289	19.219	6.362	12.052	0.592	2.526
6.785	9.963	11.179	4.050	9.206	4.920	2.183	1.484	3.384	10.436	2.257	2.726
5.734	9.297	12.257	3.616	8.449	3.592	4.339	10.648	9.786	11.170	0.760	14.906
13.709	11.547	10.467	8.915	8.704	9.141	3.312	17.909	3.469	12.693	2.461	1.346
7.116	11.855	11.963	8.036	3.211	0.827	3.123	1.915	7.975	11.950	1.876	2.099
19.695	11.278	11.878	7.701	7.901	1.041	4.107	17.867	4.820	12.310	3.153	7.788
8.786	10.465	10.579	5.385	9.575	8.409	0.898	15.715	6.455	12.501	4.832	4.002
1.423	11.449	11.877	0.382	9.169	5.130	2.718	16.237	1.208	9.041	2.682	17.761
18.598	9.965	11.429	4.909	2.859	5.141	1.869	9.361	9.071	11.185	2.147	1.486
18.701	11.752	10.891	9.200	7.177	2.085	3.280	9.161	2.924	11.170	0.432	6.789
1.755	11.060	10.814	0.887	0.091	5.949	0.418	17.817	5.644	11.147	1.650	14.458
10.084	13.236	12.575	0.272	6.414	9.003	3.594	13.881	4.853	10.142	1.328	10.417
6.015	11.346	9.881	3.165	4.686	9.333	0.208	18.009	1.567	11.137	2.401	12.009
17.592	13.511	9.829	2.875	6.234	9.372	2.677	2.221	1.553	12.112	1.607	13.862
10.404	11.346	10.967	5.733	0.251	8.447	1.120	10.569	7.601	10.252	1.095	6.892
12.617	11.739	12.254	0.040	2.690	1.240	2.240	13.045	2.263	11.936	0.060	1.109
6.843	10.154	12.031	7.323	6.837	7.534	3.787	2.479	4.608	8.710	0.166	10.103
3.413	12.259	13.554	1.738	9.416	3.691	0.956	5.105	7.767	9.700	1.759	1.974
17.821	12.213	11.443	3.018	2.537	0.009	1.312	19.733	0.318	11.446	2.806	9.276
5.702	10.973	11.480	8.636	8.141	6.165	1.730	4.298	2.302	10.960	2.944	3.780
1.468	12.228	10.304	5.355	6.316	5.612	3.675	15.865	2.878	10.648	4.139	9.558
19.039	9.868	12.238	2.172	2.766	9.384	3.766	14.982	0.846	8.539	1.466	14.996
18.078	11.212	12.324	4.301	0.972	7.497	0.782	15.368	0.574	9.926	1.524	16.596
1.181	11.529	10.556	4.110	9.229	5.854	3.251	1.756	0.975	12.822	4.545	11.072
0.486	9.647	9.072	3.268	1.641	1.891	4.366	1.362	0.786	10.789	3.106	3.324
13.004	10.778	9.502	8.097	2.164	6.738	4.052	19.318	5.672	13.775	3.619	10.378
3.798	10.422	11.915	8.892	8.086	8.798	4.231	15.897	8.657	10.887	4.244	11.172
7.419	11.565	11.528	8.380	1.829	4.041	1.615	1.744	0.612	11.824	3.539	18.005
12.798	11.219	11.225	6.457	9.124	2.457	1.769	10.938	5.411	9.866	2.690	14.511
5.731	11.407	9.810	2.034	9.714	8.832	3.379	3.409	8.233	10.972	2.475	2.826
11.273	10.927	9.737	1.421	8.350	0.588	1.666	1.819	6.047	12.985	3.990	4.653
6.754	12.503	12.008	4.705	5.777	0.698	2.557	10.137	4.684	10.149	4.749	10.826
17.803	9.891	11.813	4.455	9.833	1.688	0.722	12.602	6.678	7.525	1.780	4.269
8.960	11.801	13.053	4.759	4.204	6.952	1.329	12.545	2.266	11.359	1.096	2.036
9.333	10.543	9.600	8.357	7.201	2.325	1.436	3.862	2.439	12.000	3.637	0.574
18.402	10.798	11.332	2.616	5.574	4.867	1.392	5.416	2.764	9.617	1.222	1.216
16.950	12.110	11.422	2.433	6.218	8.018	2.897	4.378	0.722	9.256	2.391	5.712
0.765	11.811	11.725	4.621	3.941	4.112	2.881	2.414	0.376	9.614	3.505	13.526
18.958	10.324	11.596	9.006	5.432	9.323	4.705	17.264	3.103	11.988	4.517	13.447
15.377	11.044	11.648	5.212	9.449	3.279	1.824	2.772	3.304	12.328	4.398	16.862
9.515	10.743	11.848	1.235	4.244	0.940	1.220	4.405	4.566	11.149	1.566	9.162
9.738	11.652	11.588	2.079	0.573	0.557	2.162	7.978	6.505	9.354	1.997	3.093
7.824	10.130	12.108	9.689	2.231	9.443	2.242	15.291	7.115	10.215	4.768	14.579
0.705	11.558	12.515	5.686	2.255	9.843	3.599	5.047	6.700	8.744	2.260	3.006
14.680	10.473	9.272	4.493	3.575	8.858	3.262	13.528	8.036	10.781	4.989	17.837
7.121	11.419	11.955	4.819	3.155	0.753	0.870	19.605	1.925	9.801	2.986	8.771
8.369	11.207	10.022	7.354	2.538	8.732	4.046	10.006	4.363	10.581	0.735	17.756
7.650	11.296	11.471	6.819	6.474	1.326	0.853	14.832	0.246	12.052	0.598	14.469
3.148	11.643	10.408	9.960	2.039	8.628	1.272	8.645	3.876	11.557	4.674	7.647
2.338	11.503	12.213	9.491	4.441	7.004	4.747	0.908	8.409	11.269	3.659	16.205
19.541	10.256	11.249	5.336	7.420	8.747	2.999	18.122	8.048	11.322	0.432	3.448
3.866	11.146	10.818	6.620	9.723	4.060	2.128	6.988	6.543	10.498	2.699	3.694
1.645	7.781	10.958	6.626	6.257	6.479	4.228	5.884	2.209	10.657	1.754	10.895
6.776	13.147	10.075	1.297	3.999	4.995	4.196	18.944	1.046	10.273	3.908	18.540
3.830	10.123	11.235	1.417	4.102	8.198	3.755	18.815	2.788	11.398	2.575	18.356
8.326	11.714	9.373	2.118	0.956	8.027	0.739	13.416	3.893	10.420	0.950	11.124
8.462	12.526	11.834	4.220	0.172	4.006	1.709	11.315	2.623	10.207	0.889	3.077
6.608	11.874	10.377	4.884	2.284	6.601	3.403	1.283	1.567	12.188	1.158	7.633
5.125	10.687	11.514	8.187	8.946	6.862	0.129	18.899	2.342	12.512	0.531	3.431
7.928	11.778	11.056	9.023	9.824	4.400	4.386	13.940	2.041	10.623	4.835	18.143
2.324	10.942	11.293	0.110	2.880	6.927	3.776	4.264	6.224	11.051	0.069	9.961
4.601	10.838	10.288	0.261	3.720	5.514	4.659	14.021	8.964	10.641	3.527	3.979
11.653	10.807	11.107	4.272	5.548	4.835	4.898	13.453	6.379	10.535	4.735	15.752
3.319	10.632	11.653	9.745	7.945	2.969	1.908	8.077	7.973	9.769	1.629	0.818
6.140	10.431	11.223	8.018	0.740	4.583	0.330	4.333	0.785	10.353	3.663	12.844
19.371	12.737	10.259	8.169	7.965	6.164	2.935	3.821	2.446	11.843	3.141	15.417
11.005	10.731	12.470	0.715	0.454	8.755	0.717	10.185	8.206	12.052	2.415	17.301
11.286	9.716	9.419	8.113	4.602	0.923	3.912	8.634	4.155	11.689	0.256	16.765
13.373	9.611	11.246	0.261	9.946	2.715	4.381	9.033	5.538	10.741	4.674	11.676
12.310	10.966	12.193	3.556	6.237	0.969	0.350	4.232	6.799	11.080	3.405	1.378
10.952	8.871	9.600	8.118	8.070	7.036	4.608	9.002	5.688	11.889	3.963	17.300
14.759	9.222	12.322	5.931	3.068	1.628	4.832	11.715	7.189	11.555	1.104	6.213
19.674	9.553	11.300	6.714	4.755	3.062	4.381	1.585	6.389	11.071	1.664	16.586
14.578	11.115	11.980	0.033	8.495	4.329	0.490	5.548	2.712	10.336	0.747	8.140
10.017	12.501	12.290	0.754	5.373	3.310	3.903	0.783	5.557	12.202	4.065	14.447
8.947	10.530	12.205	1.885	3.881	4.405	3.382	12.722	0.352	11.711	2.931	11.715
16.484	10.375	11.440	6.229	6.426	3.624	0.748	6.408	5.811	9.393	1.576	15.954
5.622	12.424	9.323	8.494	9.782	0.112	0.637	10.648	7.769	12.286	0.930	11.685
0.201	12.196	11.621	0.582	3.843	9.349	0.017	17.898	3.333	10.107	2.128	10.280
8.935	10.081	12.585	2.484	4.391	4.586	2.924	18.893	4.605	11.154	1.372	18.607
1.966	11.345	9.462	0.395	4.652	3.759	0.020	1.401	9.153	10.931	0.724	2.027
4.931	10.073	10.024	5.663	8.225	4.877	4.646	1.342	0.234	12.133	3.549	10.809
16.869	9.632	12.239	3.390	4.244	2.447	2.448	8.807	9.870	12.445	1.843	10.041
6.942	11.428	10.147	3.375	3.129	7.103	3.224	15.833	5.742	12.716	0.567	14.742
1.324	9.955	11.034	6.527	8.232	4.562	2.507	4.593	2.486	11.103	0.674	14.349
0.921	9.774	11.613	0.389	8.262	6.730	3.873	0.079	8.370	10.296	3.935	17.623
11.745	12.598	10.102	6.526	0.582	2.315	3.259	2.717	0.641	10.370	3.406	2.228
8.920	11.501	9.932	1.233	5.096	8.222	0.017	17.939	4.321	11.285	0.870	6.565
14.287	11.400	10.115	3.655	0.523	9.058	2.923	5.487	9.801	10.821	2.054	18.544
9.345	11.199	11.827	4.221	6.655	0.691	2.655	4.006	8.818	10.263	3.760	11.163
8.287	10.664	10.785	4.101	6.135	4.556	3.714	18.051	0.304	11.977	2.469	4.597
4.382	11.526	11.439	0.539	6.533	3.537	4.290	3.096	8.364	10.283	0.778	9.443
12.274	10.817	10.424	9.926	1.006	1.388	2.152	6.838	1.314	11.342	2.383	14.049
12.680	10.224	12.068	2.507	1.235	0.125	3.721	16.073	0.259	11.041	4.180	15.800
12.749	10.465	9.893	5.201	0.437	2.476	2.012	17.025	9.086	10.219	3.905	11.913
2.347	10.084	10.301	1.600	7.534	8.957	1.142	3.985	3.577	12.777	1.778	7.887
8.524	11.669	9.258	0.736	0.360	0.683	2.089	6.911	7.979	10.910	2.982	14.879
14.121	10.136	10.916	8.475	1.320	1.934	0.525	16.805	7.270	9.726	1.266	18.599
0.474	12.393	10.828	5.002	2.307	6.416	2.304	18.727	0.620	9.873	4.849	1.736
16.812	11.192	12.831	7.121	8.391	4.349	1.442	0.786	3.430	12.120	0.197	13.044
13.702	10.864	10.841	5.669	5.325	6.469	2.993	0.779	6.570	10.025	1.189	10.655
0.073	11.679	10.031	6.031	4.409	9.152	3.915	13.435	1.931	9.255	4.893	3.948
16.678	11.402	11.982	1.598	0.165	5.335	0.997	18.032	5.422	11.693	0.984	1.038
0.904	11.342	10.581	7.718	4.319	1.104	4.494	10.801	5.806	9.955	3.925	13.373
1.929	10.986	10.248	3.575	8.774	9.532	3.431	3.184	2.023	10.670	3.764	11.092
0.117	10.293	9.704	2.661	7.762	0.947	2.295	5.216	4.488	10.607	3.213	2.250
11.194	10.150	13.122	1.087	3.254	9.975	4.083	7.606	3.019	12.493	1.708	5.032
5.695	10.676	12.930	6.469	8.562	6.364	1.529	4.717	2.990	9.988	1.440	13.909
5.890	10.643	10.909	4.409	6.888	9.610	4.380	18.107	3.045	10.606	0.930	10.161
9.225	12.123	8.588	3.136	7.727	3.183	4.984	15.116	5.094	11.193	4.536	12.887
16.882	12.853	9.899	5.414	0.826	3.690	4.287	12.348	5.130	10.311	4.330	14.097
13.829	12.015	10.613	4.798	2.665	3.321	0.392	2.726	2.571	9.624	3.126	4.401
14.838	10.675	10.481	2.689	9.456	2.049	4.863	7.606	4.300	11.380	3.879	7.406
17.894	11.032	10.714	7.778	3.355	7.402	3.161	8.039	6.956	11.367	3.132	10.132
7.340	10.958	10.176	0.184	6.827	8.613	0.591	14.250	9.516	10.290	2.196	3.524
17.590	10.802	9.415	7.321	4.155	5.090	2.518	11.144	4.376	12.093	2.483	19.037
2.128	11.378	11.551	5.836	3.560	3.645	0.304	3.264	0.199	10.669	1.566	10.533
14.391	10.371	10.134	6.524	3.170	6.521	2.429	1.711	3.967	10.494	3.032	12.833
13.673	11.674	10.876	1.706	8.775	7.523	1.991	0.965	0.395	10.361	2.338	9.571
7.438	11.173	10.533	4.903	8.847	4.164	3.776	2.412	1.043	11.172	2.426	1.977
9.910	11.552	10.203	8.395	0.916	6.351	3.705	17.177	0.829	11.876	4.580	0.695
3.440	11.221	10.562	0.426	8.119	8.899	0.846	1.318	8.280	10.934	1.420	9.457
4.991	11.133	11.889	0.757	0.234	7.114	2.445	2.005	8.473	10.896	1.300	6.505
19.640	9.978	10.034	1.008	0.118	1.599	1.982	15.276	2.492	10.454	0.131	13.640
6.654	11.630	10.392	3.253	8.488	9.489	3.804	8.246	1.154	10.782	3.114	1.229
2.765	10.842	10.131	2.247	4.282	1.607	0.215	4.587	2.303	11.037	3.170	19.920
5.615	10.517	10.816	6.103	0.705	1.616	2.928	7.618	8.857	9.170	3.381	0.745
2.695	10.292	9.490	6.406	0.701	4.677	4.672	5.923	6.848	10.803	3.379	7.540
13.338	9.329	11.582	7.726	2.228	5.063	0.376	5.369	6.262	12.063	1.163	5.808
2.901	11.212	11.189	3.659	4.549	9.560	1.964	17.092	4.918	10.813	3.641	3.583
1.923	10.580	12.842	7.749	0.795	4.024	0.917	4.876	1.893	9.782	2.275	7.959
14.263	12.859	10.296	5.110	4.287	1.039	3.018	3.199	1.165	11.771	3.702	7.323
12.057	13.584	11.712	9.241	1.312	0.171	2.914	19.939	3.292	12.024	1.072	7.234
8.458	10.391	9.933	0.185	5.942	9.772	4.600	12.789	9.343	9.596	0.859	9.641
5.946	11.881	8.968	2.010	8.686	1.885	1.995	19.590	9.871	9.882	4.300	1.309
3.443	10.438	10.663	6.690	6.263	9.852	1.180	18.975	3.463	11.933	4.781	14.859
19.409	9.708	10.842	4.847	2.710	0.767	2.995	15.477	8.875	11.616	4.227	8.214
17.332	11.511	11.910	5.617	1.908	8.730	3.335	11.126	7.885	9.231	1.040	0.100
