0.373335956	0.523233073	0.19126966	0.235927463	0.453552261	0.343365421
0.443183838	0.39669285	0.112942568	0.309688221	0.467945419	0.269237611
0.454070382	0.37213254	0.059505792	0.176604419	0.450709545	0.139950438
0.418289718	0.422760254	0.084964219	0.117087897	0.389202155	0.950077853
0.40685614	0.452200343	0.10505053	0.027030325	0.445857546	0.859766137
0.356571781	0.373233007	0.122932733	0.246608825	0.425954669	0.317198492
0.435421789	0.382329833	0.059117717	0.2803678	0.398595526	0.676582082
0.488509396	0.447309532	0.01813457	0.13493761	0.364693872	0.84795304
0.435774883	0.444373104	0.083429416	0.098805143	0.366953784	0.256402247
0.463272432	0.40969459	0.080886148	0.223764722	0.404639377	0.881655095
0.459188165	0.367075846	0.028062647	0.055639674	0.358859866	0.746123579
0.400462495	0.36935148	0.125236721	0.370593441	0.402698333	0.203465312
0.459474594	0.433295946	0.104414578	0.141105503	0.396196453	0.044769174
0.475973858	0.330404067	0.014553454	0.317842135	0.423784909	0.167482678
0.466360196	0.354582579	0.061804548	0.343613394	0.312780622	0.611723033
0.436715535	0.371131409	0.075447806	0.016381866	0.42181185	0.150509952
0.447094587	0.424560422	0.132884694	0.286917579	0.351014559	0.896883126
0.446790576	0.357021915	0.055288232	0.008864441	0.436873399	0.296724082
0.471201544	0.455626723	0.111329305	0.086264802	0.359416474	0.059065811
0.36585628	0.382880235	0.000569538	0.228367385	0.321379662	0.201945206
0.440800715	0.415502163	0.056725558	0.130943264	0.411563555	0.394982176
0.425262284	0.40951871	0.126358555	0.082575465	0.381425767	0.813298752
0.394466754	0.422688217	0.055287619	0.042599349	0.369295938	0.647743355
0.392282539	0.424917621	0.033414161	0.225844648	0.43502305	0.939816824
0.331386416	0.435741019	0.175385164	0.074590097	0.462002676	0.622452483
0.417471695	0.392733848	0.019290946	0.334992448	0.432991515	0.831512474
0.390786566	0.303616268	0.203379514	0.037231892	0.459814557	0.169619593
0.390650404	0.436524896	0.074875731	0.318690706	0.395043706	0.377187956
0.397196586	0.37692653	0.086428984	0.006530749	0.469507069	0.353746137
0.486683158	0.409411622	0.102842388	0.073535831	0.399816629	0.24268409
0.478602672	0.403180001	0.054168621	0.015818678	0.377767748	0.63275892
0.530651783	0.416300948	0.141430606	0.108034969	0.479360404	0.254357741
0.408240569	0.383428455	0.074351792	0.07385733	0.337623173	0.82207918
0.400446882	0.379086086	0.023847825	0.182559759	0.426055399	0.87356076
0.339285699	0.43589962	0.121214689	0.010148712	0.355165873	0.139822355
0.455817063	0.391903017	0.100637587	0.233594755	0.431737245	0.095174932
0.390618582	0.354340611	0.12399862	0.129915478	0.336261241	0.838201472
0.358662196	0.492916506	0.057634914	0.158822617	0.449446865	0.346112493
0.460007974	0.426423329	0	0.271329901	0.411875369	0.153059031
0.48556981	0.451933718	0.068476827	0.048810177	0.429011931	0.961159064
0.434917318	0.409811736	0.13271227	0.332717812	0.402522698	0.561767312
0.393027468	0.420693444	0.142784378	0.197561731	0.424275142	0.507292588
0.449323049	0.470522358	0.16105044	0.213606979	0.412555297	0.900818126
0.432102903	0.425161068	0.091184528	0.330653858	0.362722102	0.846072658
0.416811308	0.385051695	0.008015111	0.197161801	0.386466253	0.191725895
0.416876871	0.464325294	0.10410517	0.198636491	0.476608963	0.688172794
0.436348866	0.315025613	0.065853612	0.277536987	0.303875007	0.565379578
0.336080979	0.405548889	0.073868268	0.252606614	0.420398493	0.170538648
0.44991903	0.402019935	0.045310303	0.125892823	0.423153631	0.222064762
0.475459262	0.516126852	0.114243787	0.366578524	0.403260654	0.274673835
0.39425562	0.424615042	0.101838412	0.227992616	0.359693116	0.781828998
0.40315609	0.388644341	0.060958036	0	0.417511509	0.482429548
0.420177374	0.355755739	0.155639955	0.206076485	0.499670822	0.210682263
0.44345115	0.356159313	0.055598221	0.251314244	0.373988649	0.178980653
0.396819286	0.433886511	0.004274384	0.061774253	0.4045544	0.58508072
0.461986157	0.427555701	0.017773678	0.251281567	0.386017971	0.050011146
0.418910707	0.424817989	0.03364669	0.305744859	0.437604836	0.036015743
0.415533415	0.485370489	0.02909796	0.243319225	0.402522845	0.496707638
0.348140547	0.354101486	0.080959864	0.228294859	0.456946763	0.060660647
0.434627987	0.417933116	0.211933566	0.294188908	0.428697759	0.562096325
0.478157596	0.409893022	0.071621858	0.09445993	0.40966227	0.18435956
0.437668899	0.405114875	0.079712391	0.1127517	0.432739894	0.558632543
0.477536893	0.39054249	0.070650038	0.204758485	0.366708142	0.014421098
0.46666571	0.414150915	0.090293423	0.35664259	0.455177192	0.532220234
0.369236587	0.423304054	0.12758596	0.083656762	0.404847213	0.999926821
0.454655887	0.430480154	0.059259344	0.274613656	0.473985005	0.713876922
0.410201263	0.390143356	0.082367018	0.047080311	0.470080001	0.745888319
0.414307976	0.424254415	0.083954453	0.306939145	0.410800375	0.071547195
0.370920648	0.405327187	0.052632319	0.139362871	0.397306206	0.451506796
0.39714541	0.394624173	0.120930759	0.325504453	0.428480783	0.166376166
0.430700385	0.355396817	0.180209496	0.211950973	0.385079907	0.332282274
0.426309281	0.40252463	0.120632897	0.116557874	0.420442157	0.708271814
0.414472276	0.461013941	0.143531154	0.308426371	0.451029201	0.548561909
0.487572453	0.33141958	0.101714852	0.30535787	0.412507545	0.215285368
0.464045355	0.473300823	0.077838556	0.143116141	0.349352342	0.552714339
0.414955651	0.376282799	0.089174566	0.178428951	0.522742956	0.883287031
0.358736743	0.41233079	0.035083231	0.325192998	0.374012567	0.785545534
0.454804518	0.373091569	0.102212678	0.200378028	0.439551328	0.578189948
0.479809296	0.378328514	0.044927872	0.032670853	0.40295399	0.371980569
0.396384239	0.389456392	0.047745847	0.053386675	0.379136438	0.334466702
0.40035701	0.379368185	0.091793866	0.048871673	0.418732253	0.153546318
0.455185895	0.366448862	0.075269462	0.210136148	0.357521598	0.724168933
0.403424008	0.405400936	0.107942701	0.121234625	0.364990437	0.849165715
0.36177783	0.407526086	0.074671811	0.158109473	0.310881361	0.626885297
0.508683886	0.355111194	0.073962963	0.157204695	0.406595721	0.823299863
0.335567599	0.41029005	0.050430997	0.046284932	0.383843335	0.573130292
0.468355482	0.399389038	0.049756178	0.241288862	0.429269941	0.271789399
0.461838942	0.442300445	0.105414593	0.064577164	0.432052859	0.789907001
0.35183327	0.470706847	0.07143695	0.059220677	0.38413787	0.388372873
0.42596558	0.409972377	0.070666697	0.127468086	0.449356134	0.214318265
0.514251605	0.35173745	0.159265099	0.030482683	0.403739791	0.518493347
0.48431411	0.368373895	0.094231886	0.045725631	0.40794385	0.207899433
0.427879862	0.416864511	0.041922564	0.135703089	0.416025328	0.234496638
0.364547511	0.408845553	0.008610061	0.170950001	0.418102371	0.948215151
0.3946806	0.349443953	0.083174891	0.049900366	0.402002879	0.889813183
0.444626677	0.411713861	0.095033724	0.121701507	0.401497614	0.29548232
0.367683335	0.341824087	0.162376053	0.247387835	0.396699803	0.351871413
0.440230495	0.388339667	0.061423062	0.361608016	0.403406581	0.7771696
0.420840857	0.464052865	0.038865203	0.055977756	0.435756809	0.807766368
0.426326584	0.400313631	0.122468032	0.038074003	0.42306774	0.404216838
0.436273405	0.382851412	0.075972239	0.261092479	0.360374919	0.610558417
0.433652411	0.419807487	0.113910108	0.05823917	0.47273509	0.339086001
0.461377422	0.434405792	0.114028177	0.222038518	0.459415166	0.796391883
0.438076681	0.45154298	0.071210146	0.050308273	0.460443122	0.735648752
0.444335412	0.29806824	0.107574368	0.05494331	0.385775332	0.975785445
0.417757431	0.442536298	0.010614921	0.239380917	0.411888082	0.011894143
0.433349726	0.388679073	0.099590393	0.340629573	0.562415985	0.491459872
0.411147925	0.47268003	0.097542636	0.106078456	0.318131258	0.886386642
0.466284555	0.484386359	0.104021139	0.030337862	0.349208958	0.326426319
0.431630478	0.427302466	0.04560963	0.261693185	0.362731592	0.371121938
0.467009049	0.399816704	0.117352185	0.213276438	0.312987764	1
0.417526878	0.393728465	0.109879187	0.040903958	0.474192254	0.219460367
0.338226022	0.459619261	0.125394809	0.371438497	0.41679594	0.922566184
0.443070093	0.366362456	0.151405047	0.052795825	0.401365756	0.930475819
0.437885624	0.408310389	0.110868444	0.065981439	0.352965829	0.81428341
0.411066758	0.510349996	0.110680578	0.344163157	0.410869987	0.829850462
0.492529191	0.429699814	0.048395307	0.037723459	0.406099979	0.656450128
0.460443884	0.344729966	0.127954653	0.053397461	0.402348011	0.493856088
0.514505651	0.433974496	0.14922881	0.083814254	0.396077979	0.348330021
0.399394715	0.468112358	0.1678874	0.001486197	0.36617553	0.420198522
0.443989924	0.461070817	0.119162864	0.275218189	0.366080082	0.678992154
0.356763558	0.432255463	0.037053935	0.19059795	0.482947965	0.333340695
0.428824357	0.341676291	0.083001975	0.118984562	0.441222461	0.383838529
0.497332228	0.429417704	0.049422782	0.080281242	0.421895474	0.104445241
0.391205803	0.391286559	0.105584456	0.257335328	0.48295836	0.03098674
0.692948783	0.660062028	0.384303002	0.268671515	0.560158413	0.575107811
0.642872375	0.68355018	0.356299367	0.091052903	0.629694738	0.753729739
0.668936821	0.564639905	0.276008101	0.318930364	0.533479554	0.942516161
0.618698327	0.617395612	0.286379301	0.137426853	0.623221004	0.36693299
0.605207703	0.668171918	0.285624497	0.008542962	0.649281034	0.534081112
0.618072519	0.585949104	0.331853061	0.120896841	0.533724824	0.155983825
0.673162731	0.646381239	0.322605406	0.362051775	0.644541938	0.477929791
0.570034135	0.6518369	0.335959711	0.372391779	0.549924183	0.313943299
0.698803721	0.617429507	0.311792149	0.004536979	0.604786192	0.237497596
0.596995439	0.696142633	0.334812405	0.088069988	0.65252994	0.726211476
0.634165535	0.584786536	0.341169227	0.026705198	0.612792711	0.124430489
0.665901789	0.641627666	0.309255912	0.094760569	0.639555597	0.775879111
0.54607441	0.534940823	0.301192107	0.159092931	0.603063885	0.907620528
0.600723765	0.642444255	0.287183542	0.336558925	0.570870703	0.409831118
0.662622467	0.549130123	0.267424964	0.309846473	0.641726889	0.392838048
0.645121007	0.538910539	0.289897085	0.075392676	0.634573575	0.129079827
0.621515321	0.590470474	0.38188797	0.163767014	0.609131672	0.343347467
0.683226037	0.570465095	0.320064166	0.310750972	0.532606152	0.617730759
0.615182035	0.601215454	0.249574124	0.368284479	0.595844503	0.160029964
0.651157399	0.635889718	0.280263384	0.35190145	0.535595091	0.356418061
0.701195487	0.581389834	0.334726318	0.252719826	0.586810431	0.26909136
0.67869909	0.548998442	0.315688913	0.113551419	0.638794593	0.928328399
0.593552592	0.62725303	0.306077361	0.345193448	0.641010964	0.928174505
0.682188286	0.64445705	0.332932757	0.183029908	0.649891851	0.593080877
0.638993283	0.661430266	0.385490693	0.150844248	0.678727492	0.783998331
0.706527988	0.635197643	0.271416563	0.355988718	0.630684592	0.663217267
0.65314453	0.55278077	0.344440437	0.248584791	0.576031775	0.328182241
0.601977537	0.606525599	0.312159877	0.22620305	0.611924404	0.83556206
0.614085001	0.619735475	0.291422518	0.121952478	0.599032574	0.085917012
0.636954284	0.663227318	0.336133045	0.070779113	0.596982174	0.985621808
0.638002388	0.669631664	0.3548139	0.171208275	0.607673832	0.389735689
0.723627677	0.621110228	0.321345854	0.13756791	0.616736588	0.716574242
0.657561293	0.692020689	0.372200782	0.285812396	0.591739276	0.581135198
0.722442515	0.536898059	0.29001545	0.332672329	0.69836489	0.1242584
0.603554104	0.708217342	0.33604037	0.117359434	0.59740635	0.429989461
0.621589414	0.660038125	0.337483768	0.011217299	0.594520598	0.643044948
0.598596765	0.567085215	0.384793714	0.342551203	0.636757538	0.67189694
0.617008089	0.586067768	0.300685804	0.370532546	0.688328934	0.762571404
0.604122419	0.631975255	0.325660352	0.219815544	0.629466586	0.589187303
0.615545518	0.698868883	0.382089993	0.159421332	0.603957844	0.91439006
0.718531162	0.639927657	0.371102205	0.016245859	0.574293892	0.489597838
0.669697255	0.600440731	0.332510884	0.118855181	0.60527842	0
0.667960438	0.621585722	0.290723782	0.269005549	0.659574217	0.680905837
0.622972001	0.671845181	0.31035503	0.251670339	0.606588272	0.652572658
0.693309312	0.57989057	0.307036533	0.178326766	0.696637546	0.691580474
0.629605004	0.699372681	0.333318256	0.268196049	0.580450675	0.146369456
0.72759531	0.602193498	0.353497645	0.319152668	0.568781032	0.448883878
0.619154333	0.633894146	0.368305232	0.018929692	0.674984935	0.267191283
0.637658061	0.559592753	0.351320399	0.037659373	0.564896705	0.286871832
0.678097389	0.621512798	0.374004763	0.102068372	0.64278328	0.217306308
0.615374071	0.613941387	0.256770013	0.238284051	0.651058968	0.440602059
0.630398599	0.618179308	0.303868654	0.013042757	0.60729295	0.909849273
0.624138722	0.727003481	0.237934173	0.225424807	0.610557589	0.713523938
0.660684372	0.627641784	0.321215828	0.288571904	0.58613331	0.827065222
0.651802511	0.693352263	0.300858315	0.052382992	0.583728978	0.602152953
0.705564151	0.660081384	0.237102	0.241514983	0.59547531	0.193181846
0.617272737	0.630007449	0.335832356	0.104203535	0.629468697	0.233113026
0.591648313	0.610470563	0.307519474	0.339171922	0.608955645	0.039959739
0.631542695	0.592955516	0.287633133	0.287684302	0.682634371	0.465787045
0.514851619	0.63867655	0.422186969	0.274625614	0.695389586	0.923531427
0.633959739	0.522179403	0.342116309	0.237735369	0.64028811	0.880735995
0.580624308	0.680459586	0.373375316	0.274364358	0.51553728	0.602341715
0.676117693	0.654154529	0.310735173	0.310384086	0.624236269	0.976758822
0.721829617	0.61807433	0.355109941	0.206948352	0.660136335	0.337508161
0.610673571	0.673795622	0.292052567	0.240161602	0.593127371	0.716213761
0.618519341	0.706242267	0.331571303	0.052822107	0.563861727	0.680593089
0.644182448	0.594646277	0.33039166	0.058109228	0.590303432	0.051937924
0.693504372	0.556839705	0.282928145	0.033316232	0.706829206	0.792056991
0.5869085	0.6150813	0.275947491	0.179984731	0.551297224	0.483158457
0.683911176	0.533145508	0.364516947	0.253911124	0.528917479	0.958907264
0.664429995	0.694745663	0.346913029	0.260882232	0.643803517	0.665055706
0.602562817	0.522287972	0.264821325	0.064400008	0.584614992	0.393793053
0.704510703	0.514212034	0.292378427	0.303961623	0.552668218	0.994705841
0.70008006	0.616232245	0.331937412	0.1635076	0.590160063	0.266800136
0.65373754	0.617321295	0.326716864	0.328468946	0.606506324	0.185426047
0.563028799	0.520884337	0.248867785	0.040472775	0.567751435	0.453441279
0.586915998	0.658090794	0.260003249	0.246618866	0.652776363	0.694032393
0.614196686	0.624303952	0.276718491	0.375554157	0.617587387	0.739942267
0.613655932	0.610585265	0.308800055	0.313577951	0.646303674	0.022233712
0.649563372	0.593515826	0.416492725	0.092986797	0.599671499	0.294820749
0.67797484	0.635280851	0.287916277	0.326228773	0.596661383	0.809853218
0.719120273	0.708574611	0.32427433	0.257653814	0.635840364	0.020126896
0.697878535	0.575011871	0.320972656	0.016360791	0.618050047	0.889833528
0.664420745	0.69004435	0.266698464	0.13881826	0.60192345	0.627375544
0.560162601	0.664066841	0.362179122	0.243272892	0.624816658	0.576245174
0.595612071	0.559466133	0.375332562	0.10293388	0.557069479	0.914740492
0.587488812	0.580038603	0.307234446	0.22187592	0.652573972	0.167086493
0.651993254	0.665790675	0.343611164	0.085611396	0.531492962	0.926372144
0.687176373	0.683133243	0.393748316	0.323141901	0.639667988	0.196020295
0.64850955	0.587231947	0.336466826	0.20174296	0.634008265	0.779403394
0.708451501	0.646560031	0.34378948	0.350451687	0.564550908	0.707973751
0.67740301	0.589178984	0.368634935	0.146238636	0.584637111	0.746244677
0.668223949	0.650388955	0.276913472	0.33108801	0.689506235	0.994564166
0.623182349	0.559332204	0.364508325	0.196195065	0.612763679	0.526742207
0.611776634	0.616322002	0.376609336	0.152087306	0.640830738	0.432200898
0.598970348	0.631741681	0.32186491	0.216502266	0.590755523	0.208070092
0.65548971	0.687378439	0.288273819	0.226271852	0.5385603	0.15173221
0.75690362	0.62893673	0.34666903	0.251606224	0.536164938	0.299578721
0.570892918	0.570295498	0.314651134	0.223088388	0.611059085	0.847707005
0.624716677	0.658566916	0.300142545	0.005339164	0.677769917	0.50851519
0.690636937	0.596641396	0.335851537	0.091095906	0.595629458	0.707007042
0.615601436	0.614126248	0.301832075	0.127359864	0.626109042	0.113252489
0.642228538	0.635694339	0.324947474	0.022600527	0.566994062	0.120565472
0.630922424	0.675434821	0.360923976	0.265768233	0.640410766	0.477699215
0.560129798	0.635907725	0.347570901	0.200556408	0.562805905	0.296180506
0.588864818	0.681274408	0.328185562	0.27197623	0.562783953	0.985843898
0.580918148	0.616638048	0.343903444	0.045509415	0.607895733	0.588246463
0.607282355	0.671192914	0.325832953	0.206925336	0.604667008	0.043256698
0.651396383	0.606468113	0.373895607	0.306004494	0.582656654	0.108534986
0.584150665	0.585060789	0.27627254	0.060689038	0.57347885	0.001079038
0.678773439	0.627766622	0.295121754	0.26145316	0.578782904	0.32896655
0.684143627	0.642671151	0.333664445	0.178591539	0.583391297	0.024214997
0.60340184	0.607354607	0.270812914	0.239208016	0.550728666	0.453939127
0.664592612	0.627367096	0.352811736	0.229873886	0.522272132	0.620865819
0.658339834	0.671255613	0.3004462	0.123897544	0.598535064	0.592493999
0.665498918	0.579202426	0.24379471	0.294975917	0.586203093	0.104576659
0.68434507	0.632526596	0.248599886	0.053377396	0.60683624	0.365713097
0.664993513	0.615995616	0.336401194	0.300253798	0.64231821	0.068741868
0.615948844	0.610142958	0.329701352	0.164880908	0.592532406	0.365709333
0.684391437	0.652069562	0.259204292	0.254054152	0.544057461	0.895003452
0.633445712	0.662942838	0.265889235	0.241843031	0.623464263	0.958541325
0.624629294	0.707082352	0.292405892	0.203109571	0.639720424	0.704441352
0.564125383	0.707343584	0.275204634	0.201658938	0.656052488	0.235713862
0.61044998	0.653980134	0.308430115	0.044792486	0.615479679	0.349849401
0.533070673	0.63121409	0.282855703	0.139708108	0.678257968	0.308882999
0.122574146	0.075455472	0.76869425	0.178091311	0.122566386	0.532035644
0.12578995	0.154342399	0.331657999	0.218060843	0.089032047	0.185611442
0.147640405	0.173871884	0.809912798	0.347209898	0.047580413	0.240551387
0.123468549	0.150241154	0.788347363	0.024512429	0.12314491	0.266993369
0.142906016	0.159983567	0.241459596	0.298954256	0	0.337838422
0.137042511	0.067501059	0.637306934	0.056135449	0.033448445	0.294540013
0.136955222	0.097840176	0.119545251	0.266546537	0.13754174	0.280405476
0.125809337	0.133172	0.614808418	0.154383749	0.108912651	0.366960107
0.189924162	0.09656426	0.328493339	0.117844555	0.137217851	0.282104958
0.131313974	0.026927497	0.932528355	0.049489376	0.109285762	0.129401415
0.044867959	0.00752846	0.249392789	0.254975188	0.114390005	0.304398902
0.138282757	0.074243355	0.1907377	0.311394284	0.000789101	0.089886012
0.094803728	0.039484916	0.376036729	0.038648692	0.156024679	0.232949613
0.129345134	0.042853099	0.627370099	0.000123645	0.139070822	0.189200617
0.127060933	0.122267441	0.130613543	0.354034003	0.108347565	0.331244242
0.123500336	0.100718468	0.136867145	0.194502069	0.160465667	0.304758949
0.110380612	0.054131546	0.367744488	0.308753257	0.120868998	0.339477954
0.096002818	0.151215668	0.841574515	0.21806849	0.055444896	0.28340908
0.088682915	0.11191322	0.253348518	0.056233087	0.061262082	0.220265748
0.144392161	0.081796416	0.327759471	0.178144233	0.094729424	0.311660507
0.215641319	0.09568535	0.942284687	0.32397861	0.088328276	0.346412892
0.151462088	0.127075372	0.795725294	0.113082283	0.186595107	0.256802658
0.11224075	0.114418917	0.518174479	0.191109428	0.157137769	0.277036672
0.147872044	0.05552578	0.399906229	0.213084325	0.139985263	0.093152653
0.10037141	0.159921331	0.628852001	0.33773969	0.027527565	0.260259096
0.147898603	0.124639371	0.123722686	0.159933593	0.118808889	0.334972956
0.09002318	0.049632291	0.563100533	0.375993205	0.084978163	0.383413728
0.088304349	0.076891972	0.81454794	0.279589886	0.112260111	0.232496849
0.016472451	0.129989675	0.71096819	0.138579672	0.088503249	0.394016431
0.164362749	0.058708136	0.734259759	0.085756028	0.15964361	0.41279235
0.147855157	0.132172864	0.600856656	0.276553252	0.006837357	0.287479889
0.083480638	0.012085259	0.402866462	0.143927013	0.08685677	0.173358601
0.158075418	0.175768658	0.690356263	0.339227035	0.050090195	0.260621515
0.146838646	0.143209923	0.310067591	0.017135746	0.186808554	0.252171845
0.161148094	0.137684933	0.104849169	0.333675485	0.06457956	0.503729907
0.162652279	0.159792381	0.491085973	0.336843977	0.157650857	0.329779671
0.140231636	0.074999455	0.34036351	0.200421496	0.157744896	0.201192075
0.1412068	0.174136704	0.834641713	0.137938173	0.09686984	0.198563505
0.115670229	0.265076126	0.193859169	0.190078821	0.1183522	0.166736462
0.092861528	0.081599476	0.23107533	0.144138979	0.124049062	0.40586616
0.082805515	0.12597327	0.989251727	0.065777871	0.169181753	0.274873086
0.19704735	0.157362071	0.951922918	0.069245596	0.138604089	0.231330846
0.135471688	0.054366284	0.82434835	0.079872529	0.094869797	0.282159341
0.096715904	0.019514137	0.550219523	0.349810863	0.060618073	0.198506288
0.111405414	0.109705289	0.920809812	0.027312713	0.116716601	0.419992706
0.095524365	0.103936067	0.47296015	0.263206553	0.093895491	0.239705684
0.120337498	0.156941141	0.690306175	0.055787944	0.103345887	0.146463182
0.108195571	0.030455468	0.718524409	0.014623959	0.107629343	0.148886422
0.054815422	0.105518277	0.934990168	0.108840175	0.09400161	0.367871108
0.104574885	0.116066946	0.682375134	0.229026184	0.129468564	0.406937136
0.081049912	0.166669427	0.604990035	0.272606422	0.131771836	0.121869611
0.116073731	0.15488598	0.428103823	0.136620501	0.016784266	0.343965305
0.044736871	0.118703046	0.429140459	0.250322294	0.181474367	0.386031313
0.121165105	0.162552766	0.852374033	0.26318938	0.179411173	0.091868433
0	0.10953681	0.319147709	0.310482461	0.108687143	0.437783665
0.187876033	0.097697854	0.821586036	0.202382203	0.192102613	0.324939515
0.154673408	0.137820763	0.674082035	0.170743209	0.143910916	0.362800802
0.116967351	0.115275157	0.886306372	0.281584285	0.107072642	0.171801554
0.082184872	0.230695358	0.769384092	0.019457991	0.116504422	0.142812949
0.104869268	0.099312469	0.655942526	0.015417402	0.079386423	0.376811304
0.117033599	0.09380729	0.336442751	0.052171397	0.112289668	0.270379366
0.156962114	0.114413649	0.781401798	0.296686975	0.111994667	0.334274658
0.137415801	0.11529303	0.120155413	0.35544688	0.085203329	0.378857203
0.09755513	0.104384707	0.656346651	0.148976663	0.087055578	0.18841632
0.133195452	0.105601643	0.163910035	0.326179063	0.040991732	0.163649181
0.185661242	0.077947735	0.989264258	0.290940727	0.118467744	0.101401025
0.095307644	0.089973102	0.14865151	0.206284253	0.180449515	0.34216423
0.076321831	0.088257777	0.985083273	0.095599323	0.121456325	0.225840975
0.074379253	0.156179461	0.977533459	0.013199195	0.166064139	0.265501433
0.095400006	0.113049594	0.787155807	0.340431175	0.02172792	0.323034926
0.127898064	0.101119729	0.156787909	0.222686797	0.12220485	0.324750191
0.14051555	0.117793328	0.193174443	0.284484841	0.146058562	0.257501743
0.113246251	0.165056009	0.293253673	0.08830547	0.094390029	0.196985651
0.096351878	0.057219942	0.438913236	0.014610682	0.082489274	0.239395475
0.074943809	0.057481411	0.726086044	0.356966041	0.09172417	0.252605722
0.156652121	0.162101247	0.31507693	0.328662295	0.141266765	0.303131292
0.198102374	0.130573007	0.262062383	0.289838783	0.142654089	0.350476164
0.117033974	0.139088931	0.517546731	0.221552925	0.167401659	0.231788243
0.139230576	0.099001828	0.760548428	0.293617095	0.14193377	0.387228061
0.110274381	0.067092864	0.542813238	0.342024816	0.075932678	0.212782973
0.196184526	0.057392368	0.560683832	0.189150555	0.097805714	0.322737023
0.116813621	0.112653351	0.600324727	0.247361681	0.089631186	0.32756453
0.103260677	0.147916947	0.886199625	0.309646429	0.087081872	0.391637573
0.101945462	0.096339766	0.363851891	0.200756698	0.152430192	0.170659566
0.137012635	0.134446132	0.200998186	0.197821657	0.078648085	0.223442922
0.10942649	0.169840728	0.520401393	0.191113161	0.208738942	0.229655546
0.095866593	0.053919181	0.291471053	0.272389649	0.084416658	0.331307462
0.103352563	0.064544547	0.263837236	0.107958769	0.171095781	0.213917643
0.111696613	0.02942674	0.229412735	0.290686059	0.06429315	0.345599708
0.181023314	0.027198941	0.358725817	0.124873729	0.087048661	0.235031691
0.080848362	0.141099044	1	0.086028081	0.123685363	0.273745263
0.065926872	0.082265434	0.289442948	0.200789387	0.09385363	0.185108035
0.143420372	0.018378507	0.19786755	0.023773696	0.083434865	0.299554929
0.13523287	0.11121658	0.118496988	0.099336175	0.124316014	0.284459663
0.165029424	0.068314278	0.438096142	0.252327679	0.049734797	0.23840959
0.097734851	0.112528216	0.383715552	0.263418567	0.143885861	0.409812365
0.176625461	0.191503709	0.123114023	0.239407455	0.092590267	0.323685655
0.159962904	0.073865332	0.484023309	0.300044874	0.213691653	0.354394847
0.118009576	0.192454968	0.704244347	0.252390531	0.11362882	0.081972871
0.073132176	0.085675997	0.612321325	0.087159098	0.090234882	0.366187975
0.146490227	0.021451327	0.858701945	0.336109107	0.052357434	0.170821908
0.109035464	0.095578821	0.470840475	0.237665386	0.039209036	0.266201538
0.132553114	0.178994959	0.314465229	0.152900109	0.091890982	0.369688612
0.13242352	0.091705445	0.549567797	0.370516524	0.182797447	0.227250886
0.144168851	0.130344343	0.816704806	0.136676953	0.092694638	0.238253554
0.12233961	0.119374104	0.889685188	0.241281512	0.135028283	0.365196843
0.158647988	0.103448449	0.949801954	0.127081769	0.109409216	0.491380533
0.166446949	0.105503691	0.71903513	0.071421017	0.047277308	0.240022762
0.15168565	0.11831447	0.922426446	0.162351915	0.136260239	0.222043886
0.07308912	0.131799648	0.828750076	0.049313903	0.112361493	0.35632357
0.075711498	0.126274223	0.267720789	0.151834153	0.129481286	0.288737033
0.091217466	5.55112E-17	0.372454639	0.248408061	0.125715923	0.287587368
0.183673801	0.064317933	0.771762033	0.176307259	0.100027543	0.452268641
0.064719861	0.152076882	0.507229512	0.288149565	0.091826182	0.328865793
0.067076258	0.066662675	0.363712728	0.355654945	0.0944355	0.317296571
0.113366895	0.171333984	0.49102309	0.264856026	0.076093741	0.338305297
0.126787605	0.054948223	0.926243508	0.180698182	0.103993768	0.238652888
0.148867286	0.079966337	0.56591189	0.303600419	0.092493493	0.312402947
0.154651395	0.032048822	0.120176216	0.283326647	0.200544869	0.362357874
0.055726453	0.144381732	0.466631625	0.097426679	0.073256328	0.199613981
0.078895369	0.030449583	0.585709135	0.227505695	0.044067181	0.438705089
0.13886125	0.198934091	0.275497156	0.171985275	0.138550982	0.426098985
0.050973773	0.072796294	0.489910384	0.319612609	0.091734785	0.277676231
0.049574422	0.165240298	0.316039156	0.321801241	0.116845688	0.499345386
0.064581042	0.10124174	0.729512412	0.29300623	0.184994506	0.258799149
0.95494479	0.933691747	0.309223162	0.919448704	0.865466539	0.370043675
0.830627811	0.800206536	0.377190676	0.804080442	0.782999292	0.598431934
0.929518765	0.824740042	0.437925739	0.849802554	0.874062311	0.097134099
0.791892169	0.924363088	0.819150829	0.887417247	0.860207263	0.88727878
0.978439026	0.852189771	0.785830636	0.794285453	0.860610322	0.844251522
0.860202617	0.897188707	0.108426788	0.952351576	0.836208081	0.379909432
0.875779986	0.850696244	0.414116878	0.973347177	0.887176616	0.593684463
0.825244328	0.931612781	0.814479545	0.925962369	0.916354307	0.916777258
0.855037815	0.888303421	0.41781947	0.767315085	0.847243973	0.873544166
0.871189439	0.920872781	0.097788064	0.83569492	0.801583142	0.839348768
0.849727366	0.871479604	0.391544384	0.957334692	0.894411639	0.004178158
0.879205777	0.833097071	0.640358632	1	0.911391621	0.667923038
0.884347612	0.898909462	0.897554507	0.942269214	0.835099786	0.434829623
0.893685962	0.873929741	0.35791543	0.977532156	0.9354091	0.333473347
0.909152607	0.830082437	0.220343301	0.757575998	0.818371021	0.851259777
0.837805721	0.953161517	0.657143563	0.787247677	0.839978033	0.851661716
0.896561659	0.928876241	0.222537592	0.915853034	0.85931124	0.72960834
0.923100595	0.851970589	0.762226741	0.696709942	0.823035741	0.002167588
0.873896988	0.920521556	0.492682251	0.903310876	0.900319099	0.084084792
0.832742506	0.909388372	0.666077845	0.810990491	0.84337175	0.578294775
0.946017426	0.854732334	0.223481296	0.806598706	0.800478699	0.847647598
0.81032814	0.888166116	0.648266516	0.801044443	0.888976034	0.919483494
0.889510936	0.863493425	0.706219221	0.797884617	0.81705895	0.583029855
0.8300613	0.881657215	0.162998887	0.793962548	1	0.526287825
0.851636131	0.832037289	0.870589776	0.733953512	0.892632483	0.266148986
0.935316023	0.879411853	0.654529486	0.789518853	0.904076551	0.864957493
0.963271549	0.928409737	0.30680138	0.782418323	0.859406875	0.615840171
0.924536111	0.856082594	0.745550917	0.760382515	0.837976256	0.532770376
0.853573351	0.931944988	0.845259394	0.726941519	0.890448202	0.591614152
0.890999319	0.865080126	0.178492336	0.872565403	0.884480901	0.413728983
0.893918274	0.890803907	0.315903515	0.813051876	0.878877025	0.659324903
0.844837787	0.891636583	0.258593746	0.76829868	0.896063756	0.487265126
0.949778143	0.849993506	0.496091963	0.832706757	0.750159815	0.223946653
0.836402375	0.806041346	0.914919626	0.874724318	0.882350885	0.151566511
0.849471757	0.899569836	0.302033414	0.775376425	0.856762768	0.185401524
0.859723265	0.831128018	0.801154237	0.847652592	0.873594978	0.315876907
1	0.878858679	0.398751014	0.675254834	0.82292496	0.973959019
0.887264746	0.935514507	0.236554551	0.809549339	0.853869831	0.565416145
0.907329169	0.879245938	0.837708905	0.97630679	0.824031833	0.357324962
0.860496095	0.846247712	0.951694256	0.798491426	0.854382348	0.312072671
0.922150527	0.777717498	0.105822221	0.841984546	0.847691429	0.146004361
0.881772695	0.842331118	0.588264478	0.810129818	0.865372995	0.700280133
0.914718664	0.934890628	0.359315663	0.818542742	0.900163633	0.286387925
0.86763571	0.845955409	0.512306376	0.793130688	0.894434968	0.474095114
0.919419782	0.815089152	0.892382517	0.909550049	0.884402516	0.450025491
0.900503051	0.873978359	0.189531417	0.785150358	0.870071944	0.636705497
0.892795054	0.927795819	0.376156104	0.803887554	0.82031087	0.865524035
0.82219536	0.806416171	0.80184588	0.919955549	0.87739273	0.477464331
0.845718684	0.842870366	0.249278378	0.854161672	0.944455737	0.699445475
0.881860884	0.90000175	0.72948581	0.807212471	0.896720969	0.825923538
0.931373858	0.895136692	0.128020172	0.973772113	0.853809653	0.97622277
0.860459173	0.945548507	0.571169526	0.99219227	0.838789892	0.540816566
0.895351416	0.90016544	0.914526903	0.946472561	0.890517503	0.455103429
0.884438195	0.898185726	0.534981436	0.763052267	0.843097719	0.83579633
0.861105041	1	0.972304758	0.839542419	0.864635992	0.413269463
0.938473583	0.92518649	0.904399216	0.938795403	0.859424639	0.539943896
0.934468709	0.892922732	0.972677333	0.669719322	0.915175781	0.08370007
0.911649951	0.862647557	0.67740687	0.779619149	0.856414934	0.632821017
0.886303627	0.833957066	0.909570952	0.804765962	0.882166971	0.951571417
0.885286518	0.946639176	0.401781675	0.750243116	0.884602709	0.256517909
0.812208188	0.84655452	0.884788794	0.967350844	0.821282153	0.910174952
0.892987656	0.840445143	0.653292481	0.853550605	0.832060963	0.858407246
0.837672592	0.898408167	0.381913444	0.757535542	0.827831343	0.967331003
0.96163297	0.866799028	0.477397632	0.7148137	0.870593155	0.322400836
0.904737988	0.854395213	0.12226306	0.691481262	0.89873148	0.514252568
0.908188439	0.854405556	0.114596847	0.853626625	0.786467464	0.638786887
0.867512227	0.896283434	0.980973019	0.884134687	0.839155645	0.584640551
0.960920906	0.860058172	0.625963581	0.822850807	0.971408984	0.924472804
0.926763253	0.874891293	0.268871695	0.764767988	0.869374386	0.077035345
0.926796148	0.86020577	0.45267914	0.912793768	0.86441106	0.090424138
0.929255929	0.959991267	0.312739226	0.982631359	0.847511698	0.163444964
0.938047852	0.867605317	0.865741938	0.788744674	0.910218005	0.402323961
0.852033379	0.873985553	0.178910636	0.844418944	0.904553259	0.241803795
0.786880014	0.861927018	0.409064482	0.823105639	0.909270195	0.69018708
0.904666108	0.861116166	0.223437679	0.783796042	0.844667724	0.274980735
0.895782111	0.844959862	0.147716706	0.923000009	0.872217841	0.557478584
0.846573095	0.873273329	0.1219663	0.816001791	0.868071584	0.607990911
0.850712733	0.821051741	0.828264272	0.772080581	0.838282874	0.243948898
0.846267148	0.874519845	0.477135584	0.797622634	0.905889217	0.809559953
0.831445484	0.858378796	0.292527814	0.952513262	0.916543616	0.787225291
0.87148437	0.875716051	0.696990621	0.854746097	0.918738581	0.176566499
0.91826877	0.890402305	0.690917001	0.838924773	0.879123561	0.159942856
0.933838553	0.906926617	0.889230941	0.838392265	0.832817026	0.394901935
0.809405615	0.910367551	0.630280592	0.868071788	0.842061086	0.975690762
0.848000693	0.883237083	0.833147424	0.883940354	0.8147901	0.764844075
0.901805172	0.880117987	0.73741024	0.880046543	0.95309157	0.513509092
0.877256385	0.921923764	0.144663212	0.852117288	0.867333746	0.54707882
0.871036969	0.853517319	0.176601041	0.763742779	0.876206003	0.302672296
0.882805201	0.843020438	0.827271558	0.763946611	0.883267158	0.406760802
0.782843316	0.853517971	0.331669014	0.810487274	0.829543872	0.149978892
0.852868356	0.81012518	0.178893486	0.871328425	0.948278861	0.405066707
0.960403189	0.857760296	0.751133245	0.818955579	0.829686985	0.986783038
0.867437933	0.930318265	0.12610876	0.737091193	0.827581968	0.407772373
0.894617745	0.840850049	0.283271106	0.761080319	0.866383063	0.368387522
0.919212045	0.856458409	0.86017711	0.866706746	0.81335898	0.681402054
0.8901575	0.869574872	0.482367425	0.919274806	0.829514105	0.719025202
0.921444686	0.849090378	0.433164491	0.803486744	0.821196321	0.116593994
0.882391153	0.8947767	0.881622778	0.759730115	0.861930471	0.967243219
0.887048176	0.890555783	0.21414241	0.893167279	0.904649908	0.660516718
0.848713668	0.890078493	0.597838368	0.86058361	0.901433969	0.376029507
0.886946669	0.829061363	0.490161116	0.963096474	0.799635272	0.906975028
0.917662788	0.968964007	0.430671773	0.764727834	0.877550005	0.402021824
0.865101121	0.874416694	0.975216091	0.747365203	0.903036691	0.657235765
0.872997817	0.895307764	0.102535188	0.772578854	0.901179954	0.482852096
0.92798897	0.875774505	0.33647748	0.732924189	0.942966968	0.009199323
0.86001699	0.847598728	0.324803891	0.753539386	0.81122483	0.789340279
0.897515683	0.935430349	0.244082091	0.854061929	0.857754728	0.167842741
0.897389137	0.951606645	0.270822919	0.779209009	0.820258576	0.737789666
0.884389425	0.872494606	0.572111112	0.736138844	0.837404261	0.879219242
0.845432735	0.854642724	0.215933219	0.877801557	0.935764433	0.410973295
0.876840798	0.864765833	0.33528614	0.79545874	0.85957759	0.316836277
0.924438078	0.881121905	0.419567135	0.728639861	0.875939561	0.90473068
0.942375454	0.838355881	0.478642868	0.862832799	0.839298366	0.435425028
0.962031754	0.841943182	0.2033789	0.942665171	0.879248693	0.046304802
0.887542729	0.866445657	0.61559291	0.868445844	0.873964253	0.186845701
0.840225532	0.927204221	0.145234927	0.722780399	0.848210679	0.773428304
0.944426088	0.918022936	0.843396201	0.910870216	0.860708919	0.598175055
0.844964606	0.956872361	0.422355122	0.773609906	0.929032974	0.699755054
0.812129274	0.865202409	0.689418028	0.894596522	0.895277352	0.742295474
0.867914332	0.877720388	0.163785759	0.75217523	0.883816063	0.81807276
0.848267979	0.911680604	0.340811597	0.846857695	0.85617233	0.561525111
0.920937734	0.877710382	0.307678964	0.947531055	0.840316632	0.834712581
0.951902896	0.876770593	0.366291784	0.818604508	0.872424475	0.429742142
0.881314926	0.909414897	0.090447924	0.764847145	0.848768155	0.114888044
0.91778875	0.952050321	0.500543595	0.808701274	0.8637075	0.896018123