0.077599426	0.430874033	0.666875068	0.510789518	0.125332703	0.647038243	0.464639953	0.836170484	0.536525206	0.122527084
0.106583345	0.263731612	0.310385249	0.558683072	0.166592823	0.238169929	0.717924208	0.232763833	0.497327671	0.62869168
0.073189936	0.137784854	0.23537159	0.589333048	0.003416432	0.40656278	0.703741946	0.012933008	0.2723432	0.545380376
0.13995005	0.14555811	0.485386844	0.719029732	0.298057034	0.336033139	0.714870139	0.455887419	0.494828631	0.155761493
0.115973292	0.218199438	0.174629614	0.593856866	0.200764388	0.605003019	0.667359174	0.177069908	0.593662686	0.094867838
0.134742126	0.223951094	0.315707862	0.652703718	0.011483551	0.093860407	0.606434034	0.784937852	0.493132383	0.733195837
0.05751911	0.057127837	0.520295837	0.495805682	0.125677312	0.395704542	0.611221819	0.41274743	0.177443613	0.877480272
0.120828226	0.034945082	0.445910729	0.57633086	0.397943196	0.08712656	0.754901698	0.629237337	0.123039905	0.454285785
0.090042549	0.110670598	0.390459561	0.499414241	0.032621654	0.822988892	0.625091169	0.648601683	0.298753688	0.181106005
0.101336101	0.033608086	0.110201091	0.572089994	0.251088446	0.921126207	0.696674002	0.516912394	0.371992694	0.995680626
0.122555981	0.042093133	0.652967552	0.599196204	0.238537976	0.238326679	0.61361553	0.241027488	0.174574055	0.339692367
0.099644105	0.212217637	0.06983081	0.555493413	0.250939554	0.80406073	0.707018476	0.775102005	0.202235196	0.753765625
0.129459977	0.127795413	0.464552508	0.528494604	0.201539504	0	0.642580872	0.038462919	0.185498114	0.5269298
0.093448886	0.264792016	0.118519037	0.562831771	0.280033693	0.149356596	0.718389227	0.455311572	0.564030198	0.21682602
0	0.220942507	0.047271916	0.609217241	0.08068607	0.21634579	0.598074102	0.220655872	0.289562988	0.034110533
0.109862516	0.392847096	0.022126561	0.457418887	0.244485179	0.233050023	0.52319988	0.369709134	0.663330542	0.368272485
0.197130045	0.072464651	0.344787792	0.614839875	0.343508555	0.377023974	0.684184278	0.527043926	0.075652801	0.67578351
0.086110458	0.356314704	0.728285165	0.566728347	0.01223961	0.741245019	0.606560065	0.659198612	0.053913581	0.780751433
0.13877074	0.10299847	0.677805174	0.613107129	0.409532029	0.024727952	0.540452901	0.484056559	0.780201473	0.640044375
0.118667832	0.039280007	0.296490267	0.492010891	0.356618282	0.803643504	0.675773226	0.693275169	0.233185592	0.80830641
0.061028774	0.137452908	0.466221071	0.578284226	0.265465349	0.625105402	0.606522062	0.840121547	0.089856372	0.492410395
0.064843703	0.134986263	0.574754241	0.474002414	0	0.838009053	0.621074559	0.530025517	0.710140723	0.002548371
0.130824144	0	0.721477076	0.616287089	0.018450257	0.369767986	0.606701211	0.820356095	0.286853305	0.235565049
0.067918192	0.113191108	0.045328474	0.482292312	0.190803101	0.836557601	0.68995466	0.661631907	0.494693144	0.362274055
0.013004537	0.268311618	0.205584636	0.499124625	0.146164954	0.979364503	0.609889487	0.484826848	0.032475246	0.168642425
0.506811405	0.406840427	0.843622192	0.86915938	0.367069438	0.585708718	0.989428508	0.200072386	0.541254015	0.505461693
0.089397954	0.201598129	0.709726749	0.935758862	0.425382674	0.341025466	0.733086886	0.53378211	0.599041001	0.739994578
0.620368762	0.42399374	0.666479739	0.908342685	0.007172016	0.654338713	0.805254823	0.244320184	0.411990397	0.452214222
0.910058483	0.425300515	0.843207115	0.901430772	0.197438831	0.390800849	0.791596705	0.143047346	0.427796269	0.509427554
0.889529283	0.153016135	0.575967542	0.844313735	0.176964489	0.716575242	0.694565185	0.282370894	0.238023445	0.642424024
0.933552557	0.028466529	0.870332615	0.907040045	0.229647476	0.832582997	0.816691991	0.963338338	0.737729221	0.559568301
0.721216411	0.142805295	0.731463665	0.802119749	0.329571338	0.770085334	0.824501714	0.923435149	0.136542617	0.366983671
0.544073859	0.246653475	0.755863326	0.924945643	0.141562393	0.01629614	0.927018046	0.046493531	0.505096884	0.376448637
0.594918108	0.065815007	0.837608474	0.864515566	0.421424122	0.774485336	0.659464839	0.612304012	0.600597058	0.617776725
0.33298	0.171309164	0.661372934	0.873587386	0.063538402	0.110198654	0.694285992	0.355888062	0.572709943	0.535686622
0.985567155	0.095755638	0.868009752	1	0.033938854	0.982952311	0.902306669	0.08820441	0.280896774	0.391857936
0.526311216	0.030408248	0.462949233	0.918417995	0.250883461	0.563916842	0.862866345	0.882405871	0.579070039	0.507225541
0.514589956	0.08170541	0.84701176	0.969786657	0.216327702	0.161864782	0.708641659	0.853062994	0.454722436	0.393132582
0.277225668	0.41079848	0.919235445	0.88080284	0.255316904	0.273441115	0.745858827	0.692321809	0.750333747	0.572184238
0.327492416	0.127436093	0.769232751	0.933667786	0.381613947	0.565779166	0.884753263	0.951585368	0.614123828	0.525305267
0.855550433	0.052220706	0.699182633	0.922226994	0.429224357	0.14413132	0.908528876	1	0.04943228	0.419588994
0.165989979	0.20580003	0.917070576	0.968894236	0.342749474	0.030283303	0.995308073	0.139654558	0.054840515	0.482486436
0.615245681	0.029435059	0.693392557	0.92127149	0.124958641	0.244737586	0.847811627	0.165446961	0.137777274	0.35447097
0.603786321	0.130043024	0.660395044	0.844600288	0.096225885	0.29828004	0.790015116	0.677378234	0.508330618	0.456977471
0.644981722	0.134750074	0.812112171	0.815102217	0.296382296	0.401342327	0.765383389	0.49754958	0.484324795	0.649286864
0.794333983	0.346294738	0.822140156	0.971541897	0.383159742	0.947798763	0.817850624	0.376775787	0.689660271	0.537164216
0.431165978	0.282974143	0.846942379	0.825678538	0.02242491	0.169257593	0.722707661	0.231015419	0.672956447	0.696735979
0.771084866	0.178738754	0.600823087	0.872682299	0.401910229	0.763989309	0.723909592	0.365347199	0.130136186	0.510407504
0.652541931	0.122998282	1	0.913143821	0.202129527	0.420782726	0.66688162	0.382678383	0.351978198	0.455185291
0.790453373	0.41208677	0.617069277	0.99880104	0.181911556	0.506671453	0.76953874	0.498427707	0.02123817	0.551020991
0.193311709	0.01902356	0.488980432	0.227632125	0.174460721	0.637072143	0.205132762	0.289102298	0.675746369	0.465215823
0.818890042	0.313927768	0.520913434	0.085409176	0.179157747	0.225531504	0.172497602	0.325144991	0.162985112	0.730866383
0.330431364	0.103642108	0.503842235	0.072043291	0.140819815	0.576314744	0.11335942	0.177417406	0.054356734	0.116489497
0.095704602	0.181169156	0.099817729	0.164054639	0.108270107	0.449281087	0.296527501	0.384132788	0.235881331	0.149136153
0.850425643	0.34076181	0.40408011	0.077583626	0.09447762	0.10277348	0.162014608	0.164232988	0	0.660173704
0.8519447	0.309947195	0.735884009	0.093696687	0.119587053	0.561407698	0.182313891	0.05551555	0.168611456	0.864429479
0.512659457	0.154084815	0.181827021	0.043663853	0.144436215	0.605488472	0.285660259	0.344834019	0.693472069	0.271546356
0.622000766	0.110271768	0.712580225	0.164560598	0.103025064	0.49115916	0.114459471	0.670039122	0.511872143	0.410414844
0.414619114	0.171869836	0.638447038	0.218035058	0.196357972	0.985442993	0.240716421	0.83116168	0.420825003	0.016953247
0.731643227	0.436777868	0.260774889	0.00367656	0.127513223	0.191279489	0.144666088	0.930424904	0.119429199	1
0.760974516	0.31237098	0.540216277	0.259581766	0.156917253	0.49005781	0.065891322	0.512869061	0.741802949	0.165609458
0.306163986	0.216801557	0.372664142	0.141009501	0.117453754	0.517279921	0.1966451	0.751182118	0.705910164	0.585898307
0.360118636	0.160067046	0.178370071	0.055613748	0.142354606	0.408475083	0.246381089	0.423134681	0.169465797	0.397232636
0.883471943	0.239227236	0.062770356	0.094809561	0.090474603	0.362528815	0.204405072	0.318277317	0.195212663	0
0.42706301	0.406049684	0.462239585	0.198925352	0.092329567	0.208736814	0.187341313	0.593547944	0.072888978	0.852755611
0.420814524	0.089424638	0.400653898	0.132082275	0.115863061	0.918581392	0.09510973	0.262114926	0.637031943	0.279246355
0.521673975	0.2151788	0	0.046183128	0.140134169	0.859399957	0	0.772342788	0.522843845	0.829720765
0.590205601	0.266248054	0.154160157	0.104875607	0.183459901	0.952543477	0.067220277	0.913528948	0.652020761	0.924321136
0.200352012	0.338324025	0.128618158	0.132571995	0.154997423	0.501095953	0.167830711	0.474866338	0.654334265	0.15033492
0.398724187	0.440373077	0.607841814	1.11022E-16	0.210217609	0.298938539	0.190420652	0.089983365	0.622860322	0.697197376
0.208969593	0.210808906	0.256794522	0.1277081	0.155027447	0.557725559	0.093275168	0	0.518000639	0.26776804
0.586719839	0.367255254	0.195061992	0.062124335	0.200078988	0.118532252	0.134325755	0.040164966	0.580563137	0.281623121
0.387518613	0.135934025	0.463401391	0.06530798	0.192972511	0.273947437	0.131436953	0.675769912	0.44367414	0.291900108
0.472060855	0.418904808	0.332790347	0.111823288	0.116424534	0.188361353	0.200129803	0.570756528	0.314004589	0.187884373
0.631304981	0.398075561	0.326799185	0.062893605	0.159249698	0.352226359	0.134070885	0.767867181	0.016845422	0.24409905
0.121585157	0.943187743	0.312531829	0.855345441	0.88731826	0.269823475	0.738163837	0.561685161	0.788629202	0.437905947
0.468453535	0.894021303	0.369930223	0.903640284	0.900833168	0.476033724	0.913296965	0.235843915	0.711918079	0.689928116
0.807550332	0.932384941	0.161329245	0.814453793	0.937196144	0.800457823	0.757405933	0.825726402	0.915615211	0.390237687
0.522665481	0.885378026	0.04560604	0.891005592	0.904862645	0.225081264	1	0.597159241	0.863210273	0.157560866
0.778639297	0.881401886	0.001030017	0.62463589	0.843303268	0.969086615	0.855933895	0.345571885	0.835276054	0.78352311
0.848662708	0.945234247	0.350883458	0.655923183	0.924500019	0.033113345	0.984448859	0.16288258	0.984000987	0.121688896
0.994549004	1	0.735517908	0.603267947	0.932839414	0.70680055	0.910340676	0.065495188	0.844641521	0.218643816
0.13218845	0.965350592	0.684349281	0.659898241	0.979108334	0.108057424	0.729474549	0.919383017	0.818137149	0.906995454
0.197656766	0.962183341	0.697422186	0.858868279	0.949177345	0.183994949	0.790036589	0.087074096	0.876280495	0.062689769
0.569911536	0.988581015	0.527287842	0.806254361	0.955542979	0.287293182	0.938540874	0.47456318	0.84224172	0.730155332
0.318922233	0.941270413	0.421882693	0.90403069	0.930123051	0.034608481	0.882120905	0.489767555	0.816912798	0.766997943
0.148245263	0.977113076	0.063049083	0.859724618	0.894493293	0.874932482	0.967110217	0.188239356	1	0.364384954
0.688533357	0.849902702	0.180187997	0.700246817	1	0.958755662	0.721568542	0.217326568	0.910225265	0.130728626
0.76178797	0.96523439	0.538932873	0.621421782	0.899446023	0.514428869	0.868941822	0.29303817	0.906174048	0.019150943
0.446870471	0.944101496	0.601295849	0.711745685	0.945661952	0.295195949	0.807210026	0.338938494	0.833261858	0.997907799
0.169042701	0.959860033	0.098474489	0.704592966	0.89061918	0.07981941	0.880794941	0.257955686	0.850589051	0.916940883
0.149367976	0.98895051	0.364073729	0.849781189	0.893641914	0.555833855	0.825519652	0.077363209	0.865242855	0.312313116
1	0.94421467	0.470471239	0.751642081	0.933372375	0.018753336	0.790346913	0.063721432	0.778727472	0.022290996
0.857571103	0.982317936	0.18682266	0.671051578	0.933515768	0.034369404	0.817827905	0.874352166	0.883738929	0.251421151
0.614769391	0.939642863	0.62573626	0.717034417	0.982097017	0.938056379	0.771525485	0.291009504	0.866418611	0.098331625
0.715297004	0.967755784	0.352950993	0.718235759	0.955912027	0.496925566	0.912502832	0.04348524	0.879201156	0.766327094
0.416145911	0.992860047	0.071107633	0.838983292	0.875155849	0.83242207	0.906560045	0.505993729	0.944242446	0.454168096
0.596351934	0.930957323	0.218099732	0.641859562	0.880487587	0.421579363	0.932660038	0.685005182	0.737098797	0.668491665
0.972462738	0.837223502	0.11297931	0.728207765	0.954726191	0.665133435	0.919560811	0.784424435	0.902287998	0.647734898
0.506999112	0.898809152	0.041097482	0.888717724	0.855325668	1	0.704361991	0.598310573	0.779826717	0.985768691