0.230330075	0.299288119	0.753873514	0.163878885	0.114935856
0.307826963	0.280675583	0.808426724	0.110436087	0.772783114
0.302967143	0.221707243	0.87750511	0.414735223	0.902354068
0.343900088	0.273706341	0.992737384	0.611083244	0.211795628
0.236892376	0.289995372	0.920420911	0.969363543	0.204373847
0.242845128	0.265026938	0.86555692	0.895197543	0.285556788
0.496780601	0.308593249	0.008544671	0.951598888	0.92709305
0.267215081	0.270563279	0.590704663	0.751453992	0.317646105
0.390546701	0.283212238	0.792848771	0.455543424	0.465113665
0.19050618	0.301983749	0.826606341	0.26972121	0.821103239
0.223770447	0.318569779	0.405301632	0.333239739	0.494344844
0.363635836	0.294521775	0.178531711	0.457778673	0.57335685
0.452776796	0.224926735	0.685331184	0.120663691	0.598540563
0.260974355	0.279756067	0.557253391	0.830678967	0.485913759
0.359544635	0.177897641	0.210121343	0.459337786	0.756656567
0.159211144	0.186732971	0.301619288	0.5966467	0.409279615
0.334979339	0.208148774	0.882430829	0.587854614	0.794786912
0.197613969	0.292455306	0.704387697	0.302715583	0.42115297
0.392852425	0.153637897	0.046981921	0.542212221	0.242775727
0.330313257	0.36768723	0.727413018	0.259891428	0.564631924
0.247485764	0.310366557	0.141319374	0.441948757	0.200720336
0.284191279	0.375077671	0.318004019	0.315795047	0.180244923
0.300872416	0.298046978	0.030968003	0.904445747	0.548949938
0.393608394	0.086254013	0.861811315	0.954018527	0.247310671
0.364870483	0.242859318	0.97397459	0.034218018	0.506737596
0.130495525	0.401086555	0.609610501	0.056421435	0.241927134
0.294128197	0.169236113	0.050724844	0.670759822	0.552729139
0.228744592	0.208682013	0.722187882	0.592794685	0.654702305
0.238645538	0.109550187	0.742576488	0.057448152	0.921599957
0.28107582	0.150897575	0.162739679	0.399027456	0.554573169
0.24047709	0.367648943	0.217991713	0.04386908	0.473476797
0.277983837	0.167860046	0.794551556	0.102723116	0.351138426
0.186190607	0.239061854	0.306034537	0.320683153	0.872031189
0.439950915	0.405906032	0.550625452	0.839063392	0.196175463
0.283155914	0.158230473	0.143122132	0.991426299	0.18925559
0.217676902	0.330023801	0.165404468	0.290707127	0.67447415
0.387179581	0.207937014	0.583939592	0.29810729	0.366021042
0.247719063	0.167306197	0.40114165	0.278129186	0.50564428
0.310220935	0.139789576	0.492880791	0.980010191	0.42898458
0.121058778	0.216545535	0.292049836	0.748772717	0.145010588
0.225253288	0.289231595	0.21673623	0.152312871	0.817304644
0.375257063	0.208421008	0.050539557	0.928017127	0.791857431
0.232380199	0.324977659	0.983802997	0.622538848	0.939149479
0.396712614	0.407003349	0.810594482	0.812628234	0.414523586
0.264140897	0.234260674	0.019170017	0.77005566	0.527755501
0.441931274	0.259325043	0.347390337	0.992601058	0.430991813
0.26430553	0.447997989	0.956174748	0.215342824	0.343745559
0.190086282	0.393196983	0.40265971	0.991134616	0.57745298
0.15965301	0.227162531	0.31938884	0.221813018	0.761184672
0.215248262	0.242998393	0.131554672	0.082697131	0.073632349
0.294100641	0.212184669	0.367146612	0.769858297	0.757072
0.324796689	0.254882447	0.483727466	0.883066653	0.033696459
0.240075437	0.245679141	0.498138602	0.723915827	0.845430962
0.317719236	0.236783477	0.443925627	0.191040676	0.112735595
0.213241186	0.342292433	0.658678887	0.85446244	0.510559262
0.149312452	0.312999067	0.652878057	0.572780192	0.885225974
0.146248174	0.204056933	0.704731009	0.335210854	0.309603267
0.073862328	0.185753886	0.987082131	0.22357071	0.952507123
0.356802392	0.36153588	0.589825199	0.596165142	0.44073616
0.213029452	0.373638424	0.015043151	0.08414548	0.579127547
0.318069461	0.308071575	0.459772274	0.989012786	0.036396234
0.33220643	0.203391507	0.062394805	0.301866778	0.366604298
0.483791452	0.163211231	0.789304807	0.792975794	0.618154108
0.25902416	0.263766864	0.101548434	0.825817344	0.810383262
0.459999266	0.203457958	0.221405662	0.914615108	0.692954023
0.304263708	0.359644509	0.489214007	0.13218148	0.01772659
0.429866883	0.418887089	0.811621075	0.758606547	0.815022645
0.311106272	0.194845491	0.149729608	0.480726157	0.23764465
0.371250651	0.264588616	0.179197258	0.8122498	0.859800291
0.169241506	0.297979531	0.995299192	0.522909632	0.829358723
0.156074625	0.309017382	0.959970411	0.617201553	0.80319123
0.343366052	0.38465921	0.344044226	0.073353877	0.280944317
0.186665024	0.251935348	0.301763466	0.892066456	0.073900237
0.268181347	0.330052282	0.885073492	0.855490655	0.791715931
0.188110196	0.212472813	0.923650275	0.383638274	0.52864409
0.252333486	0.129040451	0.977424113	0.587393281	0.717174014
0.224263571	0.125583711	0.070189447	0.431092863	0.593847576
0.171510727	0.234352518	0.201599255	0.901231051	0.036987267
0.325096268	0.240821422	0.229866625	0.355162213	0.876470454
0.051343052	0.22602751	0.291351646	0.371772418	0.645924866
0.327004879	0.247050678	0.911346989	0.065366072	0.424173111
0.401908587	0.330135523	0.981893811	0.721365048	0.096743369
0.314214475	0.358656956	0.891005898	0.962195401	0.056354359
0.190846992	0.258567417	0.640694327	0.720221496	0.89959629
0.187855263	0.347652127	0.124608103	0.973363908	0.478413728
0.304483372	0.363702625	0.370832696	0.817493912	0.153562772
0.506309412	0.425453895	0.598877006	0.046088454	0.981580348
0.215095333	0.187845627	0.160642476	0.132846778	0.313555561
0.183393846	0.299099622	0.157303849	0.454480221	0.192901785
0.352117901	0.256870976	0.642624436	0.358431564	0.01648631
0.173535933	0.427301886	0.92444403	0.165218593	0.836506121
0.310423929	0.265617602	0.692129258	0.709928788	0.183362819
0.369790887	0.255765044	0.753900921	0.709546953	0.724399062
0.365964447	0.330020757	0.331146357	0.380776356	0.927427742
0.387832353	0.274633261	0.295413672	0.231953691	0.251508679
0.24394528	0.193125966	0.432741323	0.817357009	0.630553151
0.231118924	0.251368117	0.748060637	0.193672293	0.360265598
0.061638014	0.194002527	0.308979835	0.397774781	0.248974195
0.305451973	0.101131408	0.332032364	0.147757176	0.69991219
0.36770117	0.336624761	0.942594853	0.9351345	0.231719347
0.293063796	0.280038102	0.061094357	0.034546842	0.929249118
0.582485738	0.277563478	0.014578457	0.612801457	0.949049892
0.174818415	0.196520423	0.187891624	0.902675883	0.560600171
0.374302843	0.40260702	0.369923387	0.44077021	0.251046279
0.036618346	0.38297558	0.737627043	0.395610785	0.934245539
0.289448838	0.275153269	0.533941395	0.238150395	0.975873452
0.195974088	0.319791427	0.168998584	0.638154759	0.569885228
0.2778022	0.412526552	0.781375836	0.247700169	0.31607755
0.160105594	0.180123847	0.139993291	0.142576782	0.079646142
0.304794071	0.292384461	0.092786771	0.895733462	0.684641425
0.120656474	0.386582917	0.102365854	0.259200551	0.854416136
0.414446501	0.198101836	0.582057399	0.180233784	0.666957377
0.373209585	0.153117114	0.90423118	0.38030438	0.323123404
0.453373837	0.234622865	0.373141687	0.671892673	0.098008087
0.334573741	0.271007075	0.308237942	0.842409179	0.452328365
0.315553402	0.239223866	0.080143586	0.933999979	0.375377102
0.099827367	0.120637292	0.96957583	0.348068573	0.542879726
0.444610311	0.00786344	0.560136793	0.294655087	0.302525079
0.316545607	0.327147202	0.580936802	0.213783329	0.536614534
0.246403271	0.287720559	0.822906761	0.998171698	0.623872703
0.204282076	0.242032278	0.532024758	0.634667598	0.79968638
0.337679176	0.323620123	0.426295696	0.390320246	0.073246516
0.155945602	0.342068149	0.625643971	0.732004417	0.830179507
0.255165251	0.122951772	0.394926316	0.330362782	0.292963673
0.265009751	0.239033736	0.167429328	0.308601597	0.778868201
0.106629535	0.266385181	0.838620554	0.964601605	0.317399589
0.306980234	0.405683681	0.613757657	0.511846401	0.200046271
0.264542854	0.426486199	0.553988543	0.961014743	0.295762516
0.301628936	0.213026156	0.160703896	0.259022421	0.598654257
0.354613758	0.305876954	0.110871117	0.834750512	0.878383014
0.150928747	0.30562273	0.460599214	0.305471066	0.614962719
0.336341527	0.225535633	0.045569254	0.081828561	0.70597923
0.334802716	0.190572524	0.502597669	0.508391664	0.7389838
0.448747694	0.282749103	0.814350981	0.884809993	0.684709261
0.2756573	0.265047235	0.776446164	0.913698031	0.445165941
0.233856723	0.206429506	0.473774298	0.349044887	0.752168875
0.326592021	0.285799463	0.166640441	0.944471031	0.832813445
0.10038097	0.202229668	0.873186874	0.318555538	0.639283263
0.279711104	0.257793465	0.643502233	0.285560934	0.135845218
0.237486287	0.355521261	0.231152005	0.594237326	0.022660701
0.303753655	0.244035048	0.533679274	0.796825724	0.7117004
0.138187257	0.253707947	0.342871238	0.644742494	0.458402681
0.323675241	0.1993522	0.184802597	0.508430259	0.153048857
0.324800785	0.00078347	0.09854037	0.078625459	0.10536911
0.283465482	0.33626543	0.15311971	0.458508601	0.214536613
0.220303965	0.103790178	0.360917893	0.053640517	0.567807892
0.110781101	0.270496833	0.156440604	0.302677294	0.922042727
0.267420697	0.342447247	0.412383905	0.937359149	0.370443957
0.293811498	0.251970651	0.964285738	0.400588039	0.642129039
0.281912113	0.343782329	0.480391687	0.446257924	0.19337403
0.314125432	0.461153113	0.238436747	0.354273378	0.096213383
0.241839734	0.294373004	0.60040936	0.340313961	0.280166939
0.311684398	0.275177834	0.664294859	0.037366782	0.851410322
0.24703731	0.214767683	0.858482682	0.505355909	0.407974471
0.237076875	0.245978538	0.401517233	0.107841583	0.863262947
0.385945647	0.118527785	0.264370934	0.895172392	0.06605754
0.182205582	0.22042789	0.78881449	0.573870133	0.614006096
0.283362452	0.197236323	0.820776043	0.587160207	0.875173677
0.394482833	0.27976276	0.477559502	0.930073516	0.279589143
0.309742016	0.501417377	0.569878392	0.98314685	0.865124616
0.484662725	0.253586576	0.045901194	0.530143712	0.753514866
0.226073474	0.070731054	0.935345136	0.69210178	0.827072441
0.309980117	0.250325601	0.746744488	0.451967131	0.280846593
0.167339159	0.274996075	0.867250165	0.712408316	0.084465128
0.133093985	0.133222117	0.039192421	0.629577624	0.432451546
0.128730395	0.161513483	0.51465233	0.680332219	0.487611319
0.403783175	0.385925226	0.133837898	0.513779611	0.686659157
0.387314488	0.167138975	0.671325923	0.582853964	0.943321623
0.28230951	0.317505811	0.972660242	0.014211813	0.809803206
0.550656649	0.291456148	0.918566531	0.553909601	0.19865071
0.305036144	0.13050677	0.913539846	0.808089773	0.863459851
0.338372614	0.376082995	0.259725304	0.721408341	0.679787141
0.112095213	0.395816247	0.960922999	0.529373753	0.534805702
0.34357933	0.232830825	0.477728649	0.174673215	0.599053105
0.322045177	0.230354944	0.183981794	0.918086635	0.745511371
0.248141372	0.246962062	0.083951652	0.954932881	0.265611418
0.165906187	0.277522761	0.443331623	0.654508531	0.052524001
0.468003324	0.269719306	0.394321462	0.639352312	0.151930297
0.373073352	0.329914	0.908005975	0.169735809	0.101918606
0.351759866	0.15285338	0.463382615	0.039636605	0.345062041
0.258868225	0.203370642	0.827935869	0.408927048	0.826732136
0.272588419	0.181693331	0.610668772	0.813131044	0.061349266
0.217732612	0.188752465	0.304501546	0.32042925	0.395514531
0.254655675	0.188855605	0.273836508	0.740633831	0.56030875
0.253401377	0.345168015	0.717336067	0.947368322	0.543627558
0.321121315	0.275343365	0.334105009	0.794847147	0.527990217
0.433046534	0.183525212	0.994699549	0.204649636	0.137125013
0.014301468	0.260489984	0.79731389	0.633597047	0.695480739
0.026886242	0.214120114	0.316601366	0.687246633	0.819542724
0.229844334	0.297174719	0.183014537	0.565449234	0.490001938
0.334611344	0.182005443	0.522391421	0.777189229	0.872338553
0.273823267	0.279786403	0.232089168	0.204985647	0.969511943
0.4000052	0.236517602	0.945212474	0.387661008	0.535992413
0.217052258	0.47259184	0.554594814	0.783686638	0.588132086
0.287319029	0.348690144	0.204787885	0.292439998	0.845670397
0.351228988	0.281362763	0.542586625	0.325636286	0.182438692
0.346647107	0.227817422	0.496998485	0.507724409	0.266612862
0.313948275	0.349988017	0.011111612	0.209656883	0.577177505
0.383269158	0.246727462	0.194566351	0.956778589	0.65785418
0.370976781	0.353091764	0.601936809	0.245224403	0.135463194
0.446992969	0.269018269	0.982063937	0.808037133	0.70932442
0.303207424	0.189336335	0.241715915	0.850257606	0.331743813
0.211586295	0.190892593	0.594907502	0.023642649	0.553626842
0.307739024	0.373626941	0.519382587	0.866158507	0.399934025
0.2879627	0.228633562	0.552641579	0.814122095	0.91430619
0.30700286	0.246802765	0.390834372	0.617349525	0.946147289
0.297011703	0.335057525	0.832017586	0.852177802	0.533364017
0.208377969	0.303113772	0.278997348	0.105342132	0.423893454
0.396501843	0.282497181	0.097393214	0.30982182	0.805028451
0.399809404	0.432801798	0.342437308	0.412749688	0.210208191
0.090879608	0.213804555	0.830074357	0.117719799	0.178689144
0.278539715	0.214316043	0.966810856	0.567158715	0.643834931
0.224009609	0.117775885	0.940612101	0.862356821	0.305223195
0.415912321	0.13461303	0.656201068	0.667821805	0.677575482
0.116690857	0.322782713	0.532921776	0.559564916	0.395237947
0.336149783	0.208344132	0.169237742	0.335525213	0.114644984
0.265039269	0.304186887	0.425000135	0.124520923	0.460556434
0.396589023	0.307632557	0.236452512	0.050355628	0.259591741
0.244275166	0.362786706	0.83330506	0.073032905	0.516459075
0.299737064	0.257705169	0.527753826	0.474297962	0.024153659
0.285633209	0.240771427	0.59536654	0.052865304	0.855180827
0.25536202	0.317115098	0.561183609	0.445960503	0.394267323
0.202084225	0.185245159	0.754518851	0.898189413	0.439988328
0.279394464	0.370101607	0.68147401	0.789188309	0.843520392
0.43955332	0.320665555	0.025148971	0.854147762	0.210206607
0.36399113	0.279671162	0.121310976	0.190509429	0.828944159
0.150869047	0.256824894	0.389377524	0.24146796	0.485324108
0.332600155	0.181459149	0.135808102	0.867973282	0.097383432
0.239000499	0.172493978	0.930396368	0.43668678	0.660874083
0.444479015	0.02411917	0.498525991	0.758325354	0.159156415
0.224606404	0.228468461	0.626250919	0.394288716	0.074700476
0.230790208	0.268017781	0.252425719	0.903847078	0.132528561
0.344271081	0.306664147	0.362270456	0.478712913	0.887060446
0.309108643	0.339446154	0.865164414	0.842498628	0.275140225
0.317397434	0.197572921	0.452647171	0.755836645	0.140975314
0.291312119	0.256659434	0.86414295	0.455923483	0.066835011
0.301004864	0.104151372	0.290145838	0.887797365	0.792961704
0.220069078	0.225206906	0.987627656	0.947971961	0.652143831
0.272987916	0.25621873	0.299075425	0.892938139	0.27786018
0.349586677	0.348980976	0.39392654	0.856850158	0.442184159
0.30844962	0.207926082	0.447879644	0.200225842	0.884321346
0.331761469	0.458357014	0.985305392	0.631138462	0.098829265
0.361874162	0.228253842	0.529454136	0.479427944	0.288915457
0.221638249	0.32278256	0.034283533	0.703864967	0.515852769
0.056426966	0.09032571	0.71116914	0.051936101	0.993682655
0.277860143	0.374758678	0.425918458	0.235791051	0.033667574
0.270846359	0.206715409	0.37241991	0.252190268	0.160198848
0.404935404	0.189215855	0.702552091	0.513183557	0.332121603
0.307930163	0.167982456	0.065798889	0.62022032	0.468394749
0.404308554	0.312015998	0.655289533	0.342308293	0.687085617
0.311494056	0.244644817	0.788054975	0.938732827	0.203448164
0.231946529	0.322547587	0.784634994	0.957026825	0.408523536
0.102346214	0.196830308	0.560964215	0.243957276	0.71769917
0.357235704	0.304679836	0.04089112	0.645845613	0.405727161
0.31288259	0.077000719	0.923068265	0.37272495	0.114267011
0.141827876	0.121660108	0.109776594	0.582406467	0.957159455
0.272668046	0.352720569	0.369891727	0.208418643	0.317535719
0.258264763	0.273994201	0.222647401	0.223703752	0.467188963
0.433525159	0.259933743	0.661364593	0.990872646	0.607469802
0.373176813	0.180409144	0.213297291	0.388258186	0.14497005
0.394582016	0.195644121	0.003902749	0.273601681	0.737474173
0.298692345	0.245751124	0.670610868	0.980017631	0.701980034
0.129955504	0.301597127	0.45608623	0.064992521	0.660774474
0.294431769	0.30684812	0.741549684	0.368245364	0.513782692
0.27301546	0.148689155	0.966131595	0.664170109	0.808451086
0.354756551	0.189459144	0.064169555	0.819885739	0.686360819
0.177508166	0.223108513	0.667658697	0.590655246	0.233013693
0.363316407	0.190180317	0.78127068	0.920328148	0.109638396
0.403332015	0.390241972	0.77462316	0.017459082	0.23602563
0.338671806	0.270435599	0.22876013	0.532316324	0.769277417
0.303446157	0.224916321	0.062981321	0.715937141	0.607507981
0.126834075	0.21512084	0.995917079	0.399330399	0.846344489
0.413740135	0.151648956	0.424342518	0.227075352	0.47960171
0.324385154	0.386177463	0.663039734	0.818489015	0.174127688
0.265939406	0.356211186	0.873921105	0.842509881	0.093296119
0.204977092	0.289557067	0.216167411	0.125607827	0.706889225
0.233678028	0.271623185	0.275736498	0.140115281	0.641523138
0.353248845	0.03327611	0.992625278	0.93488836	0.576871366
0.287937532	0.281352442	0.200672646	0.831386436	0.187041733
0.239869358	0.1527538	0.091410601	0.816974102	0.22637982
0.414091261	0.140657532	0.343942201	0.420714536	0.316825932
0.427966358	0.229854711	0.509804829	1	0.863603108
0.38015503	0.347997685	0.978507817	0.491258668	0.06303783
0.125343502	0.303213428	0.132652846	0.756492463	0.834074774
0.3712137	0.387674657	0.51467792	0.673765759	0.892629774
0.269525166	0.294807226	0.368259835	0.523522119	0.406679892
0.274242066	0.357520006	0.020197663	0.915526327	0.78617018
0.336065998	0.253384594	0.721039914	0.643488839	0.070887834
0.20440745	0.450144308	0.745242935	0.71284497	0.484022587
0.324901125	0.132849824	0.824886707	0.434861038	0.631737474
0.370643118	0.292976949	0.468642522	0.456605871	0.153448561
0.062993585	0.258705123	0.442844269	0.964187247	0.544019856
0.043287691	0.422857592	0.828793087	0.97464727	0.293467575
0.21535925	0.338661216	0.991981995	0.822317721	0.299808184
0.156664272	0.277774423	0.541284404	0.063448769	0.40309321
0.17850406	0.157185244	0.365404666	0.527006207	0.620617018
0.294583254	0.213888684	0.98424721	0.659640804	0.665276403
0.298786286	0.336322442	0.015437383	0.895662921	0.948269799
0.1538661	0.353793971	0.476779654	0.008032833	0.684142768
0.345622549	0.253161723	0.43071728	0.956710717	0.202694045
0.246494016	0.220351606	0.614240842	0.795848358	0.41691925
0.231596303	0.068916419	0.443562346	0.832463866	0.539711066
0.309446786	0.288402979	0.598072504	0.014790562	0.299470204
0.256662753	0.30197557	0.893706746	0.467476015	0.023846094
0.191932919	0.243300292	0.124535324	0.746348856	0.72674227
0.310866311	0.374663465	0.686322217	0.722105926	0.953037578
0.321649406	0.353741814	0.714371379	0.592194873	0.852123633
0.227971798	0.19820235	0.294061194	0.381416926	0.717943617
0.185910729	0.1564774	0.328944552	0.810893516	0.11774106
0.100751512	0.223173658	0.741017153	0.864061052	0.456114775
0.257929345	0.345716092	0.051604775	0.159339203	0.443397647
0.29534559	0.241132671	0.120704854	0.512463747	0.546291515
0.164350054	0.061226575	0.492710406	0.574739045	0.361364578
0.329293027	0.17196759	0.40934349	0.776069095	0.078211553
0.306785155	0.331751529	0.523689344	0.150605164	0.665003767
0.32226104	0.008847283	0.381513544	0.764528431	0.197381843
0.215603154	0.119618135	0.170270389	0.994416504	0.957917065
0.252621129	0.27531217	0.533686449	0.565896229	0.540040939
0.28804353	0.380069153	0.840932166	0.292330426	0.029786354
0.1206087	0.337273927	0.92473794	0.705709552	0.862559587
0.291386051	0.196277949	0.469081811	0.885579857	0.111422914
0.372626136	0.172872761	0.627368271	0.64791018	0.14534978
0.185391679	0.321978561	0.677113403	0.484667455	0.163574654
0.24083793	0.340218454	0.209386812	0.805882997	0.325689467
0.22549216	0.2650805	0.589620153	0.980331951	0.520779933
0.255384037	0.26647409	0.26725044	0.577164831	0.425092633
0.372775294	0.20148884	0.415827602	0.579334663	0.722895982
0.153210122	0.332809289	0.965540718	0.739533277	0.308047557
0.144032893	0.193681583	0.768716299	0.936861443	0.247317667
0.411220106	0.354058772	0.206516815	0.949064641	0.08341933
0.404109319	0.312791942	0.818041914	0.706910816	0.0190347
0.349237737	0.2877342	0.503154258	0.737534992	0.521261395
0.183447233	0.275725553	0.104070954	0.522230482	0.057065395
0.374852975	0.143614386	0.573467218	0.656050811	0.662742914
0.498764036	0.304050687	0.482941789	0.389228061	0.343383948
0.174769848	0.289162709	0.653666132	0.706694891	0.628958586
0.370923498	0.1977654	0.84949507	0.974179457	0.623575631
0.314301054	0.165464255	0.023429336	0.108307472	0.511609134
0.276823781	0.35834051	0.689084468	0.050282497	0.264914148
0.316199364	0.251422735	0.897829705	0.243037258	0.043158637
0.374035319	0.309672523	0.815207931	0.084843363	0.703510161
0.152571035	0.287392577	0.950803435	0.9304292	0.197905768
0.161342413	0.232657557	0.932661516	0.436681086	0.560508077
0.275197739	0.258670846	0.105971449	0.322918999	0.44323745
0.075509027	0.119872434	0.190035217	0.434063969	0.199015292
0.151095563	0.29854107	0.793278713	0.416812733	0.977795647
0.311809147	0.323821917	0.583909725	0.300302139	0.863537125
0.158222179	0.160048539	0.781684915	0.062406319	0.788680702
0.473860156	0.182520669	0.127164169	0.269941066	0.955986915
0.380985017	0.379145694	0.773656813	0.803394236	0.363253655
0.214336858	0.215890548	0.378223772	0.795120951	0.716641867
0.112238943	0.397702347	0.504018702	0.307966948	0.127663633
0.163226349	0.227966091	0.421601793	0.7812371	0.302327389
0.228020319	0.325346489	0.719329696	0.500762235	0.755106079
0.344614503	0.226998689	0.682565885	0.622083737	0.744643274
0.337708991	0.384172142	0.260556289	0.165126073	0.557555093
0.420839899	0.28249161	0.789327678	0.017029057	0.590577754
0.406768328	0.182313193	0.077447343	0.585555879	0.016050999
0.112566124	0.267018272	0.725424997	0.536666211	0.383974251
0.258922103	0.302278716	0.796693854	0.846926643	0.120054145
0.411288186	0.221653727	0.815348236	0.343691813	0.973862737
0.234102857	0.270775586	0.804392985	0.954407483	0.967844646
0.258863743	0.190612039	0.90963662	0.723224847	0.547367366
0.401849742	0.215521524	0.808392361	0.161555796	0.587605892
0.363346499	0.101123858	0.016104349	0.567528974	0.727475846
0.283170877	0.333256207	0.97291788	0.145690883	0.800084816
0.402856393	0.383715789	0.950192492	0.433630449	0.759741772
0.197158272	0.352681189	0.290700137	0.961099642	0.013739719
0.295399934	0.219819177	0.198107759	0.802855645	0.080355512
0.257747886	0.406779459	0.184411756	0.057758353	0.461022498
0.433274076	0.347452088	0.935813256	0.19252111	0.861293774
0.287243442	0.140186837	0.960455101	0.194173148	0.943902911
0.301068742	0.253611142	0.578133778	0.598435386	0.329504401
0.228479591	0.212623784	0.895410799	0.715316474	0.26370337
0.171875131	0.194723427	0.431641066	0.982595026	0.499415725
0.238654179	0.288947857	0.673203328	0.653294301	0.751214247
0.457487559	0.238620132	0.23500551	0.96874189	0.014762484
0.174420765	0.16355764	0.827040931	0.281029722	0.710437214
0.222281194	0.328562977	0.671378717	0.61154393	0.218609791
0.167795972	0.328075085	0.183392316	0.268752349	0.678348753
0.412179221	0.336030436	0.928085557	0.645758204	0.250956859
0.284271474	0.214580869	0.144393982	0.600974159	0.947864177
0.228128548	0.148661296	0.129670615	0.8587595	0.212074616
0.260376735	0.280824879	0.498729779	0.698340115	0.535949525
0.069763789	0.366800039	0.432322047	0.050580614	0.193689986
0.172514006	0.244953083	0.533644845	0.208094822	0.505039472
0.312803741	0.248024415	0.976395714	0.375833159	0.652538177
0.370148958	0.295920279	0.342346777	0.734736592	0.52747907
0.286179734	0.367414261	0.038152997	0.681018963	0.837786195
0.28731084	0.156930795	0.871922591	0.824545629	0.119574379
0.282468144	0.324557985	0.022801354	0.388467319	0.997704956
0.276426912	0.384544346	0.51429961	0.226332989	0.651420665
0.354348977	0.20028543	0.129601181	0.384799945	0.242357686
0.318100476	0.133447093	0.252094715	0.949875461	0.968231855
0.019866489	0.477007542	0.864127213	0	0.681031123
0.24413907	0.386544941	0.053462574	0.090556483	0.006974195
0.250568502	0.347313235	0.886777412	0.169074677	0.343531
0.236635815	0.202990031	0.397591045	0.21948876	0.368791204
0.231240169	0.474060104	0.525080199	0.956769436	0.615389006
0.316717878	0.265272071	0.377785444	0.357377315	0.549831237
0.202244639	0.351210954	0.168194813	0.622179874	0.580305569
0.323105684	0.262793382	0.674667416	0.512906277	0.721778297
0.114844594	0.106927871	0.570323218	0.857752729	0.357394249
0.302597515	0.251388921	0.502709743	0.222138312	0.70274311
0.400423218	0.275305694	0.247935443	0.921793688	0.454801244
0.44108588	0.162240942	0.312998245	0.102615972	0.839936898
0.282037	0.133092221	0.037782667	0.27589706	0.379002517
0.323737431	0.290342747	0.93504835	0.852330148	0.795702215
0.156744491	0.084649507	0.210128974	0.051479053	0.327619982
0.420091308	0.177326126	0	0.977236342	0.140141912
0.446717928	0.152412497	0.341808616	0.657957246	0.387864568
0.564523877	0.139752108	0.780908291	0.351807008	0.124740826
0.195743965	0.102687926	0.547126505	0.20364719	0.426364882
0.18967046	0.252322922	0.310670863	0.298459487	0.334880959
0.473932609	0.280867571	0.232850366	0.058654274	0.656657417
0.396810956	0.368796627	0.945569593	0.873048424	0.065927777
0.399212576	0.134689057	0.195343672	0.713707146	0.388225086
0.197813218	0.327069384	0.147513055	0.457429015	0.262884949
0.247375839	0.333427649	0.560220877	0.258563372	0.336230134
0.376642661	0.280565501	0.310480645	0.362955073	0.147245861
0.314308763	0.197054367	0.372160071	0.36435204	0.247599069
0.213300926	0.275473839	0.390908214	0.280407418	0.169992359
0.170602659	0.222837977	0.832696452	0.150032584	0.313848645
0.204929296	0.329108199	0.766225415	0.069618642	0.054492851
0.27600584	0.334311038	0.674356784	0.030647726	0.762991346
0	0.280944405	0.024460833	0.686152452	0.038530881
0.340108666	0.309758332	0.195783738	0.756805655	0.165658521
0.087269537	0.329315226	0.50643435	0.819433178	0.313967366
0.352832395	0.20210444	0.227257786	0.342564721	0.57291787
0.317147815	0.33222619	0.077273224	0.745101577	0.511262384
0.279162295	0.195470978	0.561838431	0.252401104	0.027076255
0.419002525	0.288028763	0.985266653	0.082058323	0.412129371
0.215930404	0.220366445	0.929612092	0.987003255	0.67265609
0.258994465	0.347002596	0.438894434	0.563112239	0.848085597
0.101013062	0.239965007	0.511663592	0.045234198	0.016789944
0.175406803	0.066443857	0.520022092	0.346476433	0.022198536
0.347162964	0.358463753	0.179405805	0.458081739	0.874506178
0.271780062	0.256394459	0.742039846	0.015146412	0.963989573
0.138472671	0.399114153	0.395637119	0.937564265	0.068421741
0.317080564	0.237115439	0.236810975	0.218370711	0.773900677
0.145539184	0.228165567	0.998419349	0.527459485	0.593679964
0.280671613	0.249667533	0.455828166	0.671398007	0.224596966
0.297576606	0.309832261	0.6095064	0.943432494	0.987709723
0.225529358	0.1938726	0.074734525	0.418691016	0.195678803
0.233578272	0.243984683	0.015651001	0.688057899	0.963493891
0.1177739	0.23389215	0.237916702	0.653290866	0.497132077
0.115786537	0	0.603331549	0.993252524	0.702243994
0.278103755	0.201248612	0.756146232	0.468414351	0.477263044
0.270656242	0.248165276	0.272977988	0.220757089	0.833999325
0.311244827	0.260651551	0.226022466	0.589911098	0.475053548
0.185538191	0.054583579	0.025000892	0.521413691	0.793770604
0.257945513	0.275297519	0.782429856	0.716293054	1
0.39759113	0.409109322	0.58517142	0.400298352	0.709183903
0.331899611	0.250103417	0.733377058	0.06098484	0.97669218
0.363740084	0.251862167	0.148238839	0.850398853	0.439819
0.151414233	0.156850802	0.480310498	0.699626912	0.337379294
0.221773273	0.253847251	0.015485403	0.785101451	0.460356791
0.230305391	0.331487386	0.906876852	0.990964906	0.69873416
0.18423698	0.271610616	0.3959861	0.133502401	0.930402364
0.359040485	0.215557825	0.018826143	0.838552863	0.534142014
0.262696129	0.160210448	0.981686356	0.272582705	0.218908849
0.226017466	0.30666572	0.044239103	0.279562285	0.036707993
0.223416604	0.217503411	0.602108876	0.577808939	0.140206995
0.270156815	0.169156626	0.330697794	0.093807422	0.488414374
0.16893743	0.232377716	0.193649216	0.526852831	0.838885304
0.204430608	0.275317408	0.258279915	0.730131904	0.444742351
0.264644585	0.145315542	0.118456455	0.960241312	0.335639724
0.27908989	0.121063193	0.130842006	0.293250372	0.399739797
0.290228325	0.351861493	0.395579653	0.978815529	0.566089031
0.028073415	0.206667679	0.409331955	0.980476788	0.458472284
0.378477147	0.167977322	0.519758396	0.134247324	0.257208955
0.373704514	0.390311364	0.052568374	0.637323937	0.447761808
0.313922458	0.16250751	0.979473936	0.894880741	0.520029623
0.116897075	0.165076578	0.864626781	0.788074059	0.017077231
0.310264192	0.318205162	0.903383394	0.034852099	0.983598824
0.279078583	0.045234547	0.474236641	0.748651631	0.165655159
0.179960159	0.430643489	0.088357628	0.942784664	0.533429492
0.366256365	0.274030078	0.439922136	0.274953458	0.005311695
0.471544047	0.25618808	0.540143325	0.151528086	0.543143302
0.259965096	0.195363391	0.293361003	0.079039319	0.069726486
0.173605903	0.156881336	0.864674193	0.660871566	0.504091265
0.305747494	0.179671027	0.801422988	0.582293585	0.46533463
0.363801959	0.261936856	0.662918648	0.87078673	0.022269918
0.316471744	0.30261162	0.785255322	0.621788142	0.750461214
0.332162835	0.287425193	0.169390181	0.855632143	0.169193176
0.236460357	0.228982543	0.708498869	0.187281133	0.855079544
0.21810438	0.241894167	0.479433964	0.485428948	0.368714636
0.209424248	0.232262795	0.607383696	0.656842866	0.448160366
0.178252733	0.21537851	0.386121098	0.999387187	0.488271237
0.126135802	0.279535048	0.663864972	0.439539192	0.128124243
0.43947475	0.12338264	0.12518923	0.271335602	0.104449606
0.218861777	0.15844913	0.364983068	0.772015495	0.886538386
0.29139382	0.427858242	0.565373079	0.391046786	0.638545514
0.157668891	0.14761362	0.033314731	0.689719682	0.787020259
0.394239504	0.338950308	0.94432886	0.530991182	0.43761008
0.278234245	0.290170887	0.351179239	0.256895677	0.889130984
0.206533159	0.223866272	0.299975828	0.365278689	0.849862446
0.395590644	0.219889242	0.764218412	0.801525406	0.046067271
0.314675635	0.41931704	0.400473074	0.898059903	0.126043884
0.133084924	0.284154286	0.923366297	0.425825773	0.475789439
0.728721591	0.886896888	0.16674662	0.698763777	0.556105724
0.652676786	0.622272401	0.436441619	0.094215339	0.02363764
0.820750993	0.661330137	0.945237557	0.89089209	0.199293861
0.759225942	0.632517812	0.222876616	0.705251955	0.866378022
0.688972628	0.685239297	0.65206301	0.097663273	0.057541337
0.765546768	0.583949455	0.123672973	0.32353346	0.890863757
0.717535165	0.630365064	0.26354614	0.981002625	0.103490578
0.653135232	0.6734393	0.695533988	0.888765855	0.142356167
0.75712363	0.685585683	0.320007761	0.832837202	0.06147776
0.858309004	0.669180065	0.537166299	0.498135352	0.780659265
0.758062723	0.763539372	0.533032258	0.229789188	0.460980415
0.800181647	0.630489613	0.681132992	0.634461762	0.020600843
0.719597319	0.824406538	0.833892583	0.058793497	0.00012033
0.819446938	0.697215795	0.138687886	0.046912901	0.099346411
0.689430428	0.553228963	0.584043539	0.251252122	0.595008417
0.644249655	0.776368899	0.212624156	0.564014294	0.51894239
0.622875951	0.784225625	0.672910735	0.249157723	0.985696646
0.702438931	0.691957655	0.413627125	0.296346767	0.320302287
0.754572798	0.681097881	0.439875815	0.458455476	0.428245163
0.917686173	0.862392733	0.323876035	0.201428708	0.629462012
0.762354346	0.636038001	0.509014203	0.752610801	0.919639292
0.859095339	0.633600394	0.928465717	0.075743534	0.725036317
0.589780614	0.627318322	0.888575403	0.166455138	0.3252283
0.806748096	0.797096231	0.98428127	0.95615536	0.150143309
0.761022266	0.611745851	0.045591052	0.007181871	0.538748928
0.746247661	0.626007641	0.651822197	0.391459717	0.860140326
0.804886115	0.84183753	0.293976904	0.079309773	0.45972892
0.751239944	0.941167557	0.791848122	0.513856913	0.84223368
0.92323711	0.756185434	0.380393054	0.718445265	0.525361236
0.667511492	0.637950428	0.42692171	0.629360773	0.031459633
0.840526951	0.663775002	0.284896026	0.930739855	0.163892747
1	0.625120036	0.061555725	0.014751646	0.815561928
0.700816764	0.701115988	0.958983189	0.023643472	0.968871503
0.66227587	0.615616752	0.821153829	0.119331903	0.135604224
0.797400461	0.558830827	0.43991518	0.384107678	0.628636484
0.790234759	0.681952015	0.76996835	0.072319462	0.044372625
0.640163152	0.710486759	0.037101184	0.311308826	0.997055739
0.676667455	0.914042893	0.203590211	0.971338081	0.912555145
0.803205531	0.722656264	0.30787004	0.950470793	0.523092269
0.756934227	0.485684169	0.106934052	0.842275608	0.59021265
0.758646038	0.606268493	0.632311864	0.721123758	0.55033646
0.69394596	0.638568565	0.062813082	0.103210403	0.285868325
0.711278604	0.640943116	0.005301484	0.610277309	0.016575641
0.697280162	0.660664407	0.194855776	0.342856998	0.495415525
0.718215582	0.823824735	0.14308098	0.74450074	0.366457333
0.774260627	0.706460151	0.034318564	0.491014458	0.113208228
0.836134982	0.676717246	0.041978697	0.0765702	0.694228539
0.695570845	0.748493088	0.838578742	0.724338529	0.503326274
0.713034681	0.785917929	0.401917487	0.884805501	0.441874989
0.788282505	0.701812574	0.881781371	0.259379454	0.217123944
0.657949153	0.768578886	0.15754225	0.61745737	0.905536146
0.75847587	0.700052281	0.012515866	0.966938731	0.540768142
0.682142092	0.721739689	0.661579537	0.602937195	0.517696894
0.738644021	0.654650937	0.868536688	0.073391889	0.382481501
0.624449269	0.76365532	0.100896639	0.885460004	0.836849341
0.836538912	0.71799134	0.320061658	0.517077934	0.470848285
0.604291346	0.679375883	0.186387157	0.059944705	0.34737195
0.661552523	0.643789267	0.14578478	0.463765236	0.438538437
0.895455025	0.726809299	0.371255918	0.478736966	0.745464245
0.75422057	0.778198438	0.524231879	0.900788868	0.272467217
0.669115465	0.791634188	0.566156402	0.826737661	0.79953685
0.749949303	0.679478557	0.862901625	0.187191938	0.325155558
0.775016818	0.742161818	0.268413104	0.135675584	0.313954605
0.819907164	0.727079235	0.731853667	0.07219396	0.724489528
0.57303449	0.671373507	0.152538267	0.617670623	0.947508401
0.771938194	0.575446375	0.684211655	0.514791068	0.591670775
0.762816275	0.866813368	0.630363759	0.857286559	0.889436972
0.744054306	0.708296587	0.795841933	0.032894328	0.249344264
0.712298463	0.707970004	0.4032691	0.987258377	0.636556825
0.597372126	0.706690229	0.613863927	0.166169413	0.282972491
0.700068762	0.778592469	0.006197386	0.186653377	0.012627902
0.726643935	0.636638466	0.296541877	0.626834742	0.568407685
0.831902983	0.723300709	0.296514355	0.107655342	0.295254878
0.683653323	0.661606732	0.012685377	0.675008086	0.119468369
0.722363213	0.58378618	0.075920489	0.647209914	0.794870831
0.716182789	0.712882916	0.919262785	0.569798828	0.62363623
0.780041407	0.732428489	0.330883966	0.562341751	0.845565446
0.715648004	0.650779313	0.679048966	0.495099149	0.535381653
0.697124207	0.759699426	0.199286529	0.965829959	0.200326838
0.823114386	0.840446214	0.965713724	0.930376516	0.516724501
0.642909407	0.597848716	0.012363844	0.324788985	0.875309263
0.789261378	0.639716395	0.321345759	0.270507471	0.223365655
0.672800959	0.744036545	0.402039894	0.169250098	0.653592905
0.694873878	0.697613008	0.456705185	0.059983961	0.404012062
0.776047777	0.829716062	0.055288696	0.138262826	0.804310833
0.848444711	0.69241633	0.154888159	0.284316599	0.58112238
0.753894306	0.724428907	0.895613073	0.479248364	0.721535124
0.464297528	0.728230415	0.40242943	0.006745195	0.410833722
0.696647222	0.608447916	0.014554603	0.46812327	0.99352135
0.776988867	0.85405532	0.585512901	0.994931419	0.031260701
0.753207092	0.76251571	0.09981827	0.160688426	0.145565491
0.78887426	0.721553432	0.68211271	0.948855783	0.117990875
0.782784	0.782174806	0.6331995	0.537543428	0.483297366
0.67728745	0.780700333	0.922842902	0.950104417	0.091310687
0.813993808	0.669921992	0.467843311	0.5024226	0.164821504
0.653946794	0.804582172	0.614042374	0.763952672	0.262947658
0.778878114	0.787631866	0.015489447	0.135643174	0.774004631
0.640898318	0.663986195	0.121323301	0.737475601	0.974894583
0.556045565	0.682106897	0.008770907	0.980806807	0.219456624
0.784608835	0.726257541	0.083044645	0.524045947	0.214803071
0.839795515	0.616792376	0.593709199	0.493353873	0.139755487
0.526757586	0.765651953	0.595780237	0.465592387	0.808460736
0.587740598	0.694034533	0.589003075	0.653350341	0.975713298
0.819069704	0.6949834	0.101043544	0.810112542	0.072064455
0.779153299	0.730466162	0.188816582	0.982323434	0.188939517
0.877503498	0.811783759	0.511025416	0.642687449	0.894459699
0.697442057	0.697010705	0.026018991	0.031494758	0.889030182
0.593343996	0.875197474	0.430726613	0.394908236	0.939079203
0.776104952	0.650752676	0.167480546	0.802252227	0.425379665
0.66410998	0.654523991	0.680333085	0.701280046	0.864814641
0.680723635	0.619213977	0.852620349	0.881310579	0.485212532
0.708705027	0.737049152	0.193942127	0.904038689	0.280238204
0.585854044	0.744375102	0.009877938	0.712718818	0.835455408
0.808108641	0.642390136	0.52316108	0.09129121	0.268387596
0.797062808	0.722875575	0.620071286	0.710085282	0.861175782
0.707157362	0.818108502	0.893474473	0.353885422	0.484013594
0.636727594	0.693656092	0.04724475	0.155484744	0.409566996
0.741832062	0.761323833	0.056095483	0.058751183	0.009682385
0.619949463	0.764958169	0.666885525	0.969512321	0.648351926
0.777073715	0.75399	0.44980707	0.66624411	0.799160416
0.679146459	0.71898355	0.3685121	0.794211401	0.451287972
0.732309595	0.620428424	0.175253889	0.938772913	0.507881117
0.757503974	0.683895121	0.800752032	0.382550684	0.762604192
0.686071871	0.679483353	0.582015487	0.481221016	0.323438472
0.927631544	0.734639726	0.632109536	0.356544158	0.98171818
0.786696368	0.634326367	0.120770087	0.906498211	0.134871206
0.728164203	0.669157864	0.968090674	0.751195272	0.345560476
0.861113626	0.798137817	0.877745142	0.915677483	0.760116531
0.643158089	0.782675342	0.909910114	0.501743238	0.58836215
0.673040487	0.765647284	0.213366151	0.274405324	0.203599847
0.819014357	0.714534995	0.33695713	0.310345402	0.991654592
0.695398712	0.67889094	0.454947139	0.143882489	0.290458326
0.777951404	0.663757162	0.002349058	0.697131927	0.901843078
0.793683506	0.632409537	0.189563152	0.719714435	0.650331222
0.811766165	0.768005182	0.681047913	0.399559688	0.278979214
0.701435865	0.697817267	0.064790725	0.520960971	0.220979162
0.732480223	0.882180208	0.900608707	0.409356598	0.756206692
0.533505176	0.620453355	0.42390188	0.662525975	0.890946453
0.685852846	0.509858905	0.875593522	0.444436111	0.800397194
0.747524898	0.696909527	0.669973247	0.747059294	0.537221473
0.729285504	0.725085255	0.674669385	0.8998167	0.029654954
0.71524494	0.75181784	0.991257133	0.700040841	0.389426688
0.731846367	0.622749358	0.136523453	0.411526641	0.859467447
0.859742223	0.655791025	0.643548555	0.626741148	0.833605116
0.634620875	0.767135753	0.86986954	0.092305316	0.273069163
0.907840122	0.74796775	0.456900761	0.316346911	0.299908439
0.712788053	0.697243648	0.308034745	0.455601728	0.52452351
0.746677559	0.618723472	0.029379991	0.949821524	0.489745985
0.964249306	0.806402733	0.909816865	0.643206556	0.139617127
0.697463551	0.500045839	0.423091419	0.680019678	0.727780031
0.633338315	0.779466361	0.411622896	0.517932125	0.738409885
0.668916835	0.750828508	0.701991904	0.295945794	0.87472573
0.684176196	0.62648531	0.652557953	0.503621497	0.882771328
0.70482429	0.667336451	0.015666851	0.989684501	0.031633281
0.779592829	0.780880192	0.220789739	0.332582709	0.416372689
0.927177555	0.527096605	0.273100922	0.884680206	0.053418085
0.760878067	0.629620852	0.746928122	0.964443464	0.069656781
0.759151075	0.639581977	0.286767155	0.808174249	0.495406898
0.72019686	0.900334181	0.11701718	0.8076106	0.347013612
0.601285512	0.567935798	0.868225954	0.409391341	0.965880601
0.663610525	0.745712505	0.637483894	0.569675932	0.935641322
0.620409675	0.657121438	0.874856067	0.415759063	0.179943041
0.790820693	0.609017324	0.099274229	0.831068478	0.512921228
0.714296578	0.796956385	0.891762461	0.544252845	0.695055692
0.755779142	0.899968958	0.038303178	0.969962243	0.769398466
0.857729627	0.733325585	0.857500657	0.711184173	0.01875609
0.68090026	0.754049533	0.128589294	0.503289785	0.080098276
0.643420571	0.511586675	0.270491629	0.306079891	0.204750705
0.870068443	0.64255108	0.087276123	0.150489024	0.346962025
0.77244449	0.748007329	0.795053698	0.086277649	0.517515969
0.757823317	0.578775068	0.283099123	0.449256456	0.829133507
0.652631343	0.689540012	0.622200014	0.967618882	0.400600251
0.846142737	0.589183672	0.957526718	0.552786358	0.430233895
0.86517675	0.753366903	0.318579725	0.656728118	0.055918408
0.777581103	0.648282202	0.403353317	0.781245362	0.004106973
0.673966945	0.843923648	0.173870953	0.783582081	0.326512004
0.765422982	0.732130905	0.343815198	0.588541006	0.535430588
0.82675837	0.797538055	0.21254116	0.055307271	0.334175248
0.62367206	0.695032956	0.287846445	0.830867645	0.104873828
0.722937903	0.585332423	0.148416214	0.641875695	0.896713536
0.730739564	0.680178954	0.610027528	0.686376218	0.595838492
0.6644727	0.767662701	0.860863629	0.851434858	0.881012123
0.700615158	0.839560129	0.244128436	0.4632309	0.032316878
0.774837359	0.667729361	0.768709016	0.788395419	0.424504024
0.622556753	0.813565	0.716032783	0.530179619	0.459858146
0.833340576	0.733611294	0.8724679	0.157362625	0.481947697
0.843913863	0.617682029	0.884692633	0.236534234	0.187165013
0.756612292	0.748606793	0.498338811	0.14806422	0.880338775
0.873627159	0.706614688	0.084821256	0.390167133	0.457632545
0.887764167	0.878443699	0.602660516	0.201838072	0.28678926
0.791365005	0.652138735	0.05459623	0.983894286	0.684928809
0.845462048	0.755911611	0.376740735	0.393719239	0.925664224
0.768998347	0.672078493	0.729774344	0.1530777	0.097074227
0.644037477	0.490897239	0.479531441	0.876367814	0.408178857
0.748230697	0.580365845	0.441652891	0.210736212	0.606205594
0.810561819	0.596067533	0.713359081	0.102301617	0.759548122
0.61192634	0.73151935	0.072329487	0.735494874	0.38401305
0.649316219	0.707739328	0.581537435	0.420325642	0.407315607
0.781745009	0.862566691	0.867888741	0.386921472	0.709897952
0.688880514	0.775428543	0.789475031	0.025990415	0.162853372
0.647442587	0.719372454	0.883364111	0.024014079	0.194360189
0.797534872	0.733976771	0.476853981	0.909658746	0.044569872
0.733900421	0.766724029	0.240545427	0.74783214	0.97242043
0.689498705	0.90354701	0.073057454	0.428881241	0.466911495
0.801315093	0.845436442	0.419997241	0.791700965	0.677678595
0.565585713	0.846701215	0.366801398	0.624302739	0.662333078
0.700617143	0.86884399	0.364087798	0.461153814	0.710864591
0.582025266	0.78368365	0.035185648	0.520963773	0.728141025
0.629652737	0.771869473	0.15229026	0.37527477	0.576566872
0.630227211	0.750307582	0.313705948	0.694357668	0.550652357
0.641926699	0.564101291	0.546487403	0.895642665	0.373503873
0.889364561	0.648053443	0.643764535	0.117942797	0.066655197
0.709404107	0.707848259	0.207599292	0.653464472	0.354203106
0.75746153	0.672738738	0.720149527	0.415571854	0.059452122
0.622869121	0.781675046	0.017811211	0.951702606	0.881989362
0.729895276	0.705459137	0.856502663	0.571001316	0.75289745
0.70063045	0.688638648	0.81073048	0.080467502	0.389779449
0.587025772	0.760226536	0.993739712	0.004000363	0.849401268
0.802346456	0.813337718	0.772664699	0.457620011	0.573549754
0.6816959	0.689158291	0.449379438	0.046278069	0.842847346
0.73588041	0.73926894	0.759550563	0.611422531	0.38208999
0.772376818	0.60010259	0.757219181	0.08352163	0.724766378
0.598928911	0.843450711	0.142540333	0.785852056	0.232593015
0.799520262	0.73833586	0.964160234	0.370043977	0.18031278
0.813799468	0.778564632	0.833585341	0.054713229	0.859036728
0.620390781	0.690793747	0.300569895	0.264609156	0.152832907
0.723728504	0.641012987	0.733565353	0.614303024	0.585311624
0.57036462	0.560307176	0.031619238	0.167570799	0.965269864
0.852587264	0.601444648	0.997262593	0.68344669	0.355709316
0.681711987	0.921647152	0.90125804	0.15269292	0.28210407
0.717576003	0.85873463	0.418937285	0.795942533	0.431207964
0.784208052	0.651122679	0.844524273	0.302418753	0.50857868
0.840800277	0.804378969	0.054177582	0.969292163	0.648276256
0.666205591	0.763240193	0.556229396	0.209987227	0.31168379
0.753983675	0.692462701	0.475213047	0.294846712	0.006738081
0.820247527	0.75087877	0.92821436	0.258541751	0.632812821
0.692146415	0.682066798	0.928339199	0.779274027	0.514543925
0.69784165	0.626019943	0.212544345	0.493410385	0.939878057
0.645505413	0.694643266	0.87848778	0.450635241	0.725457393
0.903543885	0.66801119	0.768012639	0.172768757	0.886710461
0.669036083	0.571586516	0.597401789	0.18247961	0.462557026
0.808614256	0.604647328	0.174050283	0.711578646	0.007814937
0.73503994	0.699032689	0.401483553	0.637262628	0.063166558
0.766586241	0.773115994	0.687160307	0.603241413	0.635705015
0.715896945	0.862087734	0.789753845	0.185316845	0.986343145
0.649448962	0.762678969	0.50351985	0.298815483	0.65123941
0.735461507	0.901698612	0.583255216	0.690889102	0.600401749
0.632566124	0.665466824	0.808697823	0.601218503	0.82138588
0.699612315	0.77151409	0.790050305	0.754312886	0.5374904
0.632670027	0.697736759	0.116851654	0.879874135	0.442330832
0.869546247	0.708268537	0.849334295	0.991071477	0.497187623
0.840207561	0.864530442	0.115975694	0.790539738	0.135031685
0.626362524	0.582342538	0.622742856	0.435385433	0.821412836
0.664499655	0.675052952	0.211340135	0.316138355	0.370796732
0.635403695	0.741274915	0.386719013	0.540319549	0.188485017
0.511382565	0.700637276	0.894361358	0.444413381	0.407956829
0.647748483	0.826890209	0.318053023	0.70507846	0.352493817
0.634163274	0.717080494	0.03208947	0.234034681	0.284763577
0.695540326	0.649734778	0.63552447	0.378175335	0.355670071
0.797906921	0.644164863	0.015024372	0.044308564	0.222279113
0.774813962	0.792128656	0.272545088	0.383158992	0.213862822
0.65727792	0.659817713	0.517572592	0.123304528	0.29063818
0.720518229	0.651541893	0.293333532	0.029527288	0.829980888
0.704627923	0.775493005	0.490914305	0.270329306	0.576938133
0.686629901	0.653067596	0.424286386	0.404775124	0.619672157
0.693854085	0.522229283	0.399235311	0.900798275	0.323129774
0.691583548	0.778571845	0.021194926	0.663959362	0.702055415
0.866747379	0.706053444	0.041361902	0.304384555	0.601397498
0.713347718	0.594940913	0.321425348	0.977010615	0.151401074
0.539250422	0.808466745	0.903364957	0.390243861	0.970568736
0.659766565	0.596040505	0.190578856	0.416022792	0.599464031
0.761190936	0.631939604	0.265502499	0.999187203	0.374044519
0.73884368	0.675776844	0.07919449	0.077324275	0.464398351
0.605601143	0.735045799	0.85734313	0.713598127	0.196452531
0.878123259	0.777770702	0.757400564	0.106831044	0.651206635
0.726983272	0.767588444	0.171190188	0.674232541	0.684959914
0.839588153	0.710106316	0.146826355	0.998185648	0.297635248
0.65065928	0.776273444	0.730568055	0.691308278	0.614206624
0.735764611	0.785257076	0.615551634	0.449022645	0.353025901
0.788170887	0.618281719	0.227450104	0.301232859	0
0.745079709	0.767290228	0.491624858	0.871377692	0.913447223
0.857154789	0.803762882	0.389037676	0.488124729	0.303715926
0.746741587	0.71378477	0.302627055	0.94500789	0.66867311
0.729892028	0.693498225	0.945466536	0.718075889	0.11896803
0.673049936	0.644003464	0.294880036	0.743529911	0.263099924
0.644290513	0.815484467	0.639818809	0.957387315	0.882082611
0.722660482	0.740572149	0.434322272	0.126357253	0.994603529
0.690450615	0.805412697	0.309831582	0.915613532	0.802640913
0.648021173	0.609630219	0.818324794	0.846892152	0.142253134
0.605394448	0.62037824	0.469281429	0.100937842	0.22500181
0.733463543	0.673311897	0.961847	0.291635377	0.068187981
0.731923564	0.657893198	0.487842079	0.299001202	0.79144616
0.729391256	0.710133968	0.418961442	0.718998541	0.50155349
0.656048865	0.571535355	0.834542777	0.247860878	0.536437597
0.737062263	0.551396465	0.726806578	0.700448236	0.944486722
0.624856854	0.753007339	0.169210872	0.709246379	0.423416952
0.679367053	0.798915052	0.096177467	0.142141135	0.880683497
0.620437537	0.71569422	0.858872788	0.313933104	0.966364661
0.652973322	0.786148649	0.549230975	0.311868653	0.775517488
0.856654823	0.525548635	0.367221144	0.330191333	0.603465041
0.899422798	0.726114571	0.010034727	0.310955581	0.865100679
0.833980672	0.569106342	0.056947198	0.220127424	0.746459741
0.804052223	0.701460523	0.433507243	0.900796716	0.064739426
0.824297122	0.600756089	0.150574077	0.382757731	0.638682571
0.881051776	0.667620432	0.894929299	0.08803859	0.283622367
0.880420226	0.72646987	0.828572692	0.019594724	0.745691303
0.716783921	0.646655213	0.744313666	0.280919173	0.863222642
0.852519584	0.779994738	0.604165666	0.239557238	0.259293077
0.633402286	0.70195345	0.404587268	0.041426476	0.39162487
0.732239897	0.971023247	0.484201659	0.431665271	0.636661795
0.54922462	0.741113757	0.620123059	0.752179724	0.417198855
0.679813909	0.659003957	0.238185384	0.296770495	0.261406708
0.75435869	0.91949957	0.086190802	0.13227447	0.94382787
0.711812073	0.839679606	0.777493699	0.15051286	0.890402665
0.67593875	0.62531173	0.767494809	0.7522683	0.492973291
0.765378272	0.638496542	0.638802726	0.158667433	0.220674366
0.764018574	0.65662178	0.686441828	0.919955284	0.040884396
0.833184671	0.835327916	0.429415696	0.703993058	0.729439873
0.657018858	0.767992033	0.619501826	0.055986118	0.605617705
0.575810639	0.716893539	0.331816386	0.448656583	0.239420906
0.74603398	0.751008027	0.854032659	0.925624331	0.553543455
0.545893065	0.873406508	0.273008113	0.612598573	0.858684076
0.808431057	0.784307561	0.851722925	0.176998902	0.216785435
0.588482258	0.640808448	0.506550202	0.709094746	0.618639778
0.823370945	0.727898037	0.761174253	0.806596253	0.739866491
0.793506531	0.640020628	0.083979694	0.641718412	0.911164444
0.799055946	0.644030822	0.677510388	0.65255422	0.994835512
0.758921255	0.595061062	0.039330336	0.177999183	0.204885643
0.775864087	0.640294958	0.124811927	0.073521544	0.040379647
0.888128849	0.75804404	0.042594703	0.826035545	0.294125529
0.7854887	0.785592932	0.419138129	0.94966513	0.60485676
0.812545771	0.632451815	0.897179521	0.99233327	0.06547515
0.858993609	0.562587326	0.812453367	0.616922888	0.490633998
0.758755721	0.913853909	0.410083281	0.797697514	0.675469732
0.666633612	0.820175434	0.172730961	0.878485036	0.623398633
0.756413151	0.730260855	0.527892043	0.510488476	0.195572136
0.721103164	0.711995931	0.17400232	0.22951318	0.985143608
0.591208072	0.628196369	0.560354416	0.387187168	0.265923405
0.752944528	0.63085814	0.438973428	0.568700413	0.672746385
0.901120142	0.666894163	0.640958418	0.515137215	0.22677
0.744835635	0.608723207	0.929367	0.212324618	0.038127064
0.729800203	0.608606596	0.226348771	0.080094069	0.806885428
0.641484587	0.660837819	0.109096916	0.353942179	0.624171782
0.767873505	0.775265605	0.04319959	0.309808636	0.269947874
0.698322927	0.601773717	0.779699455	0.652102921	0.977366908
0.780841172	0.743613646	0.063832676	0.971087572	0.520726466
0.729977842	0.713545436	0.81587898	0.744363488	0.218034077
0.709876636	0.627044385	0.489716703	0.549609816	0.781408774
0.744231195	0.625191973	0.072404599	0.297503007	0.984457243
0.699762852	0.652964326	1	0.149804319	0.568540898
0.833437052	0.751082998	0.079200892	0.572098523	0.657425918
0.635854501	0.692916047	0.616525495	0.303246313	0.541898382
0.579888038	0.752096886	0.181068287	0.355746002	0.874194227
0.529123228	0.750282222	0.803298802	0.167875534	0.829381642
0.686017874	0.829325856	0.856937361	0.485427136	0.082498243
0.760899039	0.643203962	0.747133143	0.530020643	0.946179335
0.759305295	0.709809629	0.742130604	0.753685907	0.439603522
0.77105598	0.879051985	0.50053023	0.350803052	0.628752276
0.769372475	0.747067446	0.68201136	0.938783788	0.626867805
0.661470817	0.672100958	0.470978373	0.070272313	0.864489161
0.762338911	0.636468311	0.091413946	0.677967994	0.778659372
0.777145853	0.734958019	0.608597184	0.51923327	0.987069685
0.64003601	0.60524232	0.184558633	0.513509595	0.050254514
0.774559131	0.799571796	0.959085425	0.078314989	0.756081634
0.700628394	0.52369444	0.085602694	0.517963421	0.608889711
0.71828219	0.731849931	0.284408767	0.720271576	0.107443915
0.719602557	0.624041702	0.897215724	0.850014859	0.623305064
0.789707487	0.769869026	0.873482484	0.187681771	0.029065382
0.558185199	0.760798995	0.859603324	0.777833978	0.881469408
0.598957603	0.759770552	0.425866957	0.358442415	0.434168688
0.651068223	0.782188031	0.67367146	0.109401068	0.082148773
0.651439985	0.725153627	0.006665604	0.270912222	0.729112104
0.587501631	0.719053562	0.141663571	0.669578119	0.901124287
0.673555629	0.734301717	0.038700553	0.569245995	0.513556401
0.842690592	0.725868081	0.184045606	0.763949666	0.820504213
0.719896543	0.736148164	0.667978254	0.040961277	0.089610206
0.632627112	0.604234085	0.726415387	0.584076079	0.573480511
0.576679374	0.706492856	0.879482711	0.667710265	0.09724346
0.67507094	0.673578271	0.373781491	0.995960049	0.26311649
0.912210791	0.712778517	0.835862337	0.114440184	0.876570388
0.796987661	0.756208026	0.345739148	0.617597088	0.194370413
0.727534428	0.592638542	0.422932035	0.940991689	0.427151395
0.727615436	0.734637343	0.9589058	0.294720492	0.768613108
0.740905932	0.680071604	0.24723091	0.024190367	0.15426024
0.730780698	0.627712775	0.108129713	0.793607727	0.72628323
0.721969029	0.657777007	0.335521791	0.355463749	0.677038832
0.694884121	0.755245629	0.84827591	0.132913175	0.769009886
0.754540044	0.698130215	0.614082153	0.773310693	0.275041344
0.744650832	0.7149767	0.740008622	0.861624244	0.977908034
0.689844609	0.667869115	0.356591977	0.238282607	0.357429848
0.644107011	0.745671838	0.230113412	0.118693881	0.532088688
0.579369452	0.64949975	0.294603942	0.662491081	0.062486221
0.642147478	0.683048181	0.975684767	0.200943281	0.383652262
0.750311982	0.873996897	0.903527688	0.99514137	0.896345192
0.763311281	0.603320867	0.509970451	0.875994498	0.107030061
0.701029098	0.757539831	0.242754754	0.276549968	0.286246028
0.712039323	1	0.366854216	0.994578002	0.274561006
0.678759666	0.659616031	0.365177527	0.346134558	0.809865488
0.605990115	0.729169735	0.397718799	0.134949112	0.624833954
0.905361033	0.703263274	0.570749995	0.533699093	0.866604305
0.714677668	0.772089935	0.985933101	0.498922257	0.643325485
0.78569988	0.592112891	0.624351113	0.200364829	0.019852727
0.707462405	0.8729493	0.405281213	0.648160033	0.002010943
0.574329369	0.741384615	0.039172714	0.813727214	0.83038588
0.811470249	0.689291312	0.567934149	0.585777377	0.163029806
0.991750953	0.795286483	0.662235766	0.309073365	0.170935187
0.810620947	0.874215632	0.44677303	0.195094729	0.38445324
0.927974507	0.736381374	0.778877184	0.533556375	0.714526853
0.674957935	0.679644004	0.184664148	0.182372157	0.457010006
0.513731504	0.708920648	0.413890597	0.292076539	0.06114731
0.911749651	0.516611584	0.069158963	0.608774883	0.044798044
0.720318143	0.630996302	0.355771541	0.344744335	0.867799095
0.708533167	0.765417555	0.737117292	0.653124539	0.676173845
0.746362103	0.889606567	0.730128629	0.428566556	0.089552595
0.620701633	0.765455524	0.840840065	0.127991021	0.900793494
0.653199517	0.697453859	0.957508164	0.163048193	0.256285304
0.751314468	0.941391769	0.691158906	0.976307877	0.689052867
0.622487974	0.640580418	0.949899391	0.983713568	0.295026578
0.74778856	0.767961811	0.501897941	0.53640064	0.935880546
0.64736131	0.740702243	0.74516361	0.688974809	0.09188548
0.756899249	0.592437228	0.399804727	0.434563978	0.665480184
0.712902567	0.677110433	0.354592824	0.911788244	0.741281279
0.702794553	0.645182149	0.765543117	0.909927308	0.511526442
0.810167671	0.735330902	0.930268167	0.310617365	0.152864355
0.67574867	0.780753837	0.683383524	0.97225581	0.572249418
0.607336305	0.710199164	0.458894662	0.377282535	0.806858495
0.585581667	0.641036111	0.929486612	0.589964315	0.961164691
0.71866222	0.686185028	0.496100029	0.735161459	0.444771559
0.745757687	0.76675742	0.638352703	0.8976969	0.891993731
0.90249379	0.812093636	0.253840725	0.693221424	0.792313488
0.723851836	0.822356117	0.75764148	0.16802609	0.874819314
0.686572835	0.73490256	0.908419476	0.586929624	0.611267409
0.78024797	0.910167751	0.041194542	0.427186382	0.778119486
0.691130406	0.736410416	0.487683904	0.340498639	0.719581057
0.764336203	0.61137221	0.1222098	0.720736802	0.589868145
0.733047058	0.696255432	0.431046805	0.991398677	0.870282293
0.698124708	0.717786247	0.3862254	0.518391085	0.412888475
0.826987569	0.76521854	0.256224108	0.606327892	0.705843835
0.774848961	0.755834794	0.901647065	0.65848443	0.635350509
0.716132025	0.432467279	0.508530596	0.430769245	0.761222888
0.65062588	0.863460134	0.495244222	0.702831122	0.318185406
0.57828665	0.668302894	0.997334014	0.369843922	0.274972437
0.932507671	0.686887709	0.880958642	0.620272501	0.880963859
0.757613294	0.857914648	0.218755592	0.900326694	0.040784255
0.872763148	0.693339568	0.217216721	0.377859759	0.886557576
0.705069585	0.69726093	0.06407056	0.039747507	0.095933795
0.806681241	0.524240496	0.974429669	0.494094199	0.654621117
0.976154513	0.795193386	0.481968917	0.930923973	0.660212736
0.704698771	0.852245171	0.746978261	0.774118274	0.723546608
0.610920906	0.635505713	0.549831427	0.534445113	0.650728733
0.830831254	0.776733758	0.101220398	0.821705076	0.950422985
0.706255469	0.611484884	0.648815417	0.092075817	0.039853254
0.628107321	0.739810042	0.779739392	0.766607735	0.14805731
0.817896197	0.908917353	0.602495185	0.879865517	0.24617111
0.725362747	0.621034204	0.485770549	0.180276128	0.574161605
0.674841699	0.630652225	0.587744995	0.904725475	0.737778294
0.769592697	0.801102513	0.869236593	0.836033015	0.230884002
0.807766001	0.434178812	0.304872819	0.037980773	0.288148397
0.706014336	0.795573805	0.270985841	0.148261619	0.769255544
0.762826187	0.612677106	0.519452766	0.209174114	0.052659448
0.917330508	0.608169984	0.214545044	0.663019805	0.18812697
0.719202823	0.708699866	0.993248211	0.408891087	0.925370773
0.634686813	0.804506222	0.208503745	0.07625917	0.905413699
0.833862658	0.636477505	0.931159828	0.650937487	0.387312392
0.681478456	0.78365797	0.665295242	0.000622571	0.549762625
0.784541226	0.784918943	0.140336496	0.213557055	0.297232621
0.884236799	0.809848877	0.354277899	0.989962347	0.689574095
0.860891763	0.738027715	0.355753735	0.251991107	0.980728407
0.774814851	0.644624752	0.590307226	0.993591618	0.517991622
0.775414381	0.672808864	0.98488778	0.95746614	0.817386112
0.759255166	0.599097614	0.187308395	0.001839912	0.111813348
0.719589657	0.684895723	0.810748937	0.056628435	0.928046037
0.749127464	0.739266347	0.542880718	0.003389692	0.697221355
0.726415998	0.753380198	0.604804049	0.925753643	0.655177202
0.643209611	0.65038436	0.024659789	0.005588064	0.262702103
0.792750228	0.712968413	0.529116342	0.551438446	0.277763136
0.503702117	0.853596825	0.233428286	0.553891663	0.96400512
0.76044926	0.692665971	0.312992419	0.068442327	0.574761537
0.618148996	0.677443401	0.490343977	0.168407114	0.462728914
0.755623473	0.806143721	0.08692291	0.99025842	0.936076755
0.916809799	0.784761287	0.851649471	0.964557759	0.935822405
0.635706269	0.745310981	0.247821567	0.443642678	0.582329991
0.738611344	0.736030721	0.462087576	0.565034163	0.58904991
0.569582584	0.747695903	0.091584127	0.193306106	0.242828297
0.721594078	0.683887591	0.508397035	0.344941291	0.82356794
0.693195085	0.727312978	0.898876511	0.047542348	0.964703441
0.788931436	0.792008364	0.800096509	0.418727483	0.150600321
0.628040457	0.756239754	0.563860468	0.306402957	0.257632123
0.689939847	0.610037018	0.708572274	0.910894402	0.837852719
0.653860737	0.589657349	0.375110462	0.049378329	0.222651802
0.786703063	0.698964323	0.78723291	0.285821142	0.226060822
0.722748365	0.70973254	0.8892648	0.804963341	0.213207895
0.707356878	0.655280934	0.09598045	0.288612393	0.680058067
0.919864567	0.695066841	0.49756254	0.87760452	0.145766453
0.610919103	0.760589026	0.898862226	0.558271072	0.697640738
0.979652903	0.882966177	0.915730327	0.88467738	0.883549124
0.612508658	0.621777018	0.343913242	0.620192968	0.314771426
0.672029744	0.738607264	0.769805785	0.511462436	0.893192671
0.75735265	0.626341402	0.408807535	0.829386188	0.202420121
0.547425421	0.739019058	0.883757765	0.143921457	0.249323262