0.16939318	0.133129229	0.530499541	0.361936128	0.678804576	0.512878424	0.031705366	0.05300872	0.143021269	0.464905405	0.033829158	0.863212394
0.055102055	0.061771996	0.451252736	0.138030014	0.593657242	0.429839429	0.555182621	0.112749866	0.364810009	0.051058057	0.223875119	0.739466201
0.153456276	0.144317113	0.037019158	0.177124338	0.386108491	0.683437864	0.625050669	0.324449924	0.413780727	0.28435618	0.134685115	0.383409891
0.123430675	0.193746693	0.415191466	0.057694559	0.87919898	0.028271909	0.166947079	0.45351678	0.324500105	0.281550983	0.361401389	0.905150914
0.157966023	0.089056636	0.434291359	0.241976137	0.683906835	0.202948248	0.095026604	0.187320347	0.179516042	0.263341832	0	0.396674262
0.114553617	0.075517146	0.765505711	0.218521601	0.219761034	0.666721054	0.718344114	0.071111451	0.2010171	0.066471135	0.381108239	0.38669713
0.073040133	0.174250363	0.275833853	0.229176152	0.849337921	0.771060194	0.764691091	0.52494573	0.265823557	0.115110902	0.081301013	0.438793572
0.078021998	0.058521228	0.134663021	0.446621244	0.170761744	0.828187102	0.305731699	0.502985971	0.393779953	0.554498013	0.541649258	0.849890564
0.163099657	0.063721139	0.932113038	0.146787016	0.302049584	0.362262043	0.458305011	0.243584215	0.342978633	0.378211029	0.487416093	0.990072832
0.142814276	0.090765408	0.262976446	0.47390172	0.673915515	0.637086511	0.270679756	0.186650256	0.399916368	0.508210922	0.252050699	0.150912992
0.167035643	0.119064808	0.901669765	0.096008187	0.462181084	0.254757988	0.903688931	0.023071856	0.275209791	0.178559303	0.090748225	0.785021871
0.113982284	0.054993985	0.25587459	0.551791633	0.659493431	0.820840878	0.996144205	0.249189297	0.311737768	0.387138552	0.193977283	0.121117751
0.090961392	0.118657466	0.789112021	0.205725112	0.258400111	0.829037552	0.725834387	0.557273886	0.471845104	0.16108979	0.447050314	0.674283174
0.190509017	0.10152375	0.866582373	0.253480517	0.179668177	0.620099959	0.300204857	0.052488897	0.213183019	0.533388991	0.385328844	0.334885109
0.253126929	0.07495017	0.824261371	0.309218053	0.59126294	0.008791855	0.639935459	0.047893335	0.1852814	0.208955945	0.554504501	0.568958785
0.077891591	0.1520805	0.846743475	0.315189777	0.761005458	0.285258476	0.493637671	0.35373659	0.318837299	0.219462042	0.581958561	0.245784928
0.130548377	0.071305976	0.753777362	0.580197823	0.512449751	0.834620723	0.277927872	0.081132198	0.283706964	0.303828744	0.225889105	0.759170658
0.07677332	0.121250096	0.169810784	0.28491165	0.743762609	0.442230101	0.439572024	0.480039674	0.13959148	0.394397674	0.071480006	0.141030303
0.142074997	0.104214497	0.411198403	0.307077087	0.732730729	0.995142223	0.995993169	0.224080089	0.498808498	0.323868674	0.351986123	0.436005985
0.170580858	0.098483963	0.20413579	0.263417444	0.466544907	0.575482657	0.545230561	0.085802809	0.28133562	0.071068632	0.182502899	0.704901488
0.132326909	0.158403053	0.566947365	0.264153297	0.727350602	0.112995349	0.503216308	0.069913599	0.141604653	0.127475104	0.566250401	0.908918952
0.164282014	0.119012306	0.587348966	0.357931183	0.920444362	0.756057709	0.432562381	0.291874017	0.297473337	0.197041806	0.446368094	0.315842085
0.075931009	0.06780204	0.385440198	0.14696828	0.706100156	0.131702615	0.02682983	0.206195125	0.471195782	0.292644371	0.136759111	0.835063799
0.135627429	0.140735477	0.844890728	0.459743959	0.019672821	0.913694249	0.192597511	0.122949225	0.102593576	0.557407452	0.590453711	0.797445356
0.082531368	0.101496807	0.427989319	0.331222939	0.534398427	0.91999356	0.698363496	0.483969191	0.257528862	0.090855044	0.297322087	0.002029694
0.144289769	0.14750573	0.901082927	0.18697882	0.457805859	0.980293417	0.045885781	0.250174853	0.440063617	0.114338261	0.51359231	0.584721682
0.143916178	0.183471143	0.270062878	0.573147325	0.982950883	0.496558783	0.112202925	0.217181962	0.160305441	0.170549162	0.433905632	0.83032988
0.099151051	0.078724473	0.760490993	0.330022882	0.65303858	0.257106069	0.465296508	0.177492424	0.405360296	0.30298733	0.411650894	0.691923779
0.146763128	0.084482861	0.93389034	0.445795963	0.798731318	0.886873074	0.854029282	0.125544515	0.43112403	0.080989814	0.319162727	0.624057848
0.156735704	0.074345281	0.017148422	0.181688371	0.733229457	0.208176359	0.340177061	0.117557724	0.448200669	0.520829165	0.391557424	0.074084148
0.107744956	0.112502986	0.284807045	0.46832069	0.250349292	0.973005209	0.219805614	0.503528223	0.179441551	0.095020653	0.328255366	0.331217994
0.130354322	0.121712895	0.741104888	0.398366168	0.118612717	0.534560533	0.873385228	0.402646604	0.373887242	0.46730721	0.005543826	0.202455396
0.101984036	0.116292968	0.70497455	0.486785631	0.128809922	0.550007542	0.135710381	0.015095517	0.132252148	0.324373146	0.477074223	0.174041101
0.073408085	0.1213097	0.619452629	0.141637536	0.782466228	0.762708512	0.636107139	0.453937284	0.211590171	0.06239109	0.287889241	0.477696146
0.189483906	0.147329375	0.154848055	0.299848926	0.695666007	0.896151055	0	0.492126749	0.248861497	0.362795497	0.300800405	0.696449279
0.100818469	0.071852474	0.238103588	0.192245052	0.224584333	0.418299259	0.409190087	0.037537297	0.552224884	0.035916762	0.49913758	0.133198579
0.1234285	0.08200138	0.376012361	0.353077813	0.439013199	0.406392805	0.118981208	0.462191037	0.087713273	0.569516541	0.242701545	0.33335201
0.1834397	0.110765315	0.36309462	0.313701341	0.984606169	0.897994424	0.320989473	0.396536812	0.471579446	0.260888764	0.376648446	0.524135524
0.079739654	0.132921217	0.161141961	0.41177975	0.782202186	0.241643515	0.427792535	0.093111922	0.380158437	0.181281099	0.081706598	0.338316171
0.129776479	0.092038447	0.839637472	0.160892405	0.966723347	0.068500297	0.55128798	0.512286835	0.115936963	0.482021719	0.152376559	0.681969223
0.104065374	0.083023364	0.961993055	0.364033308	0.284811829	0.622353297	0.080110347	0.047981892	0.644609721	0.518844881	0.317385363	0.550121167
0.074185787	0.09902417	0.436790884	0.227398024	0.539599227	0.579364519	0.352707616	0.024768535	0.514052266	0.417951209	0.515732406	0.283021801
0.108622407	0.103074755	0.262784129	0.324604145	0.303201344	0.901035429	0.66896722	0.415742828	0.169686937	0.290067432	0.413091116	0.274658414
0.139863963	0.123774505	0.22196755	0.405549198	0.758370748	0.769282568	0.522441394	0.476400787	0.550899007	0.397176111	0.560451664	0.644510935
0.094070324	0.12278569	0.73201398	0.499471167	0.604069752	0.216434757	0.031674602	0.292630304	0.249654146	0.431280845	0.225830541	0.517689013
0.05599892	0.123159772	0.718157185	0.142466331	0.79307841	1	0.547747182	0.559007943	0.248447836	0.426503388	0.436970945	0.033345668
0.14155507	0.075573288	0.868189131	0.238140818	0.876903759	0.407473976	0.580507229	0.213660077	0.263506747	0.003015865	0.500758064	0.390442398
0.14115404	0.098257332	0.940552366	0.32531384	0.669708342	0.963551414	0.859322034	0.357712239	0.272550278	0.55991413	0.209830889	0.634060661
0.224147932	0.225558027	0.647671236	0.374681741	0.422920682	0.513784334	0.873132449	0.528899328	0.403737202	0.250430794	0.295250914	0.388473015
0.225472976	0.088834892	0.672301865	0.194266287	0.308586863	0.762412682	0.935460233	0.324343997	0.302123281	0.195908371	0.431369112	0.173948706
0.11783172	0.113238858	0.322077811	0.430700771	0.054899543	0.126976108	0.218241425	0.105895437	0.415287528	0.563282515	0.188459199	0.039726197
0.092561476	0.146755625	0.01058803	0.438041963	0.493150214	0.323242907	0.010049394	0.232947153	0.271894576	0.250519123	0.590843649	0.024689394
0.127307482	0.176739345	0.786629522	0.339795412	0.65821471	0.467627779	0.864163293	0.217034826	0.544008855	0.200654218	0.537968085	0.301177128
0.189920606	0.178939831	0.408263068	0.2111514	0.406497304	0.680758934	0.176295186	0.301090818	0.520902863	0.018919298	0.37178614	0.474720314
0.257990495	0.02813172	0.959543642	0.375582889	0.376167473	0.649118729	0.183640693	0.405859483	0.349553927	0.24549216	0.528564388	0.899094833
0.184531701	0.10454799	0.497425954	0.358438061	0.06730284	0.716703368	0.898886017	0.514691947	0.373041151	0.425525544	0.197690041	0.049073281
0.047302319	0.18027437	0.68980261	0.314457239	0.565931257	0.835296049	0.218397574	0.366925059	0.217542099	0.166278631	0.150833959	0.590438354
0.104169049	0.10157465	0.707088269	0.355979699	0.667645046	0.553930253	0.146485398	0.308775703	0.340892603	0.249904406	0.290420065	0.306067809
0.140452504	0.061456857	0.933770151	0.440322502	0.313844854	0.143311065	0.073982229	0.399995264	0.467336021	0.553566446	0.483862156	0.681164928
0.074098438	0.099448105	0.79088054	0.625313672	0.689045358	0.49242179	0.905426794	0.194652153	0.251670257	0.372373623	0.017755643	0.551419479
0.114239229	0.123600881	0.890373454	0.568692352	0.410178365	0.827362151	0.085731094	0.262025257	0.312732388	0.530023705	0.58509051	0.600420981
0.166803075	0.191506012	0.728453901	0.28285883	0.942182908	0.174835836	0.162557553	0.169915161	0.150001962	0.460779971	0.211436827	0.750709972
0.063251739	0.139311931	0.172275048	0.338597803	1	0.819651111	0.94463677	0.380498476	0.383337122	0.540871567	0.033087198	0.210601416
0.031078916	0.107314661	0.788878861	0.297048089	0.379780246	0.871731095	0.273511012	0.434441635	0.443188461	0.518920252	0.340268192	0.002715299
0.072474187	0.129707601	0.908109334	0.292722922	0.235762106	0.818529159	0.679259607	0.319679808	0.132951886	0.483537857	0.570511978	0.156789543
0.048077634	0.11115889	0.55849727	0.319426585	0.349158428	0.822718923	0.873871538	0.529579197	0.487358658	0.534755705	0.582865493	0.217845107
0.131222014	0.1319827	0.886265138	0.305583992	0.734217201	0.214516666	0.452046202	0.166501748	0.302352264	0.187309649	0.175072872	0.80948424
0.059142745	0.079833151	0.906474014	0.293336254	0.965744425	0.697503814	0.914532681	0.39797069	0.369794554	0.334898063	0.346693919	0.256916958
0.216553972	0.105568219	0.615376171	0.353650187	0.003474811	0.742142223	0.664968605	0.440396474	0.490149338	0.081297601	0.308363958	0.515800167
0.133046486	0.105143775	0.774067424	0.50100722	0.510313479	0.632010681	0.869269604	0.222939699	0.498668735	0.095888673	0.160784291	0.492722356
0.060423183	0.081162361	0.246042705	0.424134489	0.94617289	0.71732571	0.315305023	0.353601095	0.470342757	0.304721866	0.475284894	0.240959893
0.177067986	0.151050118	0.610233296	0.538549946	0.897503012	0.986824834	0.358942414	0.524239386	0.447999255	0.157090759	0.44854324	0.452835876
0.155757344	0.114804236	0.022669078	0.552726683	0.626901832	0.337378036	0.236668481	0.188530143	0.365345545	0.107734368	0.521526687	0.998913127
0.171847723	0.156935701	0.863188138	0.199670708	0.956280109	0.897770307	0.452197743	0.177255956	0.490120739	0.295984496	0.425577396	0.35495482
0.111852221	0.063930128	0	0.360892171	0.329937056	0.003083359	0.0638219	0.161891703	0.128719878	0.086851277	0.18630982	0.343950494
0.146804577	1.38778E-17	0.295395595	0.144697929	0.669896558	0.593007467	0.493714968	0.016400841	0.288628954	0.405134062	0.103281718	0.258306293
0.073125988	0.103999197	0.578014603	0.437695409	0.973348644	0.392681822	0.482609877	0.19924654	0.269799608	0.121490737	0.289605249	0.367455158
0.058021453	0.186600205	0.503090654	0.492073745	0	0.026113867	0.966582428	0.525543497	0.076670665	0.568828468	0.411083114	0.756688242
0.114148624	0.135886879	0.745367827	0.407896072	0.041388827	0.387059135	0.231903193	0.190217297	0.321641756	0.325924783	0.048858529	0.112100914
0.157682629	0.165084084	0.822676062	0.326452664	0.884468085	0.415440062	0.743420897	0.163817456	0.389831701	0.325731246	0.519596497	0.416087277
0.095498008	0.106659351	0.402998867	0.421698411	0.794909328	0.239996243	0.565772482	0.180412991	0.217360091	0.416716717	0.546577759	0.858150666
0.148479146	0.150924227	0.509620262	0.274511735	0.86040801	0.297177981	0.82327067	0.510857579	0.352150118	0.522930555	0.119777842	0.105943947
0.188787758	0.097348307	0.702927649	0.329626259	0.374043665	0.809235117	0.523623699	0.402944975	0.506778346	0.465818409	0.538172325	0.729471999
0.127236997	0.121038192	0.962258354	0.138696917	0.957417547	0.164284686	0.102912991	0.475945831	0.411197574	0.185241763	0.410247498	0.630796043
0.20993693	0.144640237	1	0.634798182	0.259619075	0.221035703	0.295887348	0.555136084	0.151832332	0.177840643	0.280743266	0.19953956
0.07720531	0.196763275	0.507740036	0.411921805	0.618593	0.899558548	0.197825768	0.499149182	0.108379051	0.325072029	0.407745127	0.030769819
0.213212177	0.144829969	0.91918188	0.207203955	0.802173948	0.217434145	0.940216593	0.279635466	0.438724185	0.407621325	0.439935693	0.312907326
0.119130315	0.056597051	0.494156204	0.394900066	0.903348988	0.816719055	0.947974341	0.298795416	0.420732917	0.403910699	0.216793341	0.554318692
0.089299675	0.168034472	0.012173564	0.394324444	0.999027878	0.739723277	0.364617536	0.257832475	0.188645398	0.367580924	0.433870749	0.66829314
0.067951454	0.12300099	0.607926695	0.138071677	0.448682248	0.824352446	0.60500819	0.152682267	0.542943033	0.468835962	0.404887277	0.41402065
0.152124478	0.135563647	0.690591476	0.176918529	0.76492747	0.688207705	0.68697438	0.166757744	0.08574159	0.296356468	0.303105428	0.463491961
0.059700715	0.133107544	0.996624358	0.244287278	0.684193948	0.362205773	0.481260845	0.104598807	0.346063187	0.359615023	0.272881979	0.85398076
0.133251314	0.130254777	0.189078733	0.260587824	0.632783083	0.358888933	0.417581021	0.266497866	0.262296587	0.016288055	0.017571736	0.952063378
0.168684843	0.102518592	0.772626972	0.31267294	0.05063755	0.320243403	0.256324458	0.062678851	0.354852917	0.338990124	0.438758863	0.991194858
0.154003762	0.051831636	0.207290466	0.454816942	0.560340631	0.588141465	0.089284409	0.329446715	0.378661696	0.298032059	0.49509586	0.833073881
0.111434253	0.140815923	0.454524887	0.340613872	0.056680386	0.704335263	0.827376213	0.350387528	0.415796604	0.036734163	0.116171711	0.41174388
0.109528748	0.07598086	0.071567926	0.374394482	0.026313199	0.823606313	0.808024437	0.065426451	0.429105008	0.374547484	0.5510208	0.128352195
0.111966714	0.150920175	0.318352134	0.259044368	0.431569938	0.147791225	0.193784366	0.264251789	0.324450618	0.284481597	0.354401767	0.964720934
0.152845738	0.03000224	0.026181585	0.214932537	0.280100257	0.439442253	0.1266696	0.555429631	0.470818153	0.473255412	0.08681889	0.032757599
0.087528929	0.149695137	0.74847464	0.49615618	0.978780802	0.626051708	0.178323856	0.259891532	0.364412677	0.55575268	0.355799945	0.1099482
0.10434417	0.119441704	0.461048493	0.113052179	0.033001636	0.568588143	0.692371199	0.443995541	0.396984866	0.015108611	0.406765531	0.753530144
0.169199814	0.145326633	0.219419241	0.276492088	0.518980936	0.091520731	0.41244176	0.175197028	0.214045702	0.405087053	0.330639772	0.210918204
0.18021041	0.083740689	0.886371895	0.236069553	0.771392429	0.634998619	0.206827898	0.19747425	0.325361314	0.418827818	0.277333471	0.66654532
0.204595823	0.131482761	0.31527014	0.530600046	0.693677305	0.38229049	0.667707449	0.309047843	0.53726427	0.310954012	0.324445549	0.998277707
0.158198308	0.048748131	0.4265647	0.309158191	0.46824688	0.686741434	0.686629485	0.446514147	0.413548542	0.048587634	0.037466625	0.275717688
0.174790421	0.161819376	0.676998475	0.250078347	0.440552609	0.024515146	0.889332031	0.243611742	0.28432954	0.197830042	0.471751806	0.347451864
0.117783786	0.142486175	0.849291638	0.314966264	0.765520856	0.530235569	0.155517635	0.419280458	0.462563545	0.234533235	0.315347256	0.600565461
0.168503436	0.07737089	0.55915129	0.216788674	0.268405969	0.313300047	0.783106788	0.493368601	0.170097614	0.257369526	0.020504416	0.44535954
0.168566054	0.141846826	0.401673713	0.31441995	0.327417083	0.65793313	0.438772126	0.212170407	0.35209672	0.342050641	0.455501314	0.924436676
0.099781831	0.115521301	0.013206135	0.294784556	0.273425916	0.37825154	0.736158228	0.487757504	0.282261518	0.545423841	0.318163109	0.936855805
0.187031582	0.095944903	0.501707119	0.21880363	0.446329541	0.68664865	0.795504366	0.084979165	0.56403937	0.551860401	0.112111746	0.553351673
0.11526031	0.057108319	0.957352062	0.071553737	0.65746266	0.781065956	0.948184887	0.481058884	0.452981558	0.471152566	0.487588147	0.669756061
0.0727434	0.146229858	0.667055295	0.19633196	0.997712646	0.463854984	0.581447196	0.230504996	0.449363706	0.375933628	0.360745013	0.963059961
0.215485508	0.134622664	0.793400644	0.342659396	0.769965494	0.206046735	0.946652586	0.419748367	0.394176442	0.040168755	0.032940209	0.840044134
0.150777816	0.155868787	0.28134385	0.121971852	0.160134285	0.481089342	0.160761629	0.470061986	0.040751352	0.281915845	0.363303431	0.31006149
0.134976906	0.095501802	0.481043546	0.300279054	0.127034143	0.712601315	0.832926529	0.124159522	0.187429253	0.39106189	0.280468599	0.080017549
0.229425496	0.105308991	0.228763927	0.258614684	0.224120219	0.405084054	0.086182137	0.204525675	0.188060646	0.071499703	0.48461869	0.64866683
0.168577535	0.156078851	0.323028819	0.384999232	0.163058813	0.988870643	0.056915493	0.412732043	0.183546739	0.029701154	0.1324501	0.241920133
0.141823195	0.147672554	0.845481078	0.393785516	0.833383326	0.548375099	0.932478388	0.28274445	0.359453967	0.375608556	0.196732019	0.293496859
0.116025537	0.19095958	0.351211084	0.38823039	0.158718866	0.550239175	0.346793304	0.164663179	0.423830981	0.508442516	0.251036675	0.013279216
0.186940354	0.119153379	0.689429147	0.251709622	0.089607401	0.053335654	0.218696582	0.380629519	0.357642953	0.496247587	0.080708525	0.193634491
0.210205183	0.070580204	0.220988865	0.468754276	0.007445343	0.441377422	0.981943834	0.235133996	0.41595459	0.375602178	0.116244131	0.025886694
0.134417117	0.14117954	0.455190049	0.499516617	0.618002548	0.136111068	0.364716978	0.137143642	0.124396043	0.106911969	0.493033395	0.725046861
0.105955974	0.105882308	0.963330204	0.419408695	0.715123273	0.131116051	0.258428848	0.151798093	0.335026931	0.521813846	0.146387744	0.422995076
0.066016393	0.085006948	0.113021105	0.299756488	0.952233943	0.807334385	0.114280942	0.191665969	0.493136419	0.151061586	0.287542073	0.800054414
0.122200054	0.060978174	0.893494255	0.316040935	0.941903846	0.573949699	0.491067511	0.352069222	0.31448024	0.467224213	0.430492682	0.220411831
0.241777159	0.04996031	0.553798862	0.243038023	0.737549599	0.007427086	0.507683123	0.004746412	0.354446411	0.474637532	0.44298407	0.194182798
0.142957927	0.154509282	0.657437116	0.289031476	0.353354605	0.829327975	0.837254115	0.483619355	0.136508689	0.124162948	0.552233669	0.650866423
0.115360569	0.18290538	0.756309996	0.276019557	0.679029705	0.680623546	0.814163926	0.227567609	0.399409881	0.016627277	0.096814481	0.899075256
0.078482393	0.127835287	0.894143037	0.243764036	0.435108669	0.643445615	0.916295853	0.445596199	0.366257598	0.172720876	0.50907015	0.759483887
0.206326012	0.188755204	0.545665479	0.14055219	0.98571738	0.45007686	0.055146059	0.250396132	0.147506693	0.365688749	0.096424899	0.152454887
0.102986232	0.065755371	0.175872726	0.502156901	0.399666318	0.187972063	0.701532219	0.408689811	0.591136771	0.231209741	0.517567698	0.765657713
0.113487864	0.073860354	0.264988092	0.108062953	0.828069868	0.246311882	0.34536471	0.389356403	0.37803017	0.413749276	0.274217686	0.529154466
0.106393849	0.027926975	0.142524467	0.433447667	0.227158897	0.179535953	0.813565351	0.304962136	0.26620575	0.12113247	0.454666631	0.590316877
0.146900804	0.11725685	0.014355184	0.205541969	0.196199378	0.405692669	0.064769186	0.279725189	0.336916347	0.38335316	0.117617658	0.407458436
0.160358165	0.051789615	0.940993966	0.245077815	0.183597919	0.292694925	0.457051192	0.201898458	0.18100552	0.304350258	0.193735188	0.661324479
0.163025553	0.19653744	0.199016525	0.317076726	0.448432478	0.955390112	0.995861128	0.093565914	0.062455606	0.253352968	0.037198214	0.31431237
0.151980026	0.148643227	0.679822075	0.427332582	0.758878026	0.604048295	0.115332667	0.129742611	0.279008456	0.482774086	0.022417322	0.398775579
0.186594537	0.177843737	0.322789599	0.386127565	0.857156302	0.90138415	0.499177466	0.435224556	0.384783441	0.106819053	0.35186056	0.86632903
0.153166797	0.097514022	0.967131385	0.480289504	0.674909826	0.710305291	0.133265485	0.163492918	0.36114209	0.359852147	0.284628309	0.823442821
0.128997988	0.105285108	0.227615778	0.39224504	0.748590626	0.488920975	0.114692506	0.061383716	0.397426242	0.0567086	0.491462461	0.498149267
0.090656603	0.095714061	0.295530685	0.573239241	0.806275932	0.834043689	0.009309142	0.143503078	0.453092099	0.440206	0.483692612	0.654057118
0.21545851	0.127763641	0.851382294	0.353615944	0.427782323	0.889436432	0.834887256	0.356830217	0.095634496	0.312123438	0.093657192	0.728425723
0.215347221	0.136245319	0.649323983	0.328878112	0.511599523	0.832835929	0.558222664	0.513447912	0.323024775	0.494943858	0.094928561	0.417359688
0.220660298	0.108032334	0.042345628	0.444456592	0.664010918	0.622973277	0.610191233	0.274295826	0.471386386	0.001749358	0.209898945	0.414552721
0.059997141	0.11789557	0.528716951	0.155411694	0.094576967	0.144252225	0.925013425	0.339261855	0.221795614	0.514352908	0.003428458	0.79928077
0.184014965	0.185882895	0.478636363	0.306107211	0.446127958	0.995409996	0.603210486	0.271793305	0.30722884	0.105212805	0.422940629	0.112116554
0.131199585	0.138192345	0.96227216	0.511945321	0.568188167	0.11731206	0.064011269	0.515990875	0.296940598	0.091736274	0.159677431	0.363767987
0.156156205	0.148907512	0.40366987	0.524537811	0.558150487	0.759752427	0.977058514	0.344525033	0.475615783	0.124285647	0.400747385	0.651589094
0.176909095	0.19484833	0.735991151	0.343796024	0.858075841	0.33843803	0.79131201	0.544458807	0.214810923	0.443228995	0.170645906	0.902916302
0.111314591	0.180710666	0.467480833	0.597377685	0.292191004	0.291770978	0.645590409	0.309076198	0.508404774	0.238324854	0.060639997	0.603872312
0.170320828	0.093673887	0.945153515	0.320601093	0.149124982	0.045684313	0.178242017	0.115926466	0.36582771	0.536484914	0.40633042	0.406193493
0.154021702	0.114540506	0.779767687	0.586916538	0.34171535	0.425687263	0.678287446	0.487608776	0.239918973	0.382425294	0.046969625	0.378408755
0.127292276	0.095036942	0.822806921	0.297303067	0.133665118	0.18199136	0.913729254	0.09821939	0.392096338	0.341185184	0.464086711	0.461292405
0.139810087	0.100925268	0.191191892	0.253822396	0.179310927	0.467651934	0.946077033	0.421452875	0.394724226	0.063004014	0.514073868	0.900171909
0.163470185	0.089006841	0.466883706	0.290049272	0.194812812	0.877011463	0.821987166	0.090061519	0.314051963	0.35734617	0.075049212	0.385208729
0.145067695	0.103522422	0.875586418	0.299725113	0.823626998	0.914214296	0.450472043	0.185321331	0.545887829	0.389391674	0.142941097	0.882413388
0.148435592	0.111989535	0.214840606	0.411932655	0.155401239	0.933746539	0.91509263	0.367260367	0.331852234	0.195047952	0.417497978	0.330382833
0.080647804	0.114815706	0.317774955	0.348740659	0.893913013	0.10516972	0.893965852	0.277531169	0.298034064	0.479110687	0.50947693	0.374378312
0.123935509	0.103341309	0.18716033	0.451855586	0.795339293	0.337191241	0.928609018	0.468388279	0.13504036	0.281603822	0.568846176	0.303281835
0.155046788	0.085572767	0.351935382	0.298419581	0.033749108	0.146059202	0.358919655	0.066545171	0.294132126	0.526010198	0.245518428	0.056313829
0.046470862	0.016894819	0.489717528	0.568264301	0.455074629	0.336449813	0.288474618	0.146726248	0.184937602	0.039181137	0.211630789	0.71329779
0.097535145	0.127639506	0.67650839	0.236006462	0.089892429	0.576628863	0.671103767	0.050618972	0.213073259	0.148668024	0.337521399	0.700657916
0.091975094	0.122577322	0.773531771	0	0.151931757	0.126594984	0.498793398	0.041119874	0.46704721	0.195054113	0.020946441	0.577767991
0.035499558	0.13321506	0.151966339	0.438424116	0.013981262	0.40468144	0.608025524	0.503138077	0.257268749	0.306345162	0.493482505	0.080902429
0.091097212	0.193551953	0.769044526	0.400944682	0.939948639	0.629216742	0.896643497	0.136011381	0.186232991	0.3270858	0.043405043	0.652847561
0.208484171	0.053685092	0.9113086	0.389481357	0.509584978	0.243272396	0.148308931	0.061627632	0.203269136	0.448829346	0.38779333	0.538899103
0.130175878	0.095470117	0.275091035	0.248026464	0.38414897	0.778363701	0.224589155	0.142571111	0.244605139	0.561604338	0.516081815	0.186448136
0.110453763	0.057136605	0.139864292	0.406133582	0.353547888	0.421552262	0.700878534	0.195030309	0.102433811	0.171263379	0.545993495	0.788118393
0.21768523	0.15638289	0.466422103	0.449993805	0.274912939	0.331939711	0.049038097	0.304261945	0.288738598	0.399472424	0.168369587	0.182032152
0.111507719	0.096097674	0.466545417	0.182943307	0.406647652	0.788439844	0.766431844	0.026855418	0.331763131	0.283800899	0.40424971	0.410818867
0.105266235	0.096630255	0.291823263	0.382249836	0.998556006	0.147727434	0.942500411	0.45916598	0.284667601	0.022151795	0.314971751	0.838403102
0.223003562	0.122972964	0.049213925	0.367733978	0.389952607	0.173129741	0.874797056	0.013530212	0.348703213	0.13327661	0.023259407	0.749628522
0.119814396	0.143969838	0.072584808	0.318467717	0.263052157	0.624925655	0.771254455	0.425205736	0.21675046	0.141237391	0.267567706	0.971921554
0.179404293	0.178339881	0.473993067	0.37637633	0.638077494	0.28569704	0.639550747	0.197487466	0.500619344	0.214108912	0.04372355	0.860445979
0.164260699	0.123762934	0.20406515	0.490782576	0.526396085	0.457548046	0.245082076	0.10061707	0.263731253	0.192325635	0.42973742	0.758681965
0.150756081	0.173752337	0.236333606	0.393299205	0.256122566	0.476300148	0.052147897	0.039850954	0.35607227	0.344225956	0.128336049	0.662227741
0.149705744	0.137635545	0.178415121	0.076544012	0.8154594	0.285893801	0.034065172	0.038389089	0.337913485	0.359202785	0.023653809	0.314580161
0.095207404	0.133130035	0.296443004	0.343512398	0.121795876	0.795460094	0.33492347	0.287516049	0.408945935	0.156509696	0.144818195	0.819397208
0.181197033	0.075096204	0.498662783	0.457979989	0.274315226	0.915444652	0.684726219	0.123844373	0.326789927	0.344596031	0.112314329	0.48116262
0.228523404	0.08095958	0.100212268	0.315813649	0.793418488	0.844207094	0.662609148	0.447625948	0.396281673	0.398732592	0.244221936	0.157434902
0.103770876	0.077772958	0.662666165	0.480973263	0.068602919	0.063608202	0.559949551	0.303068505	0.086444016	0.372689431	0.129640332	0.605506874
0.094365831	0.087009704	0.32078933	0.293644173	0.314853477	0.813823324	0.288765728	0.070515361	0.387071132	0.416380602	0.312918328	0.205791794
0.12696095	0.233494052	0.839313866	0.42376275	0.583933882	0.751611935	0.010305469	0.393548411	0.480342846	0.221729017	0.533790747	0.308287505
0.095932445	0.102544743	0.71390763	0.256265599	0.463435211	0.735294297	0.826042066	0.317585547	0.394961263	0.205211065	0.40305872	0.335469744
0.156635305	0.173655184	0.733884933	0.249933958	0.744000865	0.699525981	0.524027302	0.221941058	0.368970468	0.056413881	0.14800638	0.403035986
0.072845603	0.113645536	0.93438236	0.340553305	0.734893087	0.679401897	0.979831645	0.33469141	0.555752295	0.043255746	0.234925946	0.243019432
0.100992624	0.063532946	0.133910714	0.320371102	0.729944049	0.166586	0.974372306	0.464589074	0.350130072	0.290764137	0.114211197	0.248543374
0.095875702	0.106785846	0.421051107	0.403281716	0.632347632	0.66795943	0.200083694	0.206355862	0.159505527	0.507484627	0.032272508	0.169845119
0.146759074	0.113717121	0.428321265	0.237621387	0.126714368	0.609392843	0.45520672	0.067050133	0.438398659	0.419690519	0.460668611	0.769384784
0.2255899	0.101001223	0.372194354	0.477044638	0.486338698	0.09007375	0.203431976	0.439094326	0.163331352	0.017496023	0.482381584	0.077897823
0.159408883	0.074972517	0.924469202	0.308096387	0.419749302	0.43897142	0.46079387	0.373920145	0.322886603	0.422883743	0.569781348	0.913353381
0.10969918	0.135731276	0.620802737	0.471021467	0.539961209	0.022316648	0.764306293	0.540086238	0.33087283	0.441299704	0.158750981	0.116792231
0.139327938	0.149278341	0.849518105	0.362406865	0.100673945	0.91782615	0.911375568	0.353830835	0.281255643	0.502273255	0.284126041	0.380205044
0.125316458	0.098670696	0.521099857	0.462594212	0.806380873	0.051896341	0.23828368	0.340191824	0.434042959	0.485857787	0.168404373	0.557064244
0.063954013	0.142558804	0.983009533	0.50453397	0.732475285	0.65198306	0.704156881	0.535554411	0.512208849	0.166908332	0.298442786	0.597851566
0.084858504	0.088373395	0.527158987	0.238234244	0.408946159	0.837939543	0.861861928	0.008488968	0.346871137	0.001223594	0.370891466	0.521908878
0.176568435	0.073343697	0.743567529	0.258783725	0.770246777	0.640858004	0.091487968	0.43370793	0.291782172	0.158396545	0.366000858	0.037670471
0.194272346	0.12549222	0.362617888	0.298951632	0.433462287	0.890925258	0.318879338	0.192832746	0.095961615	0.420925889	0.514569405	0.85622008
0.159825561	0.147114446	0.922814462	0.299271292	0.511016285	0.955066609	0.768750526	0.399474331	0.283197195	0.43793541	0.169314832	0.096197971
0.005188005	0.086609074	0.932394883	0.319612371	0.137237253	0.828654761	0.819792567	0.480575037	0.455958378	0.40125296	0.20589988	1
0.113942097	0.100483595	0.742036261	0.418439846	0.763320125	0.044565507	0.739351517	0.025075965	0.209222014	0.337973461	0.328055687	0.289070416
0.145043565	0.136357943	0.303363299	0.07251428	0.648070292	0.760864531	0.030253186	0.461623258	0.333174974	0.250723728	0.290162724	0.736311746
0.086383694	0.07165668	0.417704266	0.261296914	0.977220138	0.570502047	0.80577491	0.36507579	0.323899757	0.026414648	0.572085156	0.83766957
0.18648759	0.095000478	0.761665116	0.427151875	0.737987304	0.122406736	0.200813505	0.220604599	0.401331359	0.188183668	0.292748027	0.054271879
0.121939437	0.085511218	0.968020963	0.425720641	0.583827795	0.594828259	0.34401151	0.548258624	0.478661034	0.200931241	0.078825552	0.483638913
0.116289857	0.08196917	0.818608637	0.389914606	0.34865182	0.458125444	0.35937059	0.526977338	0.743995265	0.565236743	0.350977634	0.140397184
0.143572182	0.180061975	0.874731523	0.265412211	0.356956364	0.361485474	0.755090101	0.349069389	0.424198535	0.409231062	0.398691225	0.286814196
0.177351943	0.092197986	0.497282374	0.479726295	0.048239406	0.028804446	0.045977786	0.133310977	0.02840432	0.199340503	0.289088338	0.42711247
0.107120142	0.062593119	0.495589899	0.265028038	0.816328157	0.468923517	0.748034187	0.562124703	0.253016027	0.469096532	0.073322742	0.67373879
0.161207211	0.143160923	0.105004422	0.154009472	0.32410046	0.385346274	0.029606647	0	0.25101464	0.552445815	0.374606761	0.828124237
0	0.162950342	0.762553283	0.611290811	0.80372039	0.042448768	0.550787036	0.392466802	0.333798243	0.417840821	0.56323203	0.565528735
0.082147641	0.061459042	0.051671497	0.157207609	0.274479041	0.057075164	0.392397871	0.362385246	0.356212032	0.31930472	0.527244797	0.168595998
0.128897976	0.21754635	0.632551644	0.291784021	0.377529135	0.167915395	0.75066731	0.552909738	0.201424704	0.441953079	0.131292501	0.583432777
0.139817374	0.142408894	0.712211497	0.333574992	0.380766914	0.07484084	0.591388301	0.213535124	0.344212378	0.428379038	0.385083991	0.484997651
0.136549321	0.11794232	0.388826377	0.226159735	0.398127338	0.064088194	0.296643673	0.312286362	0.310092636	0.005340386	0.563959216	0.359609255
0.191243306	0.095035792	0.98121649	0.121414913	0.657990322	0.43217948	0.645798735	0.364630537	0.209773605	0.505740195	0.352087158	0.00916183
0.130101844	0.224293432	0.540771782	0.104476535	0.855650993	0.994055937	0.538892425	0.542881416	0.341700941	0.435041092	0.459673391	0.591194783
0.095047168	0.000487293	0.637982097	0.266239187	0.232709814	0.910551317	0.385640371	0.509382564	0.229095501	0.113762966	0.156350586	0.503124129
0.118121098	0.095998709	0.822403987	0.459465764	0.074324814	0.108910807	0.11899674	0.416847845	0.429924078	0.496191272	0.582718333	0.074937906
0.168137017	0.201143828	0.561974321	0.383341418	0.079189581	0.042383389	0.356760043	0.291620764	0.615404155	0.189119954	0.338783914	0.241621773
0.070931361	0.069410483	0.818723584	0.366175832	0.682300325	0.787920426	0.104577723	0.095337281	0.322140375	0.013791684	0.451010116	0.48913072
0.09968259	0.030176498	0.187328642	0.487733048	0.773812945	0.043179354	0.558741977	0.258116753	0.407835904	0.158072706	0.162471313	0.229633884
0.1888601	0.101736908	0.76874685	0.264654563	0.693014219	0.890961984	0.97015026	0.554649158	0.444155285	0.56044108	0.419147185	0.260450039
0.168543358	0.023414054	0.510981388	0.41633556	0.921450911	0.94663575	0.645123052	0.43024719	0.507293761	0.067386663	0.346179914	0.150181496
0.18238532	0.087356744	0.927209052	0.448029452	0.850090217	0.239341591	0.276010113	0.159227843	0.376260058	0.089597869	0.543170718	0.850464428
0.088001474	0.113545033	0.035899089	0.497729339	0.374349384	0.810204348	0.507494455	0.482194071	0.358049298	0.173367134	0.494877185	0.766511501
0.109999158	0.186316935	0.274397501	0.273855441	0.485568635	0.464792649	0.256052582	0.422285321	0.361935399	0.196183872	0.503822105	0.910151052
0.20811088	0.107241142	0.731311464	0.158034075	0.32774042	0.183962426	0.71749188	0.556783068	0.242789501	1.11022E-16	0.444932164	0.259321914
0.154433112	0.079592539	0.667883701	0.386840794	0.946796968	0.921660344	0.291694591	0.071997318	0.110180928	0.384502545	0.101617999	0.30795378
0.113547767	0.193983945	0.551335124	0.333716655	0.779209106	0.544673931	0.774617973	0.330676097	0.2841664	0.099488336	0.510443594	0.766288642
0.119226876	0.156746308	0.113972469	0.011456495	0.705356814	0.879229839	0.123908065	0.039895717	0.331151625	0.013257651	0.056399102	0.086402005
0.121422339	0.103844983	0.238396587	0.372923613	0.546586495	0.806214052	0.465588131	0.161237321	0.227041283	0.052029948	0.481495192	0.675435437
0.141953959	0.107519949	0.013772803	0.258853073	0.047813286	0.886286504	0.756884869	0.164477399	0.210151848	0.548954409	0.416006267	0.60370416
0.114274459	0.128203459	0.879933644	0.461686992	0.304320996	0.77811675	0.195495668	0.213708254	0.288556172	0.126226453	0.284598289	0.760730262
0.131288173	0.127337329	0.117111393	0.694929936	0.093825765	0.018956152	0.416669536	0.262596622	0.475268937	0.440929952	0.169134164	0.769525952
0.081767268	0.137996388	0.238367051	0.292341403	0.135840341	0.541659501	0.799234749	0.489944489	0.422511618	0.257511925	0.544752819	0.93791817
0.102907522	0.104155404	0.210940296	0.257825914	0.619235281	0.658613257	0.313790567	0.002518443	0	0.146019305	0.344072997	0.534154527
0.146169849	0.109830922	0.449949279	0.268317055	0.981037427	0.312420361	0.134351125	0.293751767	0.27044602	0.470851434	0.133348537	0.335104849
0.145451378	0.134669026	0.976760536	0.511869802	0.163040113	0.151116204	0.587818179	0.396672204	0.525497954	0.420131261	0.280271985	0.776754999
0.086895093	0.0865387	0.222564687	0.32249215	0.029412639	0.699030447	0.283511188	0.240207026	0.387899456	0.553519917	0.384702731	0.056024199
0.14533635	0.188472471	0.675349167	0.268196255	0.26508901	0.71601683	0.722368984	0.028342025	0.489436584	0.423277626	0.139171583	0.990125802
0.156985307	0.134171078	0.726078999	0.348356619	0.580260594	0.351871914	0.167189993	0.254891552	0.436311083	0.483026987	0.54483295	0.636850992
0.219842197	0.155611429	0.13066537	0.364019603	0.266066444	0.334046978	0.075192586	0.440955107	0.219645026	0.107251604	0.183461452	0.511237412
0.093812882	0.040354531	0.795408756	0.455405782	0.043171813	0.550030968	0.774381405	0.391411543	0.445293823	0.358014404	0.33332623	0.410436905
0.085303871	0.154675437	0.746438964	0.533384334	0.825706906	0.686888218	0.855806156	0.502889782	0.263847088	0.002664307	0.165596409	0.768878997
0.113178683	0.147209433	0.905084947	0.281380344	0.387597735	0.270638067	0.967615507	0.029833873	0.507471017	0.189647509	0.079638254	0.424364759
0.236265703	0.158005944	0.402265201	0.35314971	0.556413819	0.603022657	0.520004946	0.265584245	0.410398246	0.15570577	0.242458129	0.57671933
0.121684848	0.053491495	0.728433164	0.289706445	0.444299083	0.588769007	0.733569371	0.221941642	0.178132587	0.284078818	0.025816904	0.094572042
0.107915693	0.15491661	0.189072442	0.552480429	0.433811955	0.776143057	0.72027745	0.154859289	0.498283835	0.426930231	0.237681471	0.226652202
0.245175843	0.692021122	0.657834655	0.56278878	0.352833627	0.65047935	0.706569101	0.833582749	0.470417939	0.82328103	0.773815947	0.673048508
0.423248596	0.116763612	0.092166198	0.359283708	0.445792157	0.590936241	0.664546127	0.805765755	0.473306903	0.842411001	0.578241732	0.85067113
0.311251206	0.474715178	0.863060955	0.583840357	0.486947695	0.12500766	0.652040143	0.857635568	0.784765684	0.787337159	0.533592458	0.252762298
0.685421423	0.219342876	0.613597152	0.574136352	0.55479478	0.526833374	0.122213769	0.899959435	0.824199799	0.83312664	0.609340889	0.729108364
0.162973116	0.177375905	0.346018646	0.464776339	0.52365246	0.013238564	0.672988181	0.911390382	0.492279877	0.880696755	0.674804736	0.369881019
0.501883883	0.5616084	0.560124715	0.539670559	0.544591271	0.001239278	0.994228968	0.83585081	0.511741295	0.891882054	0.673314475	0.497889768
0.415417896	0.4817862	0.926515212	0.83018326	0.550729947	0.170546187	0.186313139	0.795767597	0.692881785	0.841232331	0.457176664	0.915607165
0.230098407	0.472645707	0.650967284	0.577258591	0.351650479	0.911099023	0.874092223	0.931488561	0.516700683	0.878002845	0.530653153	0.742395122
0.160603422	0.551364802	0.573255043	0.752680846	0.546498774	0.639388753	0.907042551	0.81466349	0.657478293	0.868116567	0.414017816	0.382757366
0.753741002	0.761045991	0.971945442	0.486744674	0.578605012	0.526954679	0.588180185	0.841972397	0.721592802	0.856983983	0.523920292	0.500181267
0.33889164	0.944565353	0.188358792	0.351567677	0.424466052	0.995350241	0.147213571	0.837291795	0.609739476	0.911601696	0.702337975	0.345260808
0.652241753	0.811390376	0.728731647	0.461583815	0.519499945	0.894928267	0.85680751	0.770493694	0.357155524	0.904295283	0.62720674	0.179463869
0.828421812	0.665184921	0.601996071	0.459644982	0.569372604	0.012557007	0.148864585	0.956982604	0.729265783	0.892524827	0.596409268	0.523186166
0.681690072	0.709777537	0.338479446	0.356370903	0.474571634	0.913997002	0.897716697	0.864324629	0.452642514	0.771719719	0.714318908	0.565571186
0.614453333	0.281196399	0.235539647	0.409733385	0.583620038	0.910671072	0.408713917	0.819158718	0.536414264	0.861943457	0.448350751	0.36836813
0.143262373	0.855510447	0.461964795	0.339107966	0.439975166	0.956586481	0.94953311	0.802114834	0.98008996	0.80391457	0.72363143	0.630252896
0.965513065	0.690311974	0.600633145	0.783351337	0.423128838	0.662067318	0.582863877	0.836005017	0.368554117	0.853852282	0.465573511	0.627569353
0.251535464	0.206383316	0.7592441	0.543037519	0.42763652	0.509688627	0.068017315	0.8931647	0.629326552	0.91154345	0.685865112	0.261401774
0.679521871	0.770656886	0.556820457	0.342482206	0.446939298	0.361398027	0.353314913	0.819305816	0.71875195	0.844684726	0.654968107	0.538238077
0.642314807	0.77798928	0.378483779	0.454186777	0.484908944	0.542443856	0.861212895	0.985437006	0.812290126	0.791256887	0.823581539	0.748080709
0.647302996	0.874052963	0.766062721	0.702864465	0.446902414	0.443183516	0.997233539	0.848361809	0.659922381	0.818380257	0.676295782	0.86493865
0.552281127	0.256366397	0.732231686	0.741625442	0.395741292	0.345799081	0.125869102	0.795932855	0.60844141	0.823037093	0.563913484	0.00408389
0.24782248	0.386747876	0.482642745	0.579189542	0.697285666	0.110138063	0.651854778	0.828063925	0.920163777	0.842904709	0.573866274	0.45384987
0.567945215	0.748781	0.359564858	0.384886632	0.503904359	0.695646233	0.574497684	0.870691583	0.900984905	0.86523574	0.650947173	0.622715032
0.333788708	0.761534232	0.606975292	0.713830317	0.593557245	0.639749854	0.978875121	0.854126031	0.911018453	0.890201113	0.782059032	0.308995658
0.529943771	0.575881106	0.07899748	0.800096365	0.469653065	0.231358694	0.911951191	0.878581431	0.9499562	0.805741264	0.708820034	0.835273435
0.612758289	0.489689155	0.114276999	0.359852615	0.579265958	0.313520549	0.463285981	0.826583458	0.813746652	0.837402756	0.510905855	0.514409935
0.196180178	0.723592065	0.827082117	0.997391707	0.566129026	0.949408878	1	0.802994695	0.769819152	0.825970571	0.557776767	0.178175542
0.74029485	0.955194071	0.283693579	0.587132827	0.549844254	0.577407425	0.062676696	0.845536173	0.340162932	0.829090441	0.534007172	0.090436751
0.349427524	0.502238292	0.581960064	0.399712713	0.492997427	0.904140913	0.275028471	0.811651596	0.63713405	0.859912087	0.525418123	0
0.668125291	0.837895876	0.38182957	0.939056011	0.440622196	0.026133279	0.540765759	0.930823026	0.868581293	0.822743158	0.669229267	0.655456377
0.484705478	0.587056239	0.751777023	0.430045337	0.470781308	0.171531061	0.639368907	0.844991826	0.978436928	0.805001388	0.413897465	0.95308807
0.594398817	0.532355032	0.433962309	0.393088937	0.547794585	0.587137176	0.653544236	0.829948001	0.894145694	0.777324903	0.582051156	0.759312978
0.178528755	0.573902478	0.315364433	0.660948999	0.528272243	0.008314058	0.566905945	0.80741498	0.403923528	0.846441949	0.502702812	0.744024178
0.304862795	0.453384973	0.542402994	0.456265345	0.478841041	0.674632326	0.366890438	0.809472916	0.603541673	0.838973253	0.675429233	0.898983152
0.618036955	0.249834756	0.059209013	0.92516383	0.549797833	0.259028863	0.408618082	0.854885125	0.96459084	0.869931531	0.789127614	0.885314961
0.441197242	0.232378635	0.595290134	0.476102726	0.540316541	0.945463594	0.14506292	0.840551585	0.891004092	0.827913678	0.676496034	0.72539756
0.445310278	0.982507828	0.672671316	0.816774838	0.498727519	0.759084176	0.03728367	0.811922656	0.423089378	0.699601335	0.578406886	0.561681995
0.469045774	0.336582585	0.514824871	0.812244071	0.483515155	0.539529868	0.712549689	0.816616673	0.55751725	0.853088963	0.544156156	0.118254277
0.797242214	0.993644618	0.573768726	0.883310945	0.367520598	0.452387654	0.377646768	0.771947318	0.356765714	0.852495315	0.532415731	0.655413783
0.355221322	0.635104427	0.102295945	0.952406669	0.490567653	0.87736705	0.777840803	0.797703569	0.642163555	0.806978238	0.394061047	0.066395233
0.730958823	0.574688244	0.627524087	0.959285401	0.457809678	0.522268361	0.469847264	1	0.650236337	0.846260254	0.592838302	0.294282392
0.922876681	0.461355361	0.041355926	0.978311266	0.432645798	0.449961977	0.251319737	0.881263178	0.782742048	0.996426577	0.588011343	0.669785249
0.903226005	0.478724303	0.703328119	0.795276454	0.452918152	0.485247855	0.558122923	0.836900727	0.794249033	0.929451958	0.524380529	0.576736551
0.752782129	0.903900446	0.382674281	0.618714417	0.42455188	0.19475045	0.106491187	0.955152079	0.630200784	0.835739764	0.671700202	0.323773658
0.181903644	0.587510642	0.837941256	0.519637032	0.533259733	0.65354448	0.374741337	0.913367893	0.403075971	0.932292156	0.646523404	0.293552679
0.835394547	0.415633425	0.84451689	0.482919003	0.635360413	0.351355259	0.294432783	0.892055836	0.364316727	0.754300883	0.379195804	0.282556595
0.427083065	0.997267861	0.414984272	0.881958242	0.491202326	0.736606527	0.566050787	0.792241304	0.62453229	0.822796097	0.768947321	0.932630761
0.406907331	0.453989888	0.980179368	0.649406724	0.412756105	0.777355017	0.783050501	0.846233384	0.83865908	0.913384755	0.236035253	0.003501986
0.792732054	0.342696558	0.86338179	0.543218811	0.568314935	0.33739461	0.123926783	0.742424011	0.633436125	0.783583138	0.878700528	0.426224959
0.929944393	0.381185218	0.821634004	0.785208972	0.500459622	0.250269978	0.640174107	0.910090963	0.708479573	0.869606553	0.506627238	0.622348411
0.346389092	0.844888496	0.863641143	0.463209227	0.519784815	0.384742526	0.140932112	0.849499366	0.410689811	0.863357274	0.663416727	0.284708275
0.212879132	0.299453645	0.436371361	0.387526282	0.316059153	0.082126062	0.953574494	0.874095694	0.956822883	0.811021134	0.536591152	0.985411286
0.936414497	0.377093177	0.849187104	0.34720418	0.2331151	0.922272502	0.397204821	0.768289499	0.696425508	0.812238741	0.620935809	0.173230252
0.429217627	0.204967239	0.179895213	0.437176966	0.407809616	0.847366877	0.709193691	0.89667107	0.955143042	0.868210028	0.671301404	0.748199849
0.833132678	0.221098288	0.326003154	0.369151291	0.400101375	0.184400322	0.962376631	0.888340367	0.595184272	0.829949871	0.5488739	0.025080925
0.149134912	0.124028112	0.413472016	0.836616445	0.554673553	0.277053615	0.84018165	0.878200147	0.673825222	0.840059179	0.655228332	0.091174829
0.781905381	0.382207524	0.099960002	0.81139149	0.434519138	0.540913486	0.052022211	0.77614392	0.593935958	0.862384309	0.368635381	0.980278067
0.298330125	0.864340076	0.083210688	0.722212528	0.443932872	0.640316689	0.470542443	0.872103346	0.713325444	0.86620394	0.578050819	0.645460505
0.894032638	0.817315856	0.642951417	0.924972687	0.321092519	0.648954633	0.228061841	0.871021664	0.458849588	0.789725751	0.668967379	0.495478901
0.705211778	0.217714359	0.593592347	0.792244909	0.6950188	0.821870702	0.783677939	0.833307869	0.469566581	0.788135454	0.554933769	0.430500876
0.360896309	0.515669268	0.476792818	0.986358237	0.459217637	0	0.58246502	0.949387128	0.428064406	0.860800155	0.729784657	0.072076211
0.620372589	0.754875669	0.143117745	0.636019857	0.426063535	0.496723345	0.83875416	0.881821751	0.744626845	0.866086455	0.614273396	0.483276938
0.992696171	0.192625889	0.612262659	0.85457481	0.423667207	0.952890913	0.090480878	0.799395238	0.706920474	0.890167957	0.458101646	0.575078338
0.869677167	0.652550406	0.383763033	0.485029456	0.676707475	0.684974889	0.641020373	0.875330169	0.949337046	0.865445761	0.487335554	0.390141489
0.198594496	0.13070993	0.838933204	0.540127652	0.480787406	0.029711885	0.873192851	0.768194589	0.739463475	0.826848026	0.654927858	0.612466229
0.218843076	0.393700755	0.065515232	0.35545184	0.530867056	0.255356559	0.780121486	0.839536769	0.659346003	0.851196369	0.673977206	0.498475236
0.883204135	0.487212184	0.364076536	0.552971939	0.591081045	0.778605588	0.038358794	0.824588863	0.838693642	0.801049496	0.941147228	0.013527374
0.221598163	0.813518278	0.994635838	0.833762543	0.438659689	0.937812538	0.033672707	0.768787061	0.821995958	0.910426477	0.692760903	0.267706151
0.200800374	0.388950759	0.707368584	0.344154318	0.440717794	0.37625833	0.058718028	0.842660188	0.663528746	0.928462291	0.598366049	0.69445128
0.958900301	0.149498246	0.735098843	0.338598723	0.454276545	0.096407443	0.002043808	0.77097635	0.366155814	0.810027053	0.724624262	0.653695674
0.419960205	0.522180438	0.755887569	0.781821364	0.424469032	0.544907429	0.632769195	0.919965373	0.800065777	0.855459225	0.584723728	0.732188173
0.614971929	0.193080066	0.174300022	0.638549677	0.554793875	0.190296134	0.479992197	0.920889537	0.973728808	0.871313306	0.454561842	0.867184397
0.31769736	0.656703771	0.183726605	0.346416076	0.580090176	0.0803924	0.200980032	0.772610876	0.659148056	0.839016723	0.480771936	0.438155883
0.138244895	0.782859221	0.175132058	0.435661435	0.394042376	0.806300443	0.28807418	0.822943638	0.761220872	0.914106302	0.537236261	0.697660879
0.668760449	0.616649397	0.994910775	0.977686561	0.51017231	0.999029929	0.306894446	0.817100267	0.348355454	0.902490719	0.583821463	0.20768396
0.848495619	0.837228114	0.261268322	0.995008017	0.446882825	0.906963182	0.912991141	0.849177483	0.787130317	0.851226753	0.669013787	0.270372229
0.570548032	0.899004203	0.878632663	0.741550974	0.579970087	0.378465974	0.135147938	0.861021977	0.612333215	0.831739335	0.707794238	0.079068781
0.493853787	0.674022766	0.340928754	0.638776408	0.385292875	0.308754698	0.088132233	0.823781705	0.452561293	0.884629954	0.564857356	0.261763205
0.674508729	0.925466759	0.944947383	1	0.506654553	0.58709979	0.033891162	0.87079612	0.531496096	0.927577901	0.680345917	0.314249011
0.675116604	0.658500525	0.1819756	0.749665882	0.548883013	0.00098201	0.126770034	0.92364356	0.356477021	0.906400645	0.640106859	0.218374661
0.512914878	0.263188768	0.015810307	0.862605719	0.378654383	0.04830722	0.820210869	0.865760957	0.613006733	0.850720917	0.55623839	0.07698907
0.943877086	0.722484776	0.843671608	0.415806622	0.75316839	0.508020016	0.451128308	0.895211424	0.797791951	0.797938291	0.517236337	0.046168121
0.405548274	0.4780617	0.220124219	0.741452978	0.472836653	0.280963217	0.687564276	0.950903017	0.982315137	0.764472958	0.288829851	0.867649266
0.173942026	0.920817433	0.679990053	0.788337753	0.581504804	0.716513902	0.619832768	0.782108496	0.699651549	0.79187547	0.660000556	0.256991394
0.79987075	0.93039617	0.489158956	0.458245847	0.575783812	0.878993237	0.863934153	0.817505903	0.397368085	0.92391495	0.709756705	0.202006225
0.287576155	0.504738687	0.084461117	0.892857296	0.504980563	0.791931093	0.287036527	0.87004711	0.404717122	0.804124507	0.706741782	0.281244075
0.783909866	0.720913129	0.273206306	0.44939593	0.673430937	0.448223608	0.854144579	0.739911108	0.959134996	0.789867349	0.554383438	0.94411304
0.223993182	0.882156784	0.612170544	0.708002293	0.693523475	0.38537902	0.428459251	0.820324915	0.505323808	0.808527416	0.528307907	0.037308081
0.146188094	0.999448388	0.130729035	0.810320037	0.485679157	0.903889417	0.450459165	0.832797985	0.923911306	0.811942484	0.608224036	0.154106561
0.304042632	0.165731923	0.395735141	0.886617402	0.410603801	0.314825845	0.589281412	0.908208698	0.658466404	0.819545161	0.555933232	0.803771203
0.247821635	0.199911732	0.170526223	0.347991957	0.427878851	0.320514046	0.278586956	0.778478476	0.596612624	0.869346552	0.720153669	0.599755826
0.31671483	0.684200947	0.879533108	0.911914114	0.442199137	0.863006549	0.24244091	0.841058869	0.638745885	0.888433338	0.550110805	0.600088329
0.581789218	0.733238174	0.921729065	0.763967263	0.342167099	0.450333247	0.579001569	0.772422063	0.703176481	0.846475029	0.215420861	0.229197797
0.77660596	0.802868816	0.577661761	0.590435595	0.683193315	0.831645	0.174161392	0.878214271	0.826306665	0.921552815	0.690708111	0.244838293
0.546124814	0.484044939	0.007684668	0.806027633	0.535238085	0.423892258	0.684991393	0.797709938	0.789040532	0.949314914	0.45860706	0.584199324
0.194342561	0.375600718	0.028362969	0.963010091	0.472717735	0.131287249	0.270514886	0.964839729	0.840247632	0.928090464	0.624773208	0.068968869
0.216714053	0.717146488	0.172768879	0.913643782	0.536514864	0.760126868	0.754085298	0.898460415	0.973242867	0.932311577	0.556248881	0.066129265
0.382447713	0.452360832	0.217213443	0.564040292	0.606440817	0.272585698	0.182719711	0.826325658	0.964501494	0.794977117	0.464250338	0.13626689
0.259860207	0.640952522	0.924197395	0.578641556	0.519737356	0.026926417	0.324480703	0.797314722	0.747382781	0.907755945	0.370884568	0.624741055
0.608798239	0.364556578	0.832800567	0.52683789	0.592425715	0.849909667	0.863732402	0.853484335	0.507368412	0.775342992	0.387366076	0.175187976
0.2164779	0.74069348	0.467335014	0.594198094	0.395331316	0.234054408	0.193063493	0.891113982	0.325142472	0.818388664	0.723396299	0.627006913
0.951350987	0.29935076	0.817077749	0.632320363	0.464088817	0.260101321	0.146392244	0.86421228	0.76775014	0.799476979	0.628618155	0.981228613
0.955481774	0.701226434	0.598505146	0.710021982	0.476551908	0.171225513	0.073399303	0.850804054	0.989756417	0.879260471	0.635240853	0.747327327
0.144219287	0.607889439	0.325856353	0.931600877	0.41710451	0.559014847	0.001045255	0.84306848	0.347974679	0.765707201	0.610831507	0.035380605
0.631127408	0.987141374	0.858515206	0.720814054	0.539715849	0.958646737	0.293843458	0.845517361	0.492080263	0.74333002	0.732322841	0.699324599
0.529207236	0.236997084	0.979869193	0.882432036	0.482756649	0.248696509	0.562735558	0.880968647	0.929926012	0.860556826	0.505979452	0.413030976
0.861280095	0.267594474	0.555227346	0.783616124	0.487708408	0.387895544	0.071424166	0.856295564	0.692171936	0.827692465	0.664142188	0.261980949
0.350523285	0.747794894	0.021070155	0.339068963	0.289316899	0.644547994	0.572294223	0.893251365	0.989843268	0.826164757	0.636481392	0.969787408
0.207992738	0.559865582	0.004856899	0.893010395	0.483451175	0.903020503	0.838400018	0.832794429	0.45456407	0.894068474	0.367685046	0.851234904
0.729776007	0.719662857	0.558098056	0.537794656	0.450371996	0.639030084	0.911252588	0.923534868	0.752990962	0.807109702	0.545182942	0.976989637
0.309935207	0.154589537	0.184827678	0.536204965	0.472047584	0.174323354	0.289719852	0.888938889	0.60102611	0.906191751	0.528395544	0.799517695
0.197139866	0.355516789	0.052870239	0.870010197	0.627956174	0.862262322	0.632478013	0.821229382	0.95576583	0.922372828	0.620745652	0.266404343
0.412052245	0.197887754	0.192615586	0.42297488	0.596146184	0.053962526	0.13899163	0.866395719	0.83588252	0.799424329	0.543760662	0.879967322
0.322881214	0.365697584	0.770654521	0.516443356	0.583216929	0.85545788	0.563846777	0.885814271	0.97521416	0.848550102	0.495712149	0.563168877
0.47137737	0.592439619	0.218825298	0.376470784	0.557266456	0.510805026	0.504820099	0.898464541	0.658740073	0.893071185	0.64605721	0.564877752
0.836716401	0.188675233	0.403381775	0.849951132	0.494506504	0.097901407	0.157430519	0.743425988	0.644158998	0.857424044	0.561122317	0.481545324
0.215749136	0.233122822	0.99871856	0.592163232	0.483925589	0.34018586	0.187796267	0.906654665	0.931980732	0.882470393	0.44547532	0.823017949
0.456696123	0.394793323	0.595158375	0.618908436	0.593090054	0.864899944	0.419754253	0.88215907	0.883333832	0.798878865	0.530570319	0.969777065
0.386154069	0.855226772	0.005767138	0.815547136	0.73268976	0.648373312	0.682428566	0.84855999	0.690544869	0.885695318	0.740866689	0.160821499
0.613504032	0.130767328	0.609179768	0.766330115	0.510188116	0.933715745	0.24011657	0.834797549	0.635725351	0.869090475	0.547599738	0.74279645
0.753197757	0.940991368	0.223455375	0.995384042	0.418482479	0.421296271	0.93888414	0.935788022	0.884399834	0.861546271	0.344679684	0.143582053
0.212381815	0.14234233	0.360145845	0.722173505	0.503176364	0.944173127	0.191605058	0.858989378	0.532911535	0.821862694	0.718679532	0.342208507
0.360038473	0.499509237	0.014380262	0.841166056	0.625086175	0.512617734	0.591678209	0.908585649	0.904372089	0.850485972	0.619107131	0.334326903
0.397598718	0.428887243	0.459641548	0.535312111	0.386689853	0.147537587	0.275337656	0.799703053	0.515385137	0.890937755	0.219682084	0.09445383
0.911098251	0.13318844	0.2608527	0.577315858	0.515490322	0.99006183	0.478790016	0.801666598	0.36958315	0.87976325	0.542634499	0.94067172
0.367770765	0.907522933	0.266358976	0.779130298	0.590364781	0.034048488	0.264941767	0.711963805	0.923750037	0.865440244	0.47410712	0.078408348
0.786167829	0.55985477	0.66959297	0.719771309	0.634860183	0.983242304	0.457607151	0.793207316	0.370826539	0.89068209	0.430577828	0.995354264
0.893155274	0.403045072	0.728122967	0.372545029	0.670951108	0.386491537	0.353179185	0.877667705	0.857960772	0.782953501	0.644398964	0.468548045
0.707706936	0.417489699	0.232163392	0.73569003	0.488546155	0.29562424	0.599235289	0.774100718	0.740627247	0.847944911	0.612921787	0.551622296
0.463255579	0.890701022	0.228467183	0.960813876	0.479431078	0.161354002	0.720499202	0.819572628	0.439875116	0.838225444	0.789334623	0.416683716
0.407519207	0.587585546	0.784601239	0.877493241	0.559358261	0.596138127	0.141646857	0.882162382	0.755982271	0.798217738	0.407535209	0.776977604
0.47304284	0.86492093	0.555399935	0.619829485	0.505455621	0.130821163	0.765271829	0.945245331	0.472335992	0.914147737	0.796515954	0.454755553
0.154959665	0.824139589	0.21453373	0.747340124	0.521595748	0.573428758	0.128661728	0.765220599	0.543325759	0.966298081	0.593030615	0.783663933
0.36226664	0.936554255	0.740633699	0.615162278	0.574948035	0.134668718	0.76655371	0.787469523	0.456479105	0.910677862	0.427752989	0.141781659
0.790241645	1	0.187995689	0.378787736	0.362124915	0.242953286	0.619143152	0.824577899	0.538754945	0.821789843	0.463501583	0.031119313
0.3009511	0.913148858	0.715423157	0.443140253	0.470218708	0.235709769	0.608731743	0.881167438	0.470879007	0.853544645	0.578831751	0.459069134
0.733982507	0.311923356	0.197293047	0.843527181	0.553780607	0.694198792	0.672967733	0.92503222	0.467659514	0.782453487	0.747196691	0.406965053
0.221757459	0.741470079	0.632282644	0.72613633	0.520610624	0.620543242	0.875760082	0.845295219	0.650569193	0.905647947	0.578109681	0.909577015
0.654703377	0.599720796	0.760803471	0.512721109	0.597481879	0.102627032	0.162701119	0.817970228	0.93588171	0.864680575	0.457006377	0.423662244
0.138951469	0.247928277	0.783500361	0.549299719	0.5183427	0.466056576	0.175130625	0.814673675	0.340433147	0.792918759	0.850638047	0.451600757
1	0.364895723	0.347273386	0.619090397	0.677041384	0.88799694	0.22038836	0.789986184	0.581951216	0.94046566	0.496633058	0.610594006
0.950881035	0.53377128	0.801634405	0.688901993	0.507048714	0.749540176	0.036103303	0.870503548	0.881820681	0.859117112	0.659824128	0.144139956
0.720679144	0.277925467	0.342280292	0.539617463	0.487259736	0.804696388	0.327974967	0.745655651	0.565389857	0.848207715	0.659901762	0.912285432
0.708775222	0.387813305	0.359606181	0.424217519	0.681458059	0.471195407	0.857886539	0.873254972	0.872948549	0.893284243	0.629033155	0.428112558
0.81660247	0.454366449	0.519481379	0.427278066	0.492417635	0.122310328	0.111076606	0.809659254	0.736433951	0.881457284	0.576290738	0.337497454
0.876209305	0.828396016	0.543119065	0.911738793	0.584924753	0.907105434	0.529548069	0.814105526	0.918609068	0.847258396	0.575330006	0.989587383
0.993645998	0.37898778	0.677011904	0.631879724	0.524944642	0.355122803	0.231507146	0.848527948	0.817333925	0.842584478	0.458059942	0.545601335
0.483916069	0.52155829	0.963094452	0.378484885	0.463677529	0.892301051	0.692014803	0.79232931	0.452525611	0.84769487	0.632955602	0.081930602
0.510877521	0.210552539	0.295495003	0.63188911	0.435576331	0.21776618	0.55405643	0.768116029	0.785603804	0.877041122	0.56577812	0.993874951
0.473722428	0.983683653	0.153871465	0.669927203	0.494316474	0.958487064	0.919726399	0.93147707	0.387045797	0.924115977	0.600496883	0.452897273
0.934769106	0.953199806	0.638788237	0.812088405	0.437134039	0.007467578	0.056225782	0.832312994	0.723691429	0.764267219	0.698355023	0.523393302
0.865292447	0.395551326	0.920187677	0.623886856	0.542675368	0.333567873	0.460479053	0.863252934	0.493771817	0.886138649	0.799570432	0.263368588
0.278730588	0.176436566	0.661321416	0.628013313	0.457634355	0.988735517	0.769002616	0.774208828	0.995418767	0.768897168	0.66606513	0.187854899
0.6419573	0.633769419	0.231941096	0.568690493	0.434869001	0.977769242	0.045864209	0.916826754	0.466235414	0.857692728	0.813175974	0.518548814
0.811639856	0.376093548	0.834877789	0.542608107	0.537468961	0.673377922	0.6228694	0.895702012	0.609072972	0.993501756	0.735532581	0.28801463
0.292267371	0.716428292	0.434782038	0.985456492	0.399741721	0.621387829	0.374507831	0.857970116	0.615456805	0.745832979	0.689080552	0.910722095
0.812912169	0.747212202	0.897969077	0.348921114	0.274532398	0.857805828	0.058322814	0.799285077	0.559594047	0.835061555	0.430348864	0.090266971
0.525279716	0.121828468	0.852837759	0.413167203	0.505421132	0.67340371	0.757963199	0.854531482	0.780008246	0.777009316	0.716193724	0.894981748
0.320267812	0.237109735	0.966076227	0.823063522	0.522721507	0.864534279	0.51691161	0.863666012	0.961359587	0.863293699	0.378559068	0.666277775
0.702238094	0.566011291	0.677099677	0.915307569	0.676474255	0.688902463	0.280621878	0.758429761	0.634503363	0.896565098	0.690534974	0.924767457
0.48140269	0.552237028	0.506542445	0.729336915	0.473924333	0.15040734	0.30692674	0.817108062	0.596508963	0.922006065	0.730875568	0.417152503
0.494714382	0.193754017	0.136203601	0.735072285	0.460807263	0.992349484	0.551058415	0.812853069	0.916352467	0.912748383	0.548489319	0.909382064
0.968677717	0.205484177	0.560845318	0.749729554	0.693248133	0.806042362	0.949783306	0.772947513	0.43074886	0.783275021	0.710340894	0.259398603
0.319520848	0.939102666	0.550660309	0.677774713	0.568502744	0.734186849	0.72739189	0.881208719	0.836560187	0.878259817	0.464345594	0.326527035
0.88088355	0.674928115	0.534555593	0.848875664	0.426162158	0.235711758	0.561808292	0.945064733	0.532733625	0.879165569	0.514573729	0.646599789
0.446502207	0.950772493	0.443054161	0.528256052	0.435902459	0.892155312	0.209211142	0.796528749	0.649426791	0.825857646	0.578235927	0.41183626
0.296825598	0.835308049	0.966728307	0.368179928	0.472431011	0.559971699	0.939552694	0.931675336	0.574983464	0.843056299	0.432169664	0.082332024
0.551880528	0.54815731	0.256452644	0.624374924	0.512769736	0.295827886	0.504381666	0.837364032	0.625684416	0.870776661	0.703518339	0.715058914
0.341798552	0.736984508	0.323551785	0.633065264	0.652196703	0.100554402	0.392346329	0.80102587	0.873680295	0.884585423	0.677380107	0.627749361
0.613903733	0.937234054	0.901770129	0.724935171	0.460821331	0.035060728	0.984383054	0.795208881	0.659948345	0.913044162	0.546933035	0.789017033
0.217752529	0.290946607	0.605693115	0.951113217	0.524599449	0.849741193	0.54754978	0.865755983	0.616188079	0.859682272	0.606600918	0.617900421
0.869876137	0.167064378	0.53418326	0.516366636	0.286443977	0.390712718	0.639025003	0.884250223	0.423937214	0.819816756	0.496109538	0.065166729
0.883601965	0.547544257	0.982593409	0.774253504	0.502403799	0.546807459	0.601565826	0.794750753	0.337652802	0.826240454	0.609850917	0.829440107
0.789614301	0.201221628	0.778421607	0.642106826	0.574596816	0.208906684	0.191356438	0.881137651	0.856357087	0.803583684	0.56603432	0.393886541
0.793979255	0.885494989	0.023721597	0.758745431	0.574263535	0.376769641	0.763825391	0.811627305	0.501975849	0.857080347	0.596211239	0.835386453
0.49652297	0.190178967	0.702497385	0.580301575	0.409264515	0.639217462	0.667142432	0.832684301	0.572913465	0.880110541	0.772748456	0.158066141
0.246102909	0.212327241	0.564508672	0.609858528	0.534229796	0.183103104	0.419389865	0.802139842	0.603707608	0.85966871	0.477714638	0.388602879
0.51381863	0.290219522	0.551287263	0.53177058	0.423384714	0.877574546	0.17829764	0.796542007	0.569666594	0.930542641	0.515203258	0.406487806
0.198216272	0.245369398	0.225354158	0.737735158	0.502792953	0.292593673	0.241463067	0.739561851	0.986593777	0.881650917	0.440098663	0.821328458
0.81088368	0.129791601	0.604046718	0.515464839	0.562713598	0.506798448	0.422933613	0.890473926	0.64186624	0.826923136	0.530692416	0.209362888
0.406954743	0.685159102	0.690134212	0.720683976	0.531019151	0.515120265	0.327939384	0.800426066	0.905453371	0.806415705	0.749051106	0.510063611
0.354883296	0.979293366	0.068572496	0.758315378	0.430259534	0.287205207	0.523956021	0.878141151	0.348196057	0.866685335	0.417623829	0.476656288
0.348110508	0.63742799	0.819461734	0.428501615	0.522678649	0.329991302	0.742715815	0.793129202	0.794638228	0.882503747	0.620198115	0.347748804
0.86575893	0.265037455	0.870963766	0.744075326	0.345122396	0.424286477	0.675314892	0.815765709	0.779214504	0.846139869	0.475716867	0.968670883
0.549514786	0.88980862	0.893104519	0.556994832	0.36398968	0.102113209	0.98278585	0.809059206	0.992596321	0.853069802	0.516533386	0.141325544
0.986509549	0.536205624	0.155587943	0.589850942	0.407744777	0.331238113	0.124189273	0.899691294	0.66486121	0.942385926	0.496532786	0.034805268
0.617771348	0.115499086	0.000832755	0.774976115	0.528586036	0.210214264	0.098611359	0.925819252	0.586912356	0.845762835	0.586153304	0.381322948
0.642291304	0.844552212	0.349067619	0.370612352	0.567050085	0.754884442	0.540044744	0.792835197	0.384381054	0.941799069	1	0.086158127
0.918727	0.539067675	0.395946606	0.541097288	0.295650979	0.935139221	0.842270235	0.769492118	0.772653791	0.81150113	0.415902359	0.852522652
0.258355725	0.189247885	0.238257764	0.880841075	0.45730638	0.12051327	0.96088473	0.774490868	0.933503762	0.860260944	0.738059139	0.928462216
0.496792752	0.819741731	0.412638452	0.510212951	0.499489705	0.364764277	0.003436926	0.812801076	0.455358129	0.801400319	0.621968032	0.187446113
0.144642948	0.904513703	0.44013479	0.495185129	0.502973481	0.415898808	0.488525941	0.824942647	0.769592466	0.792631276	0.320684676	0.731723226
0.856303682	0.397114779	0.05197087	0.548599423	0.522287775	0.808287894	0.791886214	0.860450426	0.912960162	0.948052047	0.619443695	0.275174282
0.689106292	0.2427009	0.105540822	0.502486869	0.418728678	0.800883554	0.740714615	0.896014855	0.623552648	0.899266132	0.627370362	0.212145721
0.368138955	0.953706603	0.649751535	0.697120685	0.511230753	0.946258937	0.047769257	0.795741344	0.991130947	0.826110976	0.641052371	0.856827658
0.369677178	0.780936518	0.853597312	0.50847779	0.583568763	0.859906124	0.56207944	0.890676584	0.943252487	0.900502475	0.279364867	0.475399116
0.822271222	0.143155743	0.650792187	0.758630415	0.427004171	0.510165836	0.167593915	0.799697265	0.735202765	0.909176126	0.450892037	0.291322688
0.32481479	0.990708789	0.67920757	0.494033783	0.326324086	0.985048538	0.770913279	0.865002707	0.639850994	0.855083854	0.461375984	0.39032606
0.436754932	0.600867265	0.924399417	0.470222627	0.624581399	0.873542237	0.426261555	0.886028523	0.490388253	0.895573222	0.509612929	0.080206746
0.610448834	0.751502709	0.625346238	0.633915989	0.474399034	0.55576749	0.57737318	0.813840313	0.613434986	0.725326363	0.512293868	0.497144117
0.470550887	0.196823565	0.696014453	0.421665368	0.484863394	0.289802997	0.231007439	0.778300984	0.908122307	0.830420353	0.756440164	0.879017849
0.718228187	0.460554163	0.843208063	0.96881359	0.498353174	0.876739362	0.48872802	0.849525016	0.832495674	0.865490738	0.521286466	0.120051012
0.593014038	0.854533752	0.515128961	0.963333969	0.609806011	0.605111778	0.888203915	0.766188343	0.387154847	0.85553411	0.574643078	0.41184178
0.869351252	0.88569154	0.822749089	0.772349011	0.349773363	0.981383713	0.563228268	0.880787456	0.699212325	0.873942679	0.49635807	0.528144741
0.501277071	0.641939245	0.116118647	0.85195121	0.596111876	0.518539246	0.055617529	0.798321149	0.803544667	0.834555091	0.670460485	0.174463967
0.651981351	0.31561167	0.341788419	0.411161916	0.612944513	0.596306759	0.29293723	0.827287321	0.792935548	0.935645953	0.500440289	0.001508559
0.526492577	0.690289557	0.238044945	0.944737644	0.479169154	0.497420225	0.054497341	0.791832627	0.636002079	0.82308401	0.558053955	0.720907785
0.527998849	0.840434458	0.357826437	0.964823032	0.461291398	0.846917009	0.141379476	0.933164343	0.341524948	0.872925091	0.844367097	0.858329792
0.212932566	0.307208222	0.660728336	0.585725331	0.540603899	0.03871155	0.153277641	0.845240984	0.767362935	0.80908629	0.583967891	0.244905977
0.369900182	0.492215791	0.48088422	0.454458984	0.592603191	0.088394332	0.194228702	0.840889846	0.800511914	0.81320647	0.742358215	0.38575097
0.705326067	0.661084521	0.258736091	0.588101143	0.441133743	0.114759995	0.57062925	0.840299931	0.324696848	0.840849023	0.688185726	0.781439906
0.383382914	0.462422156	0.993192109	0.969389661	0.48027621	0.340288096	0.740200923	0.924571133	0.672618879	0.761308676	0.525423838	0.240282067
0.914350459	0.359847902	0.895777141	0.480748891	0.48956033	0.660795331	0.672845921	0.80483387	0.594462452	0.743223439	0.717445585	0.066001618
0.814236615	0.571349933	0.370787972	0.82886618	0.451377716	0.191495245	0.593017838	0.844576108	0.380851809	0.909017326	0.6511288	0.445643174
0.193539021	0.487534882	0.321744893	0.644738451	0.684192075	0.732467892	0.841793174	0.859620352	0.955991405	0.798004003	0.615931926	0.560358992
0.93812777	0.544674622	0.539383511	0.523754072	0.456204906	0.485798796	0.481845889	0.786875607	0.780623351	0.898555553	0.631169844	0.399525517
0.660171131	0.296693131	0.817324993	0.500931352	0.498172039	0.557049471	0.761651578	0.913110081	0.805728791	0.794837295	0.731279931	0.260006235
0.976353228	0.228927144	0.99969075	0.995559927	0.52566184	0.85552646	0.547406619	0.880287341	0.780845584	0.858431284	0.644306853	0.382406998
0.461118012	0.146767442	0.010165015	0.523434415	0.535782301	0.38770703	0.723097691	0.863207957	0.712058986	0.827048167	0.475838589	0.470682164
0.252456746	0.205296284	0.119839936	0.845551083	0.377287788	0.006287296	0.264000329	0.922769503	0.424202952	0.85157256	0.684845008	0.238671532
0.928567632	0.519306493	0.341030086	0.693233385	0.529831161	0.998986389	0.947231821	0.82245462	0.428768671	0.821969631	0.649452695	0.63096303
0.562547474	0.922117312	0.816714829	0.52644504	0.386590981	0.43331178	0.205941742	0.731663507	0.763291079	0.829376584	0.590639856	0.864958822
0.728063641	0.86665496	0.548226831	0.821262839	0.493786994	0.031787354	0.043815958	0.680264978	0.445682254	0.947256683	0.402156754	0.320313848
0.250632392	0.536937908	0.162763318	0.765055152	0.519525509	0.213578209	0.660579804	0.70867127	0.512203729	0.842808337	0.586235686	0.353885154
0.961381243	0.482974903	0.527153367	0.419854036	0.514011464	0.818650854	0.793939484	0.847882116	0.778546291	0.840000432	0.675685021	0.171976303
0.234713569	0.284957767	0.106580774	0.360345683	0.323477676	0.433470861	0.636515508	0.795363055	0.819333947	0.869573134	0.497834201	0.270354951
0.439823015	0.853262015	0.868654794	0.891495342	0.61454661	0.930418889	0.931663855	0.816508783	0.775669282	0.840861894	0.702803967	0.267196797
0.911020607	0.268960739	0.224370747	0.645408806	0.531370873	0.824920698	0.673184709	0.920210603	0.443307313	0.881015801	0.581293311	0.32258224
0.741618546	0.958616148	0.480113966	0.662877408	0.565299145	0.393808888	0.112330859	0.925580204	0.503040114	1	0.583041151	0.092906241
0.601323218	0.263585186	0.055394055	0.343259608	0.594406351	0.145329108	0.64226396	0.754632821	0.39069136	0.887506002	0.750135619	0.002820445
0.177453768	0.439187775	0.34504021	0.410523066	0.490819595	0.762824108	0.49440776	0.83258945	0.333878355	0.752981825	0.551660268	0.435816267
0.790753241	0.67727055	0.90862868	0.82264253	0.424045872	0.596903973	0.043043557	0.907310171	0.48671976	0.79187492	0.486080488	0.793724848
0.527099041	0.896171825	0.941484127	0.511297267	0.493284618	0.606229394	0.697250313	0.798219075	0.741135153	0.914504099	0.696795226	0.487110783
0.626689153	0.701062759	0.075640638	0.572173303	0.453982469	0.870644368	0.710917527	0.914112055	0.378632402	0.911771087	0.466958467	0.934655524
0.528550946	0.701681255	0.906479895	0.764255541	0.337207767	0.567411751	0.993536919	0.84314136	0.568693957	0.867201146	0.596186471	0.858796765
0.97156833	0.471038669	0.330451488	0.457009579	0.549773731	0.648762311	0.577403132	0.815055478	0.946045519	0.903136978	0.410834127	0.284849714
0.537945093	0.647404446	0.698142866	0.799901789	0.37693843	0.923511316	0.536356907	0.891848648	0.805811745	0.893512624	0.507784015	0.057740518
0.666106355	0.197650689	0.202626898	0.446866688	0.281464293	0.623262945	0.579773415	0.871922853	0.947917481	0.876785346	0.647705322	0.347731442
0.238715901	0.164279358	0.657345371	0.341110329	0.548869843	0.842819695	0.92516985	0.855878949	0.824492653	0.859475174	0.815253214	0.885424504
0.606926189	0.12775437	0.872564416	0.823688934	0.579434921	0.302991422	0.620130964	0.713809498	0.542791566	0.808660921	0.542076281	0.540565865
0.381385827	0.726363461	0.641774289	0.842861044	0.487985399	0.325823385	0.850715997	0.781966036	0.939273324	0.88159751	0.549365961	0.873688221
0.898344893	0.977580471	0.661452584	0.637446341	0.596958355	0.861445289	0.576407756	0.822876467	0.893113264	0.836066491	0.659402611	0.729982787
0.304881433	0.319941189	0.30728098	0.382755813	0.326841136	0.380256796	0.294542404	0.862528921	0.981421129	0.894747255	0.914613669	0.976234542
0.206257864	0.667463226	0.452849608	0.892971488	0.421227345	0.969212252	0.175676271	0.859440777	0.825101249	0.919475804	0.594221764	0.114706216
0.49908	0.716700994	0.297430658	0.347971805	0.51597935	0.454166611	0.75968755	0.811009063	0.797085805	0.824747668	0.5462591	0.789842774
0.980311417	0.250520867	0.75140538	0.858946721	0.539374363	0.832028828	0.193334257	0.942467452	1	0.869653892	0.453467009	0.849048187
0.334803773	0.414395452	0.478010013	0.584898659	0.399674817	0.513139778	0.616299222	0.824123798	0.953572137	0.913841739	0.796077298	0.176901871
0.521854773	0.26839988	0.433954621	0.483904589	0.639935683	0.523492528	0.341588165	0.873828025	0.601082457	0.929307648	0.637676921	0.022924277
0.726447101	0.355711688	0.92143389	0.926451118	0.348587648	0.525569981	0.583114892	0.915353012	0.326479365	0.978866481	0.501601512	0.774153015