0.134681191	0.582294144	0.426282745	0.557758433	0.01014818
0.220310695	0.614408042	0.55262257	0.513356809	0.194407924
0.191742836	0.464953816	0.4540354	0.462714213	0.098290199
0.381762669	0.496434431	0.568610167	0.509631898	0.098045616
0.220016853	0.550359083	0.545781495	0.615272016	0.080645047
0.236557142	0.598752896	0.404511851	0.494446933	0.094574154
0.152944097	0.636486611	0.419404873	0.593119333	0.268564847
0.209199659	0.656827279	0.504160172	0.511494719	0.075666386
0.223334175	0.588019669	0.488713997	0.620456786	0.345988603
0.119987685	0.516948932	0.473261486	0.64546307	0.15168393
0.242089951	0.586836062	0.53389931	0.511891097	0.122876534
0.271733544	0.59920724	0.574009632	0.487662092	0.015529577
0.111934682	0.594155133	0.464137166	0.584722967	0.241541223
0.172385272	0.509808656	0.478845175	0.528265579	0.239077197
0.296829018	0.479634383	0.445355831	0.535520994	0.099961183
0.130144195	0.658257335	0.485768679	0.597987291	0.063118009
0.220320244	0.421454113	0.56804631	0.673257256	0.201764852
0.167686195	0.574894641	0.526042862	0.488893525	0.015951281
0.167624566	0.583805876	0.492390049	0.490253045	0.290278311
0.23222786	0.56490612	0.436819676	0.46361381	0.293981158
0.301863549	0.541434537	0.461398173	0.548981907	0.180920731
0.220937497	0.528516268	0.61102575	0.506101046	0.368477065
0.185252687	0.586445802	0.535478995	0.533544231	0.259447031
0.198293452	0.612638511	0.530959665	0.50277455	0.194958894
0.271928075	0.521205028	0.527755957	0.618715229	0.05115485
0.154715052	0.498955167	0.574984828	0.552721801	0.024445857
0.185489128	0.671539921	0.435777418	0.534129105	0.204787164
0.130265232	0.641135159	0.612703787	0.597584357	0.20834602
0.266743999	0.5729987	0.470351064	0.444906158	0.17791546
0.16622754	0.592588727	0.489005673	0.568987139	0.150547509
0.161014015	0.547708158	0.539596997	0.539342695	0.068022539
0.161126295	0.544375281	0.491632891	0.476588156	0.338389839
0.209257113	0.589504038	0.431556228	0.601562502	0.276896612
0.110559511	0.504682261	0.605301178	0.554694997	0.10535307
0.216900164	0.550950831	0.601956331	0.605918083	0.112797992
0.186892503	0.703577467	0.613199778	0.44613301	0.239040067
0.268067949	0.588022208	0.464731234	0.578908575	0.270922754
0.211408997	0.49912068	0.514004662	0.570241979	0.159570539
0.204862541	0.626279417	0.570795294	0.509021028	0.066357163
0.180109571	0.464565681	0.58314905	0.492737347	0.10899389
0.221664231	0.618420056	0.594422298	0.534464759	0.194883381
0.238735507	0.537336401	0.503737352	0.537014882	0.128213274
0.231588727	0.510417178	0.55260396	0.420956227	0.072346605
0.253203854	0.550779267	0.518818687	0.5708218	0.088077565
0.252516748	0.616437554	0.446875227	0.53248555	0.129106549
0.146135418	0.607554551	0.550481315	0.603446923	0.180134993
0.171341088	0.551757952	0.445806855	0.512966473	0.163015913
0.208285053	0.677304587	0.505394388	0.601133368	0.110545909
0.153273551	0.560663153	0.548688009	0.609162595	0.240701839
0.201350302	0.627231445	0.557615545	0.654932663	0.204068681
0.157679493	0.415391181	0.546138919	0.536290499	0.258404612
0.202875873	0.519265876	0.511471073	0.490416342	0.277190406
0.215732627	0.55373811	0.437152784	0.638461639	0.272632737
0.231957086	0.622308363	0.576533711	0.597505122	0.252239617
0.15038262	0.613719017	0.612192027	0.524093127	0.282532965
0.293407195	0.45990399	0.448793493	0.61954675	0.296586682
0.212959185	0.57644333	0.540941812	0.499306726	0.042082787
0.295870001	0.503416069	0.515905484	0.477911489	0.143780126
0.265797599	0.554799831	0.526147639	0.555312859	0.304188166
0.188947244	0.402540932	0.462300561	0.546568036	0.030500413
0.245768753	0.552918883	0.50151364	0.686516853	0.289461198
0.249180998	0.581287337	0.429897532	0.517572119	0.11160118
0.169338054	0.47912528	0.503063417	0.581085787	0.251539279
0.253600634	0.471128606	0.552629756	0.575865341	0.300897584
0.166170172	0.594819854	0.602802857	0.538340594	0.072420049
0.2241491	0.528806885	0.438738489	0.557743795	0.013238177
0.172123274	0.596351918	0.426066705	0.599443265	0.081745502
0.167864432	0.479391696	0.611241953	0.589317642	0.213042587
0.129700911	0.508907344	0.599554677	0.534843353	0.029649806
0.202021449	0.540511602	0.418951747	0.631833891	0.177953187
0.235276168	0.614091318	0.481019722	0.470727729	0.249193418
0.182953202	0.673308938	0.57830637	0.598371376	0.234384662
0.233818955	0.515386921	0.511735179	0.493505878	0.198279651
0.165194604	0.516672821	0.475611088	0.573568053	0.208478059
0.164734465	0.584162626	0.500669708	0.573472108	0.109631091
0.149583474	0.575124539	0.584284458	0.4917395	0.039825406
0.147881026	0.610462944	0.503885681	0.489305874	0.045674833
0.164594122	0.596550737	0.572502512	0.564125678	0.340106265
0.15127677	0.521845982	0.441211745	0.554385725	0.094896577
0.170804759	0.557270907	0.570990748	0.557657471	0.012920855
0.27784564	0.573653448	0.596444093	0.507549482	0.077980931
0.231597372	0.643005314	0.603951603	0.578339678	0.111684057
0.141775579	0.521465765	0.470350055	0.528135574	0.045673502
0.215110869	0.598124896	0.535826496	0.549460743	0.12909854
0.142441996	0.600969961	0.52896484	0.536767759	0.215904621
0.166566914	0.474778742	0.432801694	0.55504159	0.31967474
0.156265255	0.47592431	0.458828479	0.434021788	0.08790149
0.192209735	0.641108946	0.589343137	0.472886253	0.113109047
0.148091422	0.665206784	0.600505341	0.496226517	0.158287331
0.084819783	0.578762949	0.57245838	0.487448569	0.131940776
0.25763287	0.604189713	0.547277294	0.491050852	0.093216572
0.212184412	0.489725234	0.487973929	0.490071892	0.364553737
0.179147681	0.562574936	0.609135467	0.496191286	0.091668194
0.132900156	0.539403454	0.437432299	0.492072308	0.130034291
0.146615004	0.599633786	0.430852418	0.595587845	0.261550622
0.118773176	0.621293071	0.592183747	0.498359479	0.105472714
0.174677371	0.53452105	0.482611082	0.547718177	0.169889255
0.194989998	0.51116931	0.410329196	0.545986441	0.343911968
0.130893283	0.668240245	0.491053552	0.635345916	0.021754927
0.194391839	0.712090291	0.419272248	0.658113192	0.363894004
0.170763693	0.577537466	0.491876152	0.515722437	0.258371907
0.168910963	0.635576511	0.497688454	0.453481982	0.227489346
0.145518613	0.433881367	0.478814544	0.566605833	0.140810296
0.120194692	0.586379703	0.444149244	0.644349119	0.152800283
0.274928591	0.53025842	0.583848236	0.504431468	0.033678359
0.217757152	0.62515597	0.574337167	0.495504191	0.336503996
0.20593063	0.627784538	0.606814117	0.517808601	0.291182926
0.226727081	0.621311063	0.485262977	0.478648265	0.045682328
0.098041482	0.592327233	0.487527836	0.473083895	0.321157138
0.128236195	0.507784081	0.470734042	0.554115525	0.368309157
0.20128923	0.524504716	0.469020106	0.643492071	0.010483357
0.189124528	0.638306005	0.577032726	0.525711182	0.069261018
0.15376175	0.510418895	0.427670379	0.480191597	0.018591286
0.195526098	0.575874496	0.445362854	0.51079916	0.024726127
0.105601545	0.540801669	0.49345756	0.496015449	0.168679389
0.179372279	0.482729022	0.497568826	0.524545409	0.2776832
0.150181408	0.521113798	0.430207691	0.546439904	0.150554845
0.143758794	0.645544766	0.532955131	0.571560264	0.207090742
0.28597042	0.659271307	0.48213657	0.485957717	0.158375043
0.230567581	0.614857707	0.446102954	0.534367809	0.26388787
0.162559181	0.551727105	0.538627502	0.538969081	0.199926657
0.308247519	0.498399292	0.410092269	0.379686514	0.195885533
0.200880106	0.543421247	0.544749622	0.535277618	0.213911244
0.142746597	0.59795979	0.498367832	0.565779955	0.076018682
0.132959946	0.582887423	0.531155386	0.530632579	0.104238324
0.186438681	0.455325457	0.455515367	0.571434813	0.189637691
0.252091751	0.587997791	0.524950831	0.480630624	0.22887964
0.214588546	0.568418758	0.540783856	0.532094372	0.283717193
0.265271686	0.489005205	0.514218993	0.556464585	0.152547107
0.206583422	0.674215452	0.45041752	0.590582203	0.02260982
0.154665806	0.614786789	0.608666445	0.484936323	0.123614173
0.23153033	0.526722198	0.405352416	0.475284089	0.319844802
0.213490635	0.605881705	0.424069233	0.565879845	0.336191981
0.171126998	0.64381211	0.494006743	0.574345059	0.143513348
0.133732174	0.528330703	0.558563865	0.532446325	0.185545858
0.203450423	0.523217383	0.493935845	0.483010399	0.369133307
0.15007598	0.535140693	0.495810027	0.476520883	0.084963362
0.145224545	0.631293948	0.404590567	0.541063722	0.040556506
0.167672479	0.469807408	0.544744548	0.469793067	0.362820608
0.205393828	0.593521349	0.497562219	0.52310438	0.34689902
0.213965977	0.610181142	0.573626289	0.636195455	0.32731785
0.16795813	0.595710723	0.422143021	0.463505193	0.187511936
0.205536515	0.525242801	0.446405262	0.4235956	0.352035349
0.168883957	0.54603207	0.532520424	0.627693059	0.185512917
0.251211473	0.457986623	0.51070582	0.554595185	0.11134673
0.195466536	0.513563288	0.536698826	0.496222301	0.213767418
0.148461898	0.511899128	0.577703249	0.533998253	0.177463666
0.15427678	0.562813922	0.547392965	0.478235342	0.296340986
0.239592881	0.589159671	0.499410096	0.440169408	0.186724723
0.191435323	0.563791515	0.435696509	0.606901461	0.11165999
0.142519601	0.583997536	0.415982244	0.543931609	0.024252524
0.298643992	0.498749776	0.481941832	0.478157874	0.294195682
0.148367365	0.538365458	0.420075445	0.534030552	0.244338304
0.272208851	0.53452585	0.446359161	0.549088356	0.101098162
0.162269686	0.510176666	0.492334273	0.520638782	0.163728858
0.238095003	0.574647416	0.404066603	0.508558063	0.128780804
0.150652733	0.470108294	0.510583043	0.613488341	0.040755143
0.234438783	0.518824482	0.470379586	0.462742587	0.099083772
0.322865286	0.464956594	0.606196858	0.553607897	0.066359541
0.276849582	0.621453121	0.573494243	0.479566498	0.057279023
0.234407966	0.572554565	0.593559986	0.55094495	0.297729166
0.25238963	0.581715173	0.529962467	0.564911322	0.122656709
0.271103961	0.512169292	0.59316847	0.549280868	0.312577678
0.19755669	0.527288204	0.454600886	0.543393245	0.282258689
0.170995019	0.476814778	0.509528581	0.486451664	0.015664502
0.235340198	0.53826886	0.495165547	0.55132472	0.046407051
0.201821526	0.534459136	0.54637297	0.488442489	0.017486121
0.275480328	0.543993058	0.573946913	0.50288176	0.02323601
0.158222043	0.584538133	0.503157038	0.594996612	0.006866018
0.202854527	0.542371006	0.533749552	0.522619942	0.038576178
0.267336556	0.511841025	0.440296952	0.623495052	0.009865443
0.241017381	0.572296876	0.409585678	0.393753834	0.30140236
0.255191339	0.500527964	0.511425529	0.656135739	0.091082209
0.226448769	0.499900292	0.48749336	0.419396363	0.108727322
0.210486499	0.533082797	0.437397738	0.496762122	0.283848016
0.19595988	0.584073234	0.603208761	0.571117078	0.003239839
0.123829675	0.536558737	0.433892591	0.567996953	0.330665704
0.112139444	0.59583458	0.585975635	0.613141207	0.068215461
0.199575581	0.520311155	0.448011196	0.532697349	0.354387886
0.299643161	0.566272174	0.511678799	0.569047199	0.026804954
0.193565292	0.572280918	0.485375948	0.595232467	0.344636658
0.09720744	0.536750543	0.416502593	0.586278034	0.327391576
0.128585389	0.531363842	0.58427505	0.651036902	0.207079745
0.197441376	0.506642799	0.54857289	0.56752784	0.32382915
0.262985812	0.488679076	0.4666424	0.537044304	0.308539245
0.24241101	0.644694778	0.433301965	0.473354025	0.050223868
0.13463242	0.516628403	0.5730948	0.517462553	0.350564668
0.233969221	0.48655254	0.448084665	0.49639231	0.129655926
0.283617493	0.62029821	0.486228766	0.570047948	0.307777831
0.189790447	0.52182667	0.530816425	0.523785751	0.099957492
0.193099827	0.505776753	0.57538904	0.543050197	0.167544104
0.13875641	0.610439232	0.572291	0.511159592	0.108727878
0.150831428	0.52894654	0.446172762	0.524315616	0.106199649
0.235235161	0.48369791	0.566489897	0.515203598	0.32829065
0.201367154	0.57677753	0.434918049	0.598868081	0.323989772
0.279787596	0.4399252	0.402621164	0.538650475	0.260668238
0.279439738	0.635469902	0.575175757	0.538015782	0.312075323
0.132581365	0.448113508	0.475464024	0.579534983	0.327671064
0.17779429	0.567290079	0.449376783	0.480773486	0.301936655
0.19576912	0.614652254	0.543239963	0.544816661	0.283296667
0.292566413	0.594403513	0.487275943	0.615737872	0.15480624
0.312598195	0.506896479	0.509209587	0.540749482	0.097763959
0.318774756	0.601893763	0.527949241	0.444448954	0.212532074
0.146407467	0.620122294	0.613883257	0.536599608	0.339703313
0.139795729	0.526832942	0.534165237	0.54351545	0.055374805
0.14101908	0.650796212	0.61065706	0.541619431	0.198741095
0.270068573	0.596458488	0.468037545	0.532421624	0.366593244
0.109538307	0.527883451	0.487063904	0.530980939	0.240082301
0.307520593	0.479669475	0.588755041	0.559670262	0.248015853
0.138157773	0.547542497	0.530540996	0.473691744	0.185037062
0.20224594	0.546662757	0.517994375	0.416369902	0.356852862
0.115972787	0.674310719	0.500351797	0.450373495	0.200880103
0.155831205	0.410738567	0.480599094	0.427561955	0.089653704
0.145341773	0.582237723	0.570513429	0.610668828	0.059460895
0.146728041	0.621390391	0.477497752	0.657845454	0.253932835
0.146242598	0.759211296	0.446430121	0.505340551	0.124252637
0.131820416	0.586075	0.599542132	0.518059528	0.29595567
0	0.56936688	0.544022771	0.407080305	0.019621317
0.243806947	0.641419949	0.439787789	0.469875204	0.213282445
0.145354377	0.546794049	0.59836896	0.535931431	0.355803792
0.105961939	0.499527997	0.528727249	0.414318496	0.207840175
0.056573878	0.467707251	0.604397883	0.536173735	0.262339735
0.195077741	0.625979273	0.571225999	0.47655728	0.265484313
0.227793725	0.512025465	0.477595184	0.504200919	0.295331927
0.151137662	0.574987098	0.575766676	0.586327559	0.227851647
0.193900644	0.553952043	0.523908516	0.566334327	0.022543149
0.177255538	0.537112717	0.526374256	0.565455459	0.170559008
0.18586741	0.563631103	0.46043137	0.619343819	0.137700894
0.175116121	0.554489949	0.459270706	0.578659336	0.232159542
0.229655622	0.600417339	0.54789551	0.511761512	0.13633881
0.159971328	0.499241567	0.409568655	0.532268896	0.087556313
0.210912885	0.628218641	0.538610232	0.556500262	0.17245981
0.165023613	0.623572143	0.599139335	0.543771907	0.063392364
0.110559175	0.684089054	0.499772401	0.756426187	0.231118204
0.175857058	0.596629785	0.536629275	0.496104879	0.092653481
0.164212881	0.503801953	0.450293235	0.526304616	0.353841756
0.334368152	0.581398718	0.551836798	0.518496225	0.243917314
0.249740123	0.588957042	0.552623443	0.579666598	0.358009228
0.273836373	0.544467697	0.552925449	0.616962519	0.327106043
0.182804513	0.583931907	0.510500018	0.508325966	0.343983271
0.206778367	0.520842337	0.451980372	0.570836178	0.090786767
0.095634849	0.587912655	0.410803653	0.50105188	0.157989621
0.222578525	0.567307829	0.4571109	0.640683298	0.243628346
0.070693507	0.571271818	0.516057758	0.471307908	0.136847785
0.21986574	0.578923673	0.517539918	0.563347938	0.01662902
0.19028992	0.585416585	0.504878243	0.537761763	0.12227621
0.13253637	0.610837743	0.562812476	0.563801988	0.025490475
0.223624595	0.581290557	0.510388447	0.558955591	0.126751677
0.150057838	0.458693119	0.474938532	0.500777855	0.206492504
0.248180844	0.55524899	0.564449353	0.532031902	0.355684483
0.354992259	0.797158665	0.601580656	0.833662396	0.317932995
0.394741934	0.817667038	0.62292856	0.722439921	0.15342234
0.203749402	0.7090176	0.593766833	0.801564648	0.04491017
0.443247254	0.798888606	0.645522926	0.828729142	0.255638064
0.393590765	0.805953366	0.607464937	0.811123804	0.115053171
0.300779526	0.752472243	0.532803523	0.812239682	0.101470711
0.327092704	0.881320718	0.649124295	0.797548462	0.334619839
0.254708213	0.88487738	0.662442514	0.742441578	0.302914648
0.276332316	0.720227981	0.679905226	0.90434935	0.335246206
0.433059601	0.843626438	0.59628519	0.818834565	0.022490439
0.347276471	0.819635486	0.577486864	0.804625375	0.187388738
0.471077694	0.901010016	0.60784232	0.885646379	0.030329312
0.311173019	0.851682676	0.587521063	0.752759082	0.204824084
0.271351837	0.841481832	0.556913117	0.800627712	0.263464303
0.300490812	0.821949896	0.587089406	0.755347047	0.142463834
0.258462358	0.803190628	0.590415224	0.733749228	0.171724573
0.317963341	0.771202046	0.589617545	0.801316613	0.22900132
0.463180575	0.873094561	0.610839858	0.744452377	0.276009919
0.333275738	0.819233043	0.632011328	0.826177287	0.043636421
0.194761781	0.85252561	0.644172701	0.800009136	0.109458237
0.400168531	0.795394197	0.605603267	0.830776588	0.063335498
0.261429246	0.860938957	0.590501055	0.855283664	0.355563548
0.376689124	0.937919131	0.647753044	0.889186709	0.311011254
0.19537657	0.856886899	0.55215174	0.761986728	0.044805089
0.218989698	0.731952745	0.540336897	0.824611009	0.06869423
0.347199074	0.782047613	0.663596565	0.792761759	0.27841656
0.32336508	0.781596904	0.515281298	0.881774628	0.296365228
0.210382467	0.820763005	0.716446525	0.81038466	0.244148684
0.204062781	0.899073765	0.62011318	0.897296088	0.096035574
0.436224266	0.788484515	0.643077742	0.7634702	0.127817839
0.237234963	0.839019202	0.585876616	0.818496577	0.209795798
0.371219361	0.85032534	0.586357715	0.854840689	0.143763383
0.313189429	0.850320455	0.680051372	0.738597838	0.263048206
0.464658115	0.793943277	0.666576972	0.755631683	0.215086748
0.469994394	0.790429057	0.615002472	0.795458284	0.320331114
0.449006618	0.833581533	0.593507172	0.806680543	0.354475987
0.209306896	0.809047798	0.6286822	0.942885614	0.058579031
0.481010942	0.853753301	0.685618808	0.705762807	0.280688364
0.431095882	0.802397081	0.653721102	0.798607314	0.05017288
0.344455164	0.800653639	0.69762898	0.859790503	0.106904612
0.410546685	0.883850109	0.642193707	0.833688439	0.163908071
0.408154752	0.868525349	0.618549547	0.942382633	0.1554812
0.245754248	0.800700973	0.619970198	0.792512594	0.366353522
0.432901739	0.826270764	0.512037078	0.836116938	0.008631668
0.342807113	0.911534839	0.568901468	0.863887512	0.220919082
0.425356981	0.785579092	0.62880677	0.818660755	0.265339781
0.19520393	0.734180759	0.601963197	0.797681706	0.290627712
0.303722562	0.890006485	0.568870356	0.808926906	0.153341464
0.311997618	0.900786059	0.569148303	0.881893814	0.245555422
0.285350974	0.821706741	0.56541508	0.921577313	0.313201034
0.408661738	0.735645929	0.645637877	0.770509008	0.322714003
0.336304284	0.804350926	0.627111633	0.879714441	0.288159334
0.467289211	0.82513356	0.63780634	0.780404668	0.22942586
0.384698257	0.848673107	0.5155848	0.829769288	0.298918332
0.347184018	0.730665854	0.619646936	0.85851636	0.058608779
0.437743705	0.837946422	0.602547132	0.837796254	0.118414403
0.438142268	0.833251384	0.640141115	0.785311472	0.065317039
0.359526212	0.839383477	0.674006433	0.827911659	0.059222169
0.251358992	0.834022306	0.589944919	0.7761904	0.109075054
0.337399981	0.901375207	0.618846042	0.822410165	0.058753102
0.339408409	0.832438522	0.573625126	0.763797642	0.102870346
0.453726042	0.853703685	0.602254663	0.796753573	0.303495776
0.37777716	1	0.615558901	0.767079639	0.234086845
0.324961351	0.789689796	0.541051527	0.83772414	0.233140877
0.480489285	0.78505948	0.641669254	0.941921168	0.256715765
0.229974422	0.816175866	0.657209063	0.943720833	0.095141009
0.306268216	0.728662506	0.643019212	0.83691694	0.032757163
0.442066425	0.862560002	0.616619083	0.793124538	0.144092534
0.475773954	0.946133336	0.567440142	0.759486713	0.236148966
0.419541442	0.863568725	0.58802484	0.794891576	0.303732953
0.375567759	0.753781131	0.583191701	0.733802454	0.216530707
0.224788648	0.878704071	0.586233303	0.909305962	0.226802273
0.353037113	0.860694005	0.621677941	0.821390475	0.27471043
0.266234795	0.892094509	0.538274483	0.817137222	0.348671391
0.45658537	0.883654696	0.582163358	0.814468574	0.13418992
0.40660764	0.8060329	0.639661371	0.833587439	0.245664392
0.405510455	0.874602477	0.628308872	0.812740405	0.030174049
0.26457697	0.872671373	0.626138946	0.705289122	0.208951158
0.211924505	0.878044859	0.651789569	0.801643331	0.250865762
0.317141628	0.766658436	0.635071014	0.796354427	0.287516224
0.256522757	0.897451065	0.632176007	0.932318676	0.287539237
0.435628734	0.865381512	0.654345504	0.803212555	0.163372369
0.410606139	0.800978073	0.588286895	0.900068931	0.262612926
0.451029285	0.824864755	0.54666846	0.810186889	0.187900546
0.241007266	0.769275749	0.634954187	0.643275365	0.073394115
0.304915426	0.88315514	0.647328656	0.844530395	0.196194695
0.392983451	0.827160139	0.642104377	0.810459492	0.085682672
0.29327967	0.783434654	0.614898926	0.825886465	0.115265153
0.285559372	0.819932702	0.633591813	0.852205162	0.054540578
0.473732507	0.834861603	0.730144357	0.772974375	0.150285069
0.252081754	0.829532338	0.63937355	0.816663686	0.210579511
0.21419872	0.871402936	0.583023799	0.755180582	0.309676215
0.271092368	0.805679402	0.582555167	0.84561604	0.007118829
0.444776247	0.894303924	0.577717667	0.798256135	0.185347455
0.356128703	0.886081264	0.635456837	0.765761528	0.181651275
0.422341259	0.867627013	0.575902681	0.860997429	0.265525998
0.278349635	0.841140551	0.602935547	0.73998981	0.195202795
0.250471239	0.775860692	0.646717456	0.846961452	0.009092276
0.23349802	0.819696557	0.606228748	0.745196758	0.259026772
0.236653757	0.826973933	0.622729036	0.914028904	0.329768788
0.471242595	0.858139904	0.60655367	0.748395994	0.137535108
0.43317795	0.869576514	0.601922145	0.863217425	0.337532698
0.276507289	0.839814122	0.635551788	0.803547719	0.051086498
0.390670067	0.770253906	0.621628419	0.849396946	0.306488631
0.374856851	0.84915221	0.685051471	0.83301301	0.35054411
0.214430311	0.792393575	0.705109515	0.815400411	0.233192738
0.231939113	0.807592524	0.694035628	0.824963667	0.128200809
0.334262565	0.856277005	0.602220792	0.800860319	0.366687282
0.315066133	0.831333613	0.683373252	0.884558778	0.200718558
0.416737613	0.779432882	0.643139196	0.752831512	0.230991805
0.45792184	0.875664212	0.603607473	0.731915118	0.172412181
0.367119412	0.926883007	0.585668502	0.858258794	0.363592328
0.394627313	0.81645737	0.592739782	0.802924391	0.074620791
0.342276625	0.827024533	0.597556868	0.84892258	0.059333833
0.325014755	0.88636245	0.607742863	0.824862185	0.134737574
0.280808659	0.67673737	0.604114053	0.865063128	0.343615229
0.26948275	0.929083373	0.613434706	0.917528994	0.362401557
0.208893775	0.890480642	0.607105553	0.944525112	0.097841736
0.278366144	0.877496596	0.578697094	0.933136761	0.21819015
0.248413945	0.805962268	0.58474081	0.859647923	0.044152748
0.252206125	0.833762739	0.579445531	0.872513838	0.211412302
0.208412772	0.80582354	0.672293883	0.931528285	0.319270299
0.280963907	0.782018267	0.590322609	0.708785087	0.133142225
0.284270613	0.856200236	0.579395822	0.775813542	0.316117165
0.321330714	0.820556713	0.624930145	0.818067465	0.129617346
0.446678942	0.803007309	0.616829387	0.757727444	0.214161516
0.358762046	0.952380922	0.527991014	0.811017727	0.195409241
0.411324573	0.812336091	0.576200476	0.835974247	0.120274782
0.216227367	0.826219502	0.606803344	1	0.248554845
0.229281764	0.927227674	0.665242579	0.811166456	0.178124047
0.281936334	0.957359575	0.56166357	0.709023228	0.216684833
0.45732433	0.903462526	0.67997303	0.802349445	0.138867698
0.270800028	0.859911501	0.553862461	0.890916977	0.049050323
0.395814664	0.891855702	0.604859819	0.807597724	0.199506881
0.436400987	0.778911416	0.685151762	0.793295749	0.0371997
0.219203129	0.777554358	0.682049222	0.862921637	0.208259829
0.462166758	0.8724844	0.587324938	0.877295942	0.329852639
0.398724927	0.851462842	0.553006026	0.775739439	0.184447929
0.446605244	0.796996693	0.53561795	0.794666649	0.345141281
0.431525449	0.746315134	0.630673869	0.877606994	0.320844247
0.457943193	0.864849768	0.646274197	0.717266599	0.292325377
0.424342348	0.791141915	0.591154056	0.817085573	0.208147433
0.40618549	0.832835847	0.655561	0.952819451	0.167901274
0.254520181	0.876324099	0.595870174	0.771491063	0.326587881
0.208340281	0.796223129	0.62662369	0.778441173	0.352209931
0.257283847	0.822703751	0.566799968	0.751381464	0.215105078
0.301247373	0.936460653	0.562654948	0.809456126	0.334637886
0.315326751	0.804532637	0.625073814	0.879974044	0.140859504
0.474685529	0.81916414	0.617241387	0.873461891	0.302536022
0.345593835	0.832194627	0.548063885	0.701543085	0.081624935
0.37216613	0.916359039	0.620514465	0.802306506	0.00826792
0.365408345	0.852455526	0.630788252	0.759315906	0.037620569
0.319940608	0.745650797	0.608789994	0.870682509	0.172177328
0.272182127	0.929438264	0.616394962	0.859939399	0.098434143
0.47074518	0.902231781	0.516814628	0.773171138	0.021775801
0.46340099	0.843303275	0.658025101	0.840361628	0.134516139
0.426647083	0.837613431	0.541421687	0.726491619	0.231241677
0.275447577	0.867892876	0.674558705	0.679430659	0.297302118
0.344391472	0.817213178	0.644551777	0.773464489	0.353240526
0.221834026	0.85533456	0.628718538	0.880511568	0.088724115
0.405411233	0.913134044	0.561867523	0.848300024	0.078045595
0.398614727	0.842235659	0.685838623	0.849857659	0.304855843
0.4421537	0.774436475	0.655885378	0.772886485	0.197166198
0.408459156	0.968298533	0.699781736	0.890805737	0.306213379
0.227512946	0.780074418	0.628239114	0.742558468	0.148274415
0.281387305	0.852057566	0.57573732	0.813575139	0.010087425
0.355203648	0.985599134	0.550432253	0.802149722	0.263575708
0.235635512	0.845303775	0.530967224	0.780710817	0.243656765
0.350684822	0.772782762	0.603904439	0.830891151	0.336693657
0.236732126	0.896409875	0.659247933	0.771649954	0.079025749
0.448709528	0.847289443	0.610390472	0.824794405	0.180491283
0.201649125	0.879613843	0.663652237	0.760445474	0.14604831
0.377876957	0.867536273	0.662352926	0.834641015	0.017372638
0.375494606	0.804096803	0.674148248	0.730996131	0.171775127
0.413610639	0.884964862	0.63961058	0.783309141	0.330486739
0.376382728	0.813561897	0.748889806	0.90472526	0.258399971
0.367262796	0.673305188	0.650475483	0.881086171	0.039082543
0.266999751	0.766081974	0.602227723	0.891922234	0.177424931
0.213780983	0.834663122	0.603689773	0.791351107	0.131072913
0.286957289	0.738579223	0.664046133	0.7026892	0.318825083
0.348899593	0.806262863	0.6435766	0.831761519	0.15868668
0.441825657	0.783538688	0.591490871	0.923846659	0.062608767
0.248583742	0.868075633	0.508819383	0.831825513	0.366893487
0.338644289	0.76976664	0.579320458	0.701636561	0.250192362
0.342741826	0.801794089	0.602182574	0.837364625	0.02357722
0.472241829	0.801260545	0.587428091	0.815682115	0.073204233
0.462387319	0.885291214	0.569068425	0.776937895	0.038512415
0.421565846	0.767766992	0.595871822	0.806911524	0.023093195
0.396002608	0.712754335	0.633857768	0.8344933	0.079977264
0.362383097	0.836591626	0.692688786	0.905130477	0.360134387
0.203039189	0.736769399	0.571417019	0.780472613	0.234809995
0.410952058	0.796611287	0.603381444	0.786624548	0.033349695
0.203974815	0.765861002	0.628177392	0.862228797	0.186022121
0.198892741	0.855894371	0.536205671	0.785313662	0.008596519
0.261577416	0.923009313	0.63248292	0.865149652	0.167546555
0.253156556	0.947120621	0.57037284	0.81708993	0.014520034
0.413142324	0.910861024	0.610838744	0.82160464	0.363961146
0.46970402	0.935499379	0.668119502	0.802995091	0.245218512
0.479914047	0.833070126	0.573368291	0.798737471	0.242910966
0.449283604	0.917942931	0.597639906	0.867091982	0.029262647
0.2259006	0.836314429	0.706072957	0.827391356	0.245147651
0.278442463	0.831448522	0.624060165	0.840059739	0.204281839
0.43840539	0.790186936	0.532023556	0.82318437	0.189836423
0.203777427	0.818149512	0.665619693	0.800994021	0.087480713
0.342188634	0.865417321	0.698138683	0.806902368	0.217408246
0.315411784	0.8050431	0.583135157	0.826879705	0.270511345
0.455537445	0.817026677	0.566183244	0.873870467	0.33498811
0.238410725	0.841759929	0.67379923	0.733702925	0.078189929
0.402166892	0.894745956	0.565441907	0.79821606	0.233494139
0.338647931	0.798859467	0.633552518	0.897911155	0.234352861
0.336670205	0.844010293	0.62998449	0.823340828	0.280208289
0.389636157	0.805869457	0.659488048	0.847197383	0.194327587
0.324968706	0.815655421	0.604467653	0.824039464	0.278095452
0.299261539	0.863859029	0.576794247	0.848634422	0.285796613
0.483418567	0.862361264	0.644949666	0.885076267	0.168014769
0.270013526	0.851147786	0.658295897	0.781865025	0.117575056
0.261297984	0.796574501	0.613670788	0.918104809	0.00692563
0.446254514	0.74172911	0.594175716	0.811846781	0.107482039
0.232017741	0.812436608	0.627984164	0.812313563	0.17058866
0.394740836	0.808082599	0.660714814	0.843856221	0.315693399
0.331885848	0.737268989	0.680289461	0.760672476	0.351692654
0.271788254	0.834022533	0.59923116	0.972747194	0.063478551
0.230672882	0.882520601	0.636555062	0.875990682	0.136667044
0.252170359	0.87097209	0.585192747	0.802722362	0.001799855
0.204043801	0.821321295	0.58423983	0.812087965	0.048572642
0.397740768	0.86152094	0.695121701	0.699536995	0.317647961
0.438163121	0.854169863	0.551211997	0.856980967	0.150264069
0.208537713	0.768269958	0.605799899	0.822045506	0.188645057
0.352921905	0.819479272	0.643873307	0.821101507	0.07394301
0.326109028	0.801370783	0.573641361	0.680100701	0.234253765
0.396326699	0.914713174	0.69346338	0.849299189	0.324741054
0.243731699	0.885098942	0.650657521	0.739375097	0.215389464
0.356468263	0.855938461	0.608608786	0.732797697	0.14703918
0.419353627	0.897314501	0.609159699	0.70754049	0.344541482
0.377213848	0.877672731	0.581389846	0.686128051	0.320299626
0.326615732	0.889151896	0.61570393	0.814323222	0.240295627
0.224533228	0.937382966	0.637750544	0.891320672	0.222571938
0.269600449	0.918561197	0.648977069	0.785907196	0.322586337
0.20615516	0.869004282	0.584802512	0.889507724	0.076687364
0.354048084	0.831292604	0.518997059	0.996015082	0.010298611
0.209999235	0.746972758	0.588581417	0.890710971	0.232012145
0.447678159	0.794064275	0.51567651	0.815610158	0.328419592
0.250717708	0.8378183	0.615985642	0.758628579	0.295227541
0.25610192	0.83845383	0.585405151	0.746294912	0.083556397
0.324685258	0.833091966	0.552509913	0.757302326	0.357183906
0.29606466	0.846721681	0.580167904	0.780667154	0.153678385
0.327152077	0.849813562	0.633823054	0.808533236	0.326873007
0.222078274	0.860953844	0.628361931	0.857535745	0.319448043
0.266430736	0.812832457	0.597174283	0.81527805	0.365235636
0.327332035	0.89008086	0.638037018	0.748473013	0.263501181
0.389749995	0.235839763	0.111039117	0.141995474	0.193750164
0.268657459	0.124588532	0.107677315	0.121113446	0.340767137
0.332454823	0.080315336	0.134561893	0.197398053	0.349587762
0.330139479	0.144330225	0.11144059	0.163782577	0.333303476
0.196398853	0.213573435	0.128023581	0.100284186	0.194743106
0.325272676	0.076879808	0.114197309	0.166167176	0.117819887
0.380670138	0.166976987	0.184208288	0.19888982	0.216558877
0.209356352	0.18572392	0.095284199	0.194949289	0.165352945
0.371827984	0.202337782	0.116502844	0.123108432	0.224741187
0.415359829	0.235137456	0.035854255	0.286359786	0.332741252
0.41213232	0.109575642	0.087733707	0.141526359	0.238423616
0.309049107	0.107398627	0.098641296	0.067019603	0.317431452
0.394849902	0.225531793	0.06662677	0.1069354	0.260239706
0.241717564	0.169616408	0.104108883	0.154518007	0.089022855
0.474172155	0.1654205	0.082258473	0.140478854	0.178029066
0.247457404	0.207026178	0.157658958	0.033020784	0.061931157
0.341190253	0.168324335	0.045544104	0.124262741	0.27499143
0.261895945	0.134931705	0.090854084	0.057151246	0.2759908
0.359309436	0.211397754	0.192731883	0.231706076	0.193273817
0.346983445	0.105089111	0.137226632	0.155309833	0.027498536
0.240795776	0.178448259	0.119989738	0.121282655	0
0.333055509	0.215187916	0.105028698	0.110678854	0.199189286
0.220677003	0.14991849	0.140022786	0.090299058	0.21676219
0.365839666	0.141083899	0.141069888	0.185180414	0.083752744
0.373817552	0.127747856	0.108003555	0.162844165	0.287886247
0.427389989	0.231130784	0.122405768	0.041689158	0.187211414
0.389532439	0.024327813	0.110918625	0.167278051	0.097442766
0.295286426	0.172488456	0.118057581	0.077595905	0.212852554
0.412298559	0.128805527	0.115371658	0.104349695	0.351437415
0.32045489	0.139724829	0.080297701	0.312463221	0.067993516
0.432695934	0.266204734	0.117824343	0.046899944	0.101735042
0.414117567	0.126137528	0.013493718	0.081904041	0.250726023
0.416314709	0.058474922	0.11246152	0.167659478	0.259489926
0.203675084	0.124229842	0.058276618	0.206401035	0.260320125
0.409785001	0.033972348	0.110494551	0.062516158	0.327745401
0.416152165	0.103668767	0.102373018	0.202374258	0.347323666
0.401322547	0.254425025	0.119713789	0.101403166	0.023383501
0.369855557	0.106768085	0.147287221	0.001172671	0.017480825
0.260224274	0.2082732	0.137731831	0.120013142	0.029687009
0.224514234	0.191284139	0.022889786	0.230400731	0.105487594
0.440915095	0.207324957	0.089797803	0.122930808	0.265391089
0.370035881	0.116106039	0.100082406	0.099511493	0.334851797
0.4744724	0.134951178	0.107040667	0.092311505	0.195500225
0.298028364	0.168260048	0.142826445	0.151190148	0.225639822
0.353185371	0.190174821	0.114604051	0.11039263	0.365199325
0.323929387	0.138602142	0.095814264	0.188359407	0.043851133
0.336339015	0.167185402	0.058868598	0.092977577	0.112374758
0.273082442	0.136175766	0.051599333	0.126419338	0.301015288
0.251878267	0.142391004	0.096578994	0.156140885	0.253280904
0.477868323	0.221835285	0.081501751	0.134738786	0.28160962
0.393872965	0.271627417	0.175401656	0.162192517	0.341289925
0.331133096	0.151753974	0.136161574	0.16103865	0.300560572
0.403200886	0.122028665	0.192186525	0.236669446	0.103120592
0.346973721	0.113542199	0.100208419	0.080975684	0.059142843
0.251988519	0.163824833	0.105423926	0.131442731	0.360510433
0.379761516	0.106343468	0.095549205	0.115718623	0.001579485
0.276617902	0.220038794	0.075056115	0.106030629	0.243916569
0.270487293	0.212030985	0.125766826	0.069770894	0.117730003
0.484259626	0.130138498	0.136982635	0.097638241	0.125611869
0.323057811	0.159567986	0.152395524	0.152959621	0.117601405
0.427111395	0.142264664	0.044128657	0.125857017	0.242993302
0.220817779	0.242896464	0.099608568	0.102464318	0.145527681
0.218530402	0.233665204	0.112584811	0.175223289	0.297866617
0.477380967	0.128502135	0.071639106	0.133658865	0.017587123
0.319579203	0.213462365	0.148335365	0.181971332	0.122792828
0.349453333	0.19194187	0.124257274	0.199222259	0.191927371
0.360696151	0.143141201	0.170431562	0.132932747	0.123558244
0.273393163	0.339002143	0.042072746	0.230594536	0.194677063
0.377615167	0.130450887	0.016175984	0.165202193	0.317425503
0.299346434	0.268422058	0.130477617	0.190008268	0.107338247
0.278546466	0.23071834	0.054573022	0.064075379	0.031643264
0.378943183	0.156322865	0.163866084	0.182562946	0.357925178
0.427339979	0.123911921	0.061526284	0.121296871	0.240225761
0.439356163	0.11057427	0.162477632	0.124161749	0.001750008
0.423277373	0.254962448	0.113132366	0.053876592	0.116421462
0.378515978	0.094473186	0.085674951	0.064310186	0.117527115
0.385668087	0.117420977	0.075760908	0.140846884	0.008515058
0.285139215	0.191364721	0.096517679	0.08741821	0.101305665
0.422269255	0.248461943	0.101317128	0.197763039	0.129713824
0.337478181	0.136069599	0.028495154	0.106374527	0.052779099
0.420158238	0.234451721	0.100456678	0.199476821	0.041610888
0.35751104	0.110394215	0.070663736	0.111939044	0.103055669
0.311064731	0.123547088	0.089516527	0.222564213	0.172872031
0.386247509	0.208653156	0.050826822	0.170722906	0.076876324
0.481660522	0.096151831	0.103345483	0.096955028	0.344742728
0.324881222	0.34348905	0.114904794	0.155456823	0.042508024
0.238062467	0.105289037	0.112065629	0.154567299	0.203302776
0.443023161	0.147674133	0.095224211	0.116910386	0.119464034
0.294940338	0.067126067	0.034906844	0.13395271	0.28591087
0.424883361	0.198471572	0.107401494	0.060107711	0.042054981
0.275293868	0.084721873	0.040259009	0.136743023	0.127369436
0.218365771	0.208109843	0.122805274	0.191953025	0.277521702
0.466762208	0.22801482	0.076666941	0.023342405	0.018962841
0.289727571	0.154032167	0.114007182	0.080318729	0.219543877
0.401096376	0.121161903	0.022628495	0.075996477	0.209744588
0.238600599	0.156569348	0.101083529	0.182708776	0.338743744
0.408437042	0.189661336	0.108015434	0.125492385	0.358873638
0.43558279	0.251624606	0.064269778	0.104187192	0.148791702
0.458833459	0.147081872	0.096613844	0.083954435	0.321884285
0.336993966	0.222403902	0.059440182	0.124897919	0.126706243
0.237443931	0.084343628	0.098613071	0.068196758	0.194809569
0.415108376	0.12479044	0.117118392	0.041707455	0.048804512
0.223285982	0.176775988	0.103768217	0.226323855	0.297599306
0.315934886	0.253405631	0.167721684	0.168683321	0.101087005
0.345333767	0.213808831	0.049343015	0.142936286	0.15548463
0.478929317	0.206368507	0.080810974	0.116654512	0.219350759
0.476731941	0.132784544	0.11880315	0.18110585	0.317374266
0.253263688	0.177407934	0.061433489	0.182255177	0.291749759
0.348685637	0.293692611	0.117140126	0.154047147	0.228686645
0.319496008	0.203191458	0.100899348	0.079118378	0.266411056
0.393831121	0.208869814	0.116284595	0.132455758	0.261261684
0.241339126	0.156607785	0.08655386	0.112130796	0.042900013
0.37077213	0.138307312	0.021760639	0.108738926	0.277032269
0.444469477	0.163616745	0.128890006	0.150981474	0.064817222
0.440188683	0.159260071	0.076311386	0.12115957	0.164977805
0.480094707	0.205579039	0.027277103	0.135948878	0.272306054
0.330380174	0.248158143	0.028852121	0.105162422	0.099423544
0.269804244	0.277306697	0.089646275	0.161460703	0.037946157
0.436467002	0.048805568	0.109408135	0.175004184	0.109662123
0.396661505	0.17039918	0.14270003	0.088276283	0.058169272
0.390091357	0.17248362	0.101841534	0.085357509	0.203894991
0.428103634	0.091610923	0.123006695	0.20481682	0.074271205
0.221287821	0.198470595	0.098121674	0.098165897	0.359224174
0.379968545	0.220443024	0.130401972	0.143872389	0.303715286
0.405862891	0.246287666	0.033956293	0.145823908	0.004507789
0.213064972	0.249786471	0.024386472	0.191953483	0.115011122
0.231533311	0.180933341	0.0128369	0.114486872	0.346278666
0.376660562	0.200914483	0.072521134	0.166515987	0.317273696
0.483250527	0.162923515	0.125328188	0.082847507	0.213608627
0.412030221	0.183944533	0.170201888	0.148060141	0.294252763
0.355794436	0.209966861	0.094873664	0.056144818	0.253307703
0.466194354	0.121074074	0.165828141	0.181794594	0.132342664
0.199113485	0.166905571	0.148795416	0.164972249	0.187653712
0.304307707	0.264577545	0.086100309	0.1157904	0.366037355
0.221612297	0.139051247	0.144279316	0.023403517	0.341937654
0.353342462	0.124184291	0.110400645	0.103080533	0.352066987
0.331476503	0.21200978	0.118472514	0.141408985	0.032204562
0.437695438	0.188778584	0.060593636	0.165272822	0.057499951
0.304018822	0.174570981	0.132527777	0.09155066	0.195433193
0.278653265	0.219754156	0.185939453	0.179946463	0.206678243
0.244630801	0.241644169	0.123173778	0.187175655	0.014202613
0.459049864	0.173739906	0.094454716	0.148513961	0.286891742
0.263142356	0.123327708	0.029577323	0.09394479	0.140273422
0.35178599	0.09029349	0.122452816	0.18671445	0.106065334
0.271786632	0.132160387	0.059058752	0.12475254	0.119672186
0.323102111	0.174261335	0.059097335	0.243810244	0.202289417
0.461883987	0.230243188	0.093435197	0.237805038	0.243365009
0.478579516	0.039853769	0.058353791	0.193891237	0.33572527
0.282900106	0.151982889	0.050916938	0.265276446	0.085073872
0.244585204	0.161041685	0.095303485	0.153341965	0.368222772
0.220767356	0.208232999	0.107999649	0.118839252	0.226055493
0.311253321	0.144140325	0.124936218	0.14627728	0.349690943
0.224415869	0.127573011	0.077333177	0.272071987	0.278254482
0.320843847	0.091968051	0.099766302	0.057031386	0.323520872
0.429097246	0.194757388	0.091958091	0.165064848	0.020948912
0.406505895	0.149195438	0.078125653	0.191960267	0.126031944
0.479088611	0.106909297	0.006247302	0.118124135	0.261539807
0.287337762	0.14191278	0.127912344	0.067272659	0.256569143
0.360258205	0.186433549	0.147186293	0.065481628	0.126783082
0.381407437	0.114296367	0.114203637	0.154007821	0.002594106
0.206212511	0.181743793	0.135745102	0.190541674	0.098500071
0.347423685	0.213774776	0.035638047	0.224009207	0.366298128
0.2301278	0.113437078	0.152266718	0.155492097	0.198378928
0.459270159	0.181568725	0.198132832	0.210035456	0.333841933
0.330512919	0.334185227	0.18471759	0.166557463	0.087777607
0.378095386	0.134630865	0.155419779	0.102898825	0.0244092
0.255700521	0.182690062	0.002073515	0.065593893	0.2757912
0.363953864	0.211359853	0.174730173	0.179975125	0.088158051
0.219151455	0.028537023	0.099640157	0.06499475	0.20020366
0.342576977	0.163986679	0.036754713	0.364680824	0.199959098
0.199731692	0.143921018	0.075128208	0.094583808	0.364806086
0.327496469	0.211471666	0.131052467	0	0.290829203
0.424278716	0.261530934	0.089033251	0.109420313	0.252250984
0.286273559	0.116789305	0.036155217	0.216897199	0.321957343
0.203086515	0.169350528	0.105406376	0.195176826	0.28465209
0.206121709	0.171717281	0.152085299	0.150731478	0.056749416
0.24297288	0.095214477	0.072614169	0.120781738	0.037027287
0.3973594	0.145114985	0.00430048	0.216742681	0.30200886
0.312929612	0.184153836	0.122883856	0.13335697	0.35335317
0.31652837	0.175852937	0.113164355	0.081920797	0.166265357
0.250106498	0.125473343	0.10713317	0.15108818	0.339538976
0.401220714	0.215021506	0.157058856	0.170877338	0.123751921
0.215123409	0.228119494	0.086512156	0.133232988	0.250640434
0.25063096	0.129447067	0.151540629	0.115654917	0.318239798
0.310340474	0.143467066	0.101773126	0.010562259	0.213739819
0.41990896	0.224814105	0.113782591	0.133131627	0.201844438
0.221335805	0.167142588	0.078389856	0.056183154	0.032245004
0.31604225	0.212589697	0	0.118323287	0.135400122
0.254785505	0.193788531	0.043451783	0.102158552	0.276520278
0.224719752	0.20833782	0.155804764	0.122309751	0.269649775
0.310955101	0.21470929	0.056516636	0.087968026	0.225538601
0.444566991	0.200789101	0.133615033	0.170476005	0.070421956
0.205895701	0.112044665	0.105589503	0.038174537	0.139516731
0.351611134	0.135175727	0.023464536	0.111111351	0.182312489
0.197566179	0.059000046	0.099373429	0.023295728	0.091070451
0.380926093	0.120677099	0.104005345	0.163032391	0.215537905
0.253525198	0.141915114	0.091771604	0.112097069	0.311839762
0.265394562	0.179503515	0.00321293	0.152413566	0.21432115
0.314487606	0.19883173	0.146978807	0.070316304	0.112286183
0.28379965	0.192678681	0.0955455	0.169975286	0.365172337
0.269252222	0.233897353	0.031538256	0.159918075	0.235476062
0.228862677	0.165819694	0.071197719	0.053937526	0.118890808
0.348302713	0.155724112	0.076963078	0.097183179	0.236727935
0.288760658	0.226797321	0.091290834	0.100586021	0.315123963
0.309744502	0.063393646	0.116386937	0.15417795	0.125716645
0.301246367	0.17187434	0.069939723	0.22599012	0.275993561
0.23443816	0.235373294	0.148128883	0.156567341	0.188174219
0.207355027	0.1437664	0.156699233	0.183398276	0.201390559
0.43726787	0.052161807	0.127879138	0.280162871	0.247319978
0.414758133	0.141187562	0.121539822	0.084032039	0.209502063
0.451463731	0.189168951	0.132752034	0.095444424	0.315077217
0.270529796	0.221318751	0.119359052	0.161147837	0.30313436
0.419360016	0.260311511	0.099901983	0.149266282	0.119411634
0.451640616	0.2334821	0.107322314	0.204263916	0.218249286
0.268051155	0.208071891	0.082162834	0.149496969	0.053420472
0.389664803	0.191179368	0.134185477	0.142450314	0.065252193
0.197187904	0.21949011	0.06693253	0.116040819	0.091694131
0.481731364	0.251159096	0.058436561	0.091800682	0.17975566
0.343575558	0.094248206	0.19373165	0.205127378	0.302702287
0.366021377	0.046202888	0.112204465	0.147503775	0.065481454
0.397365618	0.130145127	0.145154277	0.237142138	0.102133843
0.453480555	0.193179358	0.106380516	0.164206789	0.307495022
0.207509811	0.155056757	0.163749663	0.077416345	0.093445628
0.247484122	0.260105495	0.12429101	0.204711106	0.097332136
0.43432489	0.225466264	0.156213226	0.059957173	0.12124908
0.300448298	0.116442077	0.095507673	0.133125331	0.314386261
0.299441019	0.184398916	0.163283591	0.166401422	0.115058249
0.423726367	0.157005983	0.105218965	0.118457393	0.094883238
0.280707445	0.241885278	0.130563609	0.248058526	0.284687864
0.410473734	0.229333316	0.035277067	0.017317786	0.320808756
0.230431267	0.183884355	0.218310055	0.174261243	0.330120371
0.396780326	0.090943838	0.052592888	0.065970347	0.278444113
0.198691527	0.245279572	0.112340368	0.186196547	0.017335781
0.380081237	0.094130923	0.078452981	0.222291522	0.297495271
0.383710212	0.137962968	0.127619553	0.12633077	0.154444207
0.352623009	0.146814283	0.060361127	0.099657535	0.207169468
0.29129489	0.183882467	0.112910186	0.11647233	0.332551164
0.471781252	0.137277068	0.126182497	0.133742247	0.229259613
0.349686854	0.122610923	0.073872908	0.150334024	0.289562634
0.481962073	0.099810236	0.071979894	0.08013561	0.331544857
0.467432866	0.089052118	0.115134948	0.139710891	0.329775095
0.294105112	0.143046673	0.073908534	0.056962781	0.21818846
0.281550104	0.105278179	0.135632784	0.167489406	0.050367931
0.291683675	0.158189356	0.08876332	0.104268094	0.039922401
0.483549524	0.139992508	0.077013983	0.142137266	0.044406299
0.322391669	0.182263687	0.15109888	0.150807329	0.152258243
0.251996465	0.125865657	0.091955657	0.090349926	0.273115859
0.46374402	0.180448659	0.128997519	0.137502283	0.209513329
0.277934417	0.145752854	0.139438483	0.119590215	0.077458882
0.200481927	0.173632246	0.126314834	0.279371091	0.339239341
0.850473203	0.330479025	0.8810278	0.797958219	0.743644478
0.756053671	0.426658682	0.875150948	0.541090465	0.949216643
0.870324429	0.100645214	0.823330511	0.678059784	0.764636205
0.926075461	0.168524062	0.8717998	0.816308097	0.881058322
0.852763048	0.126743351	0.927170616	0.63879438	0.791507755
0.837049805	0	0.861527463	0.721480585	0.875432111
0.816033935	0.00680027	0.919765072	0.590627488	0.718637162
0.872955105	0.299457089	0.933001244	0.536457283	0.962293627
0.805349372	0.081154802	0.839933088	0.538557082	0.926320048
0.817290284	0.239802317	0.866833663	0.586425786	0.775555994
0.853715089	0.119794911	0.798142379	0.651938992	0.927157024
0.843724696	0.132392236	0.803584199	0.546271393	0.870770559
0.782986372	0.36277361	0.936073007	0.661305497	0.754401836
0.864088888	0.442670353	0.863176223	0.813928416	0.777880457
0.782038343	0.305405025	0.898308872	0.664668611	0.770909095
0.874021287	0.185195459	0.808113912	0.649765888	0.685862722
0.877719118	0.212549706	0.920318298	0.62956951	0.844015662
0.810677959	0.540206396	0.900820471	0.563496507	0.767197028
0.960693609	0.297693282	0.854841891	0.615591638	0.911625268
0.809326081	0.552569537	0.935532111	0.760060248	0.902683769
0.814836755	0.447016872	0.840879052	0.66734177	0.868110569
0.924757606	0.506393213	0.833468764	0.560168214	0.710709016
0.787221104	0.482258433	0.822981889	0.566792002	0.810182884
0.81547744	0.285640324	0.868680426	0.704922633	0.765683589
0.967767554	0.534251245	0.905001244	0.624745593	0.824090977
0.840316737	0.525837495	0.821580873	0.576091492	0.938205158
0.902912091	0.543045162	0.905482391	0.540756844	0.744922508
0.831901858	0.005260852	0.883016685	0.663890451	0.722224696
0.740135526	0.213828954	0.900545775	0.686710321	0.909068438
0.8091095	0.345580088	0.796163025	0.666609898	0.851013142
0.820073717	0.373295928	0.870590409	0.720746336	0.918999526
0.746891902	0.244208282	0.876048752	0.59279591	0.796834434
0.822301207	0.055038783	0.838958541	0.701615715	0.616309658
0.763232968	0.327813636	0.848921889	0.779143179	0.791754093
0.827017307	0.097466925	0.863629497	0.609939515	0.759921881
0.88862319	0.245414732	0.865739145	0.76395392	0.884701673
0.915794987	0.22390307	0.960550115	0.56359341	0.843725667
0.851563965	0.357424444	0.940093838	0.733349022	0.747786888
0.701086248	0.290003767	0.878775449	0.626591796	0.72651579
0.791813124	0.292517261	0.824587508	0.820675217	0.713218909
0.814764533	0.01375104	0.817719772	0.761963438	0.78472054
0.863374676	0.521450776	0.883903559	0.784848799	0.783050861
0.830387742	0.241341057	0.813789303	0.736611592	0.751181266
0.7330089	0.009648955	0.851505734	0.673281892	0.819779351
0.842740535	0.142677121	0.864776868	0.542689347	0.763322035
0.716718022	0.253317222	0.831827792	0.589812631	0.781797481
0.937703274	0.018872786	0.897886735	0.682073286	0.88052805
0.879990414	0.32835003	0.936734878	0.638738413	0.878088575
0.867356178	0.326381398	0.861801783	0.709535331	0.75475462
0.84041277	0.478909877	0.93633958	0.687612561	0.715476521
0.798477009	0.512753382	0.849473671	0.812213768	0.844743626
0.771524567	0.050113247	0.812004705	0.675653287	0.799631435
0.773867216	0.363192378	0.920333425	0.791124535	0.719258733
0.72415068	0.338594969	0.878086239	0.617628812	0.777584041
0.822652905	0.222423008	0.883729804	0.661646547	0.902660052
0.796453553	0.233556374	0.926050932	0.751962056	0.716451349
0.786718075	0.145109045	0.895571966	0.67595102	0.902485756
0.866306159	0.370256556	0.94314128	0.789804982	0.750923469
0.865121352	0.058198644	0.883116434	0.758214413	0.781216643
0.756804179	0.28211262	0.863565712	0.67902531	0.768059192
0.886202253	0.501839331	0.97091973	0.630532006	0.781256641
0.790937557	0.421002769	0.90185258	0.702526757	0.78371978
0.876041129	0.09109336	0.84698155	0.743482199	0.899066743
0.835032981	0.050397265	0.860094851	0.801087467	0.811900676
0.887845389	0.00657702	0.840444212	0.677043024	0.625433393
0.83668349	0.246936602	0.863935193	0.695984539	0.789890358
0.886802823	0.234356304	0.835353712	0.567299051	0.793681082
0.819820159	0.334594464	0.904889707	0.762860897	0.799630771
0.873850964	0.537076075	0.812927989	0.796133238	0.750572295
0.771030375	0.048604379	0.892426876	0.576338827	0.821310355
0.88417762	0.195127004	0.835284897	0.787713369	0.880428822
0.854936198	0.245263858	0.802845749	0.703833895	0.718036477
0.809983069	0.186878073	0.857660172	0.755977952	0.838645429
0.901177044	0.207964474	0.80407924	0.542196051	0.694621482
0.780253109	0.027254162	0.897106602	0.714602506	0.805552873
0.87287338	0.422337549	0.822359199	0.620936161	0.782055913
0.827754599	0.104568853	0.842664247	0.731258385	0.818758658
0.792339553	0.359774893	0.787497995	0.597305902	0.819110998
0.975909376	0.483775189	0.800170192	0.817739061	0.852187349
0.876927193	0.086723325	0.834950225	0.724041898	0.86519859
0.851425832	0.315883895	0.879512777	0.787120541	0.757607767
0.793815986	0.083894081	0.818214891	0.618314691	0.867279769
0.826674177	0.113227301	0.84924049	0.732131416	0.83466872
0.830528429	0.054105342	0.874217664	0.6776777	0.790127918
0.929659672	0.476672794	0.909032542	0.592578595	0.734419388
0.804196594	0.53197934	0.89092563	0.671662684	0.926382893
0.807659933	0.339329713	0.8680278	0.742835104	0.804292218
0.913546225	0.327577417	0.863704643	0.591456883	0.743115865
0.851445441	0.14044859	0.891055305	0.68952342	0.723827967
0.831365158	0.374848001	0.895210696	0.594219382	0.866689833
0.858221967	0.392556092	0.815161094	0.689738211	0.778374816
0.741926006	0.026725281	0.841485872	0.541248526	0.753206689
0.820166542	0.253865197	0.889079069	0.768222894	0.924058327
0.861746464	0.469321452	0.958671775	0.558364243	0.693291053
0.793967592	0.258439046	0.861448737	0.709596888	0.634702226
0.799177523	0.468747613	0.803372384	0.606680106	0.819791477
0.843341259	0.168133364	0.881151206	0.755308444	0.837855176
0.779955948	0.279716749	1	0.636638895	0.906731417
0.783749619	0.475958695	0.869770132	0.550944591	0.878661115
0.85114108	0.420152232	0.797722626	0.765715609	0.75785187
0.833543784	0.044390635	0.841755732	0.695259928	0.762145837
0.837499561	0.399908152	0.932080644	0.763786368	0.763281081
0.891031769	0.079016351	0.957602757	0.742497289	0.783935457
0.92874548	0.205345575	0.861481116	0.658960093	0.754115652
0.896061355	0.467800149	0.860919562	0.60196692	0.880608199
0.853357297	0.21403026	0.861793462	0.727795473	0.722371751
0.795474209	0.517721409	0.818131731	0.615065719	1
0.934598798	0.231393705	0.924545845	0.557069435	0.805653456
0.801489147	0.184091321	0.886735577	0.60202171	0.792115118
0.804652069	0.058443116	0.837634898	0.604865667	0.739242482
0.83213627	0.378613544	0.853755621	0.682897673	0.900770449
0.854449033	0.45200856	0.822909637	0.676620511	0.817586025
0.80783327	0.482085836	0.870990817	0.546037033	0.792209253
1	0.339932175	0.829353357	0.776299651	0.823632052
0.830768052	0.40482964	0.851812913	0.592152865	0.816558994
0.793710669	0.344480295	0.85420353	0.671818298	0.799642706
0.826024743	0.422191985	0.874532989	0.54191517	0.888689475
0.965467555	0.488853789	0.847915625	0.582507012	0.891088929
0.874656822	0.296516662	0.842302793	0.6290996	0.769322345
0.715513838	0.056016985	0.915738649	0.735558551	0.910026699
0.802708659	0.320837332	0.847511214	0.812861949	0.751813547
0.811012181	0.375318397	0.82883762	0.772418277	0.86940812
0.831424455	0.539595036	0.898854888	0.608093015	0.9413154
0.777244759	0.313743906	0.915558937	0.6042823	0.822870813
0.800822894	0.332248041	0.856811654	0.780483877	0.873536714
0.774380335	0.238963047	0.827015612	0.729440632	0.812665958
0.737681726	0.21620915	0.82883692	0.777467371	0.895815659
0.854959552	0.43743356	0.885208079	0.632103111	0.877418442
0.847584922	0.106232835	0.899442964	0.802118276	0.800760996
0.896056902	0.040455359	0.853929715	0.564610425	0.840221396
0.828546927	0.173685056	0.855791671	0.778745401	0.734656347
0.82560385	0.328798454	0.860912314	0.558439698	0.906949662
0.899719247	0.171726227	0.89137228	0.599477787	0.825721198
0.900767599	0.018293015	0.909263125	0.744085355	0.84709424
0.844063138	0.114361125	0.773283682	0.730183806	0.924839858
0.782121533	0.056557143	0.836403437	0.541347821	0.850081391
0.856264973	0.001745952	0.781829172	0.565033849	0.749908822
0.830587751	0.09229619	0.941361475	0.582086751	0.794827984
0.785600264	0.42091367	0.819017289	0.760420871	0.721123751
0.766907072	0.257814	0.891049884	0.784499373	0.794173392
0.869966192	0.120897825	0.82760432	0.789769713	0.667006271
0.880127893	0.100393129	0.882604713	0.745124761	0.734875466
0.833676327	0.005919747	0.856751328	0.754891491	0.75460876
0.852219505	0.279251895	0.871421127	0.672488295	0.889661994
0.872738889	0.479392884	0.867035516	0.604089504	0.803104547
0.788669423	0.172867832	0.818724059	0.747918083	0.845157634
0.952545965	0.497865564	0.793159284	0.584196949	0.874605433
0.861623573	0.471500245	0.793991194	0.621865479	0.94442208
0.819691416	0.404793306	0.929046651	0.610991672	0.781530591
0.782269676	0.542999757	0.863486542	0.556300897	0.764206156
0.917132836	0.386622546	0.859210131	0.710623211	0.741471519
0.957397569	0.181974793	0.929714209	0.712461808	0.871714332
0.758679446	0.50030707	0.854537156	0.572455572	0.801451747
0.780539135	0.212250787	0.848556115	0.580168579	0.856613166
0.795953413	0.214680508	0.88616125	0.782507457	0.734906441
0.901019428	0.283314518	0.849578843	0.560578171	0.864303808
0.688778039	0.278967402	0.867555805	0.767146268	0.831142868
0.845548089	0.487520492	0.802421707	0.563996587	0.748434821
0.910579808	0.179745648	0.904749943	0.566569138	0.688514489
0.761281438	0.321535629	0.822774406	0.55435351	0.756895427
0.836021154	0.168464023	0.809936961	0.74020853	0.77467625
0.767440326	0.416926419	0.892462577	0.540024886	0.736179912
0.802741391	0.398684061	0.882247268	0.552380595	0.803761256
0.860198098	0.342885264	0.904638804	0.576642669	0.786773418
0.828005587	0.523745422	0.905995181	0.627729838	0.902832898
0.892301336	0.153598595	0.91762345	0.693704144	0.768691904
0.917792275	0.034507651	0.884651254	0.679330128	0.822047026
0.757398633	0.521504977	0.935209086	0.712981642	0.832322281
0.758599183	0.177733964	0.930379169	0.601306819	0.726125399
0.873448778	0.331655581	0.823374611	0.797976239	0.787855141
0.776741353	0.229935776	0.873636326	0.552309698	0.761260006
0.796490309	0.279649861	0.8574905	0.739140249	0.860065447
0.781954714	0.54763678	0.892420379	0.749703128	0.727724391
0.825367065	0.057112659	0.922837042	0.801266382	0.929033364
0.865264667	0.202628815	0.836335819	0.553858457	0.815017244
0.813314342	0.466206622	0.863005865	0.704942119	0.849045796
0.901292091	0.115111622	0.897217161	0.664790469	0.799660298
0.681338288	0.418113538	0.859423602	0.562519303	0.793859659
0.865464209	0.016078784	0.85286356	0.594919043	0.780703428
0.85039578	0.10069495	0.898231593	0.78339545	0.913200138
0.890311156	0.375700723	0.876037742	0.622013905	0.952377677
0.747135396	0.046841761	0.926908164	0.660235201	0.697807895
0.856272386	0.31490371	0.89083195	0.682345873	0.819102156
0.84581967	0.373034575	0.867266228	0.564068123	0.677235646
0.844638918	0.48989778	0.964702631	0.603998338	0.922380862
0.831536053	0.207882544	0.874728175	0.686652667	0.924562563
0.78162368	0.092591559	0.806191516	0.687460873	0.761660341
0.780734204	0.096045474	0.986611312	0.785978732	0.84339255
0.738798571	0.140402992	0.842923008	0.760812739	0.814895804
0.81068659	0.246806457	0.935053289	0.680002557	0.826946911
0.840948594	0.362016579	0.887074219	0.649831211	0.776569295
0.89727719	0.462768347	0.874687767	0.722472454	0.802508827
0.773637778	0.45712401	0.905236823	0.71892013	0.798883391
0.849567728	0.536037247	0.893058396	0.698937411	0.762794272
0.867793018	0.221439893	0.870415003	0.759953373	0.895048133
0.801098937	0.41359313	0.9058152	0.755875741	0.925064454
0.674015439	0.087915015	0.916964424	0.648606335	0.848186486
0.818095237	0.518161468	0.874741633	0.681726889	0.796845999
0.835050615	0.074443128	0.893830067	0.742014646	0.764728195
0.82922752	0.156588148	0.847774778	0.815615259	0.836326635
0.857947036	0.467123278	0.894543842	0.777601114	0.865747296
0.816439248	0.271943269	0.93287017	0.657145091	0.857180357
0.867063481	0.168177609	0.837199903	0.803290292	0.807148527
0.826344439	0.089348051	0.822812566	0.566284954	0.788130655
0.890284916	0.551151695	0.870549568	0.557440229	0.737686298
0.903709697	0.036769163	0.900947733	0.551267497	0.741165046
0.940859675	0.287895228	0.940114966	0.819787627	0.85031515
0.923720014	0.328816397	0.935327945	0.593092677	0.749922904
0.789493428	0.361451264	0.79926042	0.690647421	0.811924111
0.869298802	0.196509372	0.908590919	0.632854378	0.612011581
0.749547314	0.251511723	0.948258793	0.584327378	0.765257463
0.852233737	0.458807328	0.887120823	0.697848028	0.848585618
0.906790709	0.070038321	0.877067327	0.66876877	0.824937707
0.75384883	0.466813091	0.947048578	0.581645384	0.838637939
0.706550254	0.306972134	0.871956321	0.591901254	0.767690374
0.73666326	0.094659771	0.988112223	0.563564274	0.910020847
0.775927463	0.431620652	0.831305321	0.792924366	0.769575782
0.756910576	0.359525061	0.926593311	0.694490833	0.83833489
0.79481173	0.389088321	0.780779618	0.677982898	0.882933066
0.802150885	0.194112969	0.938397436	0.57575508	0.665173226
0.786282688	0.021192912	0.882161494	0.704715186	0.853732294
0.9219772	0.401392542	0.878849441	0.74553966	0.672848046
0.833488084	0.444228531	0.828345162	0.697602265	0.925118738
0.844640505	0.240148581	0.927710113	0.725610887	0.776863808
0.796006048	0.267234311	0.851207406	0.577910656	0.708747127
0.796263929	0.091692981	0.867087922	0.735370498	0.834921792
0.81563462	0.069860182	0.918821556	0.719240125	0.768730352
0.890663138	0.237017771	0.875093712	0.769910862	0.700688331
0.784771845	0.06223769	0.851466905	0.743467693	0.758709292
0.793204747	0.023135541	0.909608925	0.81271379	0.879740346
0.831664154	0.207240678	0.870965528	0.814972194	0.705039552
0.906284547	0.148683568	0.860947611	0.76227474	0.78587751
0.895403687	0.527950194	0.912145981	0.624425778	0.726054045
0.813005983	0.010102905	0.834300939	0.613344738	0.828817567
0.770855054	0.338836162	0.849732541	0.694305524	0.764540026
0.925217799	0.111734884	0.882457837	0.636094698	0.800075507
0.788160997	0.048965178	0.886429739	0.667729752	0.81162316
0.861909288	0.503785017	0.871102386	0.586658291	0.873714222
0.852707807	0.218547576	0.91382791	0.570317193	0.813462498
0.836887044	0.425055415	0.917733491	0.586941841	0.835634946
0.775500635	0.015541417	0.95290687	0.621583673	0.777511859
0.936725967	0.109263013	0.890805879	0.809568889	0.842709387
0.804589708	0.445086918	0.866009378	0.735699272	0.775442406
0.907662772	0.507538967	0.889521405	0.74101871	0.902075372
0.788739713	0.414244772	0.840124933	0.597860429	0.862409239
0.775264742	0.107441778	0.867850544	0.626837864	0.930146724
0.813213704	0.21060572	0.870806227	0.557107147	0.900868899
0.829421959	0.03929031	0.886545271	0.578049498	0.781952428
0.778070994	0.41488498	0.842366554	0.710617726	0.755175067
0.864447903	0.36276433	0.947417025	0.749397672	0.886002616