0.497133372	0.003423211	0.394542109	0.046279994	0.442284908	0.38854432
0.383304164	0.19066453	0.442438247	0.526473624	0.474800629	0.311536082
0.421924775	0.264005672	0.375241404	0.93308136	0.581493887	0.387487349
0.408820895	0.182355692	0.489592889	0.397362249	0.575209626	0.330762722
0.400772164	0.123122709	0.461285434	0.089267262	0.475160727	0.373016879
0.423217488	0.037886714	0.380497818	0.358143994	0.443495683	0.346136793
0.463118993	0.337718399	0.422500122	0.67325592	0.578213844	0.351507438
0.455266573	0.168410456	0.333004705	0.670639334	0.577557504	0.341694487
0.43058893	0.193839654	0.406762011	0.337863851	0.50253852	0.416067696
0.429703322	0.174249878	0.444658579	0.574241955	0.546768551	0.358703242
0.428670658	0.377163489	0.372882989	0.801581701	0.478801771	0.413037647
0.433639344	0.151935926	0.487277433	0.83605507	0.523113108	0.343233934
0.38493891	0.20297027	0.365834867	0.192865292	0.589128643	0.301366345
0.50341051	0.195720596	0.407097997	0.036186507	0.509245699	0.349359716
0.395355203	0.11312499	0.443304752	0.967343111	0.414972783	0.386686453
0.489688492	0.324834031	0.344919538	0.743827759	0.504691784	0.36213483
0.43794464	0.288537161	0.388025865	0.508422554	0.551499341	0.334685258
0.456828446	0.260795621	0.393913203	0.809973612	0.560468176	0.346031798
0.410744107	0.334777432	0.419179645	0.431563439	0.471945647	0.377601808
0.40267277	0.331354539	0.386789332	0.71802049	0.511474769	0.341752093
0.443618948	0.091826292	0.399783205	0.45781619	0.525198337	0.362981351
0.445996945	0.128491103	0.424996639	0.428998455	0.416879247	0.365124384
0.431402187	0.139252048	0.472832733	0.100354718	0.494798119	0.369915253
0.395336014	0.257077766	0.484899589	0.642145443	0.575235336	0.343717624
0.392527218	0.165379896	0.331822714	0.400604409	0.623923213	0.377454228
0.507917168	0.227566594	0.386089091	0.025687708	0.565325022	0.362042667
0.434264689	0.180678844	0.426695927	0.11169111	0.537729883	0.348658359
0.415598579	0.184645619	0.400800879	0.246413086	0.610445848	0.344692812
0.404445928	0.242944157	0.319069643	0.597054229	0.497420201	0.332532031
0.435118243	0.207466443	0.358971256	0.473224958	0.509729184	0.422169448
0.444958031	0.318934597	0.449925756	0.805723392	0.612905408	0.361264261
0.394137055	0.337751664	0.414514903	0.559399063	0.465016031	0.324411188
0.374699653	0.298501598	0.400494492	0.817793731	0.440339297	0.327960015
0.482364881	0.19736485	0.41367952	0.152177481	0.618995626	0.374695033
0.361530449	0.232399444	0.400567417	0.483296965	0.585958532	0.39030411
0.404042343	0.298187275	0.461333078	0.409415786	0.622614602	0.342414256
0.487943073	0.168276934	0.407015691	0.91773249	0.608758299	0.337278389
0.404743781	0.148821209	0.414127734	0.666587217	0.59428133	0.359395661
0.418904822	0.209828207	0.424351752	0.143584418	0.420793282	0.418697334
0.382192089	0.301973449	0.364286124	0.076263398	0.564770804	0.370778615
0.411813323	0.177188978	0.37419747	0.424035665	0.457665436	0.348652764
0.478416184	0.148584513	0.394945543	0.93061861	0.422126238	0.413304935
0.405109406	0.385291802	0.382945602	0.571880596	0.579514727	0.326226763
0.426820865	0.231189498	0.448179253	0.290867811	0.528612532	0.375440578
0.391209619	0.043491381	0.394937168	0.058381261	0.619931912	0.346920522
0.464364293	0.280742047	0.461739881	0.683132654	0.497149895	0.34443305
0.395913047	0.340032232	0.375903787	0.400219673	0.589113338	0.382248636
0.40341537	0.207863523	0.396666835	0.116980688	0.545335918	0.332850412
0.503579599	0.245184148	0.441701969	0.158269996	0.518988231	0.327787989
0.451224698	0.312284741	0.421135078	0.647412538	0.455626177	0.337344765
0.435244954	0.345497245	0.407425432	0.402954892	0.445529425	0.358812499
0.471895698	0.11402053	0.451417283	0.29723612	0.599564075	0.437019397
0.385002658	0.132125392	0.359685573	0.001771871	0.447138152	0.391616899
0.42616757	0.226398294	0.371813307	0.735604557	0.495645998	0.368525318
0.338063418	0.212699382	0.417602845	0.201914377	0.529052737	0.303426855
0.391619403	0.017920109	0.341817636	0.166186597	0.607829299	0.335733796
0.435761873	0.251149416	0.443064657	0.885227583	0.493558315	0.412630195
0.440554607	0.286888659	0.439750237	0.166713708	0.471025688	0.376261502
0.434641747	0.124031018	0.302613044	0.313540627	0.53233507	0.380276949
0.517708134	0.315842306	0.36766477	0.996660741	0.411458809	0.388430113
0.455420188	0.165559345	0.356564652	0.809195704	0.610873871	0.405916349
0.436522986	0.235247185	0.436202562	0.193189202	0.616857331	0.337376175
0.47199077	0.172580312	0.400988358	0.719847743	0.436434669	0.379466563
0.498724784	0.110901451	0.380660717	0.48879199	0.612130631	0.395617042
0.473744057	0.146651547	0.428209728	0.5049559	0.551735712	0.37745296
0.460499043	0.158869707	0.426990389	0.206399315	0.526854764	0.401779266
0.377202043	0.063888217	0.408178236	0.394639053	0.590944388	0.315490199
0.429635892	0.165139473	0.420064358	0.867763741	0.441720533	0.393627909
0.391069487	0.281504913	0.496437716	0.617834242	0.483901335	0.410385818
0.440256233	0.031050456	0.45665742	0.386243932	0.413866206	0.355516178
0.38924013	0.222712818	0.436065767	0.645381781	0.604997522	0.392107211
0.473733135	0.313959408	0.516805005	0.685324505	0.52785284	0.431883392
0.451490289	0.140662459	0.378872997	0.015728936	0.520658732	0.428655028
0.418791745	0.126904447	0.456981951	0.907763994	0.425341478	0.357815666
0.389340034	0.228400664	0.371061923	0.850218932	0.571835564	0.33648946
0.387994996	0.222017492	0.449895473	0.060155915	0.426025465	0.371892273
0.444666385	0.357949315	0.385329588	0.267817447	0.428924728	0.351364175
0.398246724	0.279294537	0.44397891	0.661649851	0.4410971	0.353324789
0.557271887	0.284933632	0.397232369	0.547985421	0.446524286	0.392085849
0.439964596	0.335438707	0.415185766	0.518726354	0.413482085	0.421152461
0.385200317	0.15027753	0.440316685	0.806902886	0.448529279	0.366329746
0.414812504	0.173856051	0.391333219	0.242927036	0.523544183	0.327048557
0.405264603	0.047934331	0.482210048	0.230886055	0.495124413	0.359161172
0.49561131	0.305232377	0.408430013	0.623871864	0.516340951	0.352320826
0.480869269	0.123405913	0.377334457	0.843989125	0.488845401	0.365225668
0.474708319	0.13943204	0.411194333	0.394638747	0.517887636	0.321346834
0.413963102	0.264338203	0.428888073	0.883402343	0.485695483	0.415607122
0.445695326	0.233009878	0.430569868	0.683070698	0.488034669	0.341733412
0.391994274	0.201504486	0.445537158	0.301480752	0.487306825	0.30823746
0.412829421	0.166555958	0.404189252	0.669742138	0.514679467	0.372884575
0.431349163	0.183482138	0.46301963	0.80701546	0.508233743	0.35538193
0.435468598	0.276225964	0.379667074	0.074197873	0.427119929	0.337726376
0.439908959	0.322372412	0.530205497	0.417726683	0.577096464	0.358526858
0.390390682	0.286062969	0.423603854	0.498883293	0.568222348	0.345974422
0.409015143	0.123758991	0.458272442	0.938841664	0.592393665	0.35321809
0.405393629	0.100152081	0.497451511	0.06131604	0.622436818	0.360579658
0.450633745	0.124143762	0.473898957	0.128455377	0.414185555	0.343724599
0.361306932	0.312931535	0.37032583	0.999056629	0.522085563	0.419104711
0.423190815	0.090587065	0.420373814	0.462166404	0.472218645	0.341426974
0.498870609	0	0.459706893	0.678859228	0.572501852	0.296543287
0.387818947	0.043471711	0.465976023	0.89111271	0.462836611	0.348982728
0.40394421	0.114683784	0.417247861	0.691464682	0.412411683	0.36602131
0.451831406	0.205167701	0.378489943	0.032544193	0.435196187	0.377875896
0.402145674	0.132145626	0.413563509	0.427119535	0.604612446	0.319786387
0.440212464	0.219698515	0.418653012	0.584870217	0.54151521	0.376658305
0.438778472	0.212447678	0.394582279	0.873040473	0.520110941	0.33001924
0.34865351	0.148433884	0.42296894	0.566960831	0.602660408	0.333086368
0.405543046	0.085486015	0.386731888	0.732484107	0.434722299	0.327551544
0.435414699	0.208737328	0.379273582	0.241818214	0.513163622	0.320432289
0.376137405	0.157633291	0.422155522	0.436019575	0.551585416	0.43548728
0.452244661	0.245075922	0.442241305	0.785694477	0.485854368	0.303984766
0.480760339	0.294419548	0.386552649	0.926936465	0.461232904	0.373864987
0.383207355	0.249770979	0.412962549	0.054950633	0.560563388	0.352963187
0.421135593	0.186366743	0.407172015	0.751630474	0.510289735	0.372364616
0.43552003	0.27980673	0.467817076	0.218142419	0.415478324	0.39813123
0.51568019	0.180896829	0.417291859	0.79729008	0.542780084	0.36103761
0.328784776	0.250036073	0.476292057	0.350253314	0.535975767	0.378760359
0.52213709	0.232562015	0.426838385	0.678288597	0.490434114	0.389184649
0.496949518	0.200151038	0.428393429	0.324349077	0.491656688	0.29378316
0.398215556	0.272963678	0.416018024	0.367262316	0.590162941	0.371070124
0.453697399	0.279618282	0.349692381	0.924675303	0.545218268	0.354852415
0.419090193	0.271841766	0.43992134	0.784029552	0.613970771	0.37675799
0.397517343	0.189988609	0.46262516	0.903690942	0.425098659	0.367731014
0.452012905	0.242562628	0.422497421	0.575367805	0.598708185	0.408701013
0.440482606	0.185197944	0.438532746	0.475365104	0.462189374	0.402317208
0.437478077	0.247118862	0.441746947	0.63682313	0.462578069	0.365683762
0.446016703	0.211598859	0.463533489	0.242260828	0.4598973	0.317067445
0.46010889	0.191523991	0.3423678	0.54294644	0.578376946	0.334977202
0.462602037	0.232541932	0.364441251	0.584314035	0.415516783	0.39049233
0.342007287	0.075449339	0.473484017	0.031486548	0.60446152	0.385299276
0.413534303	0.213838978	0.438401812	0.603303348	0.58523058	0.333935204
0.469568774	0.202975771	0.45305272	0.991970751	0.486115697	0.368833979
0.46725856	0.201446723	0.440742521	0.910436817	0.4558539	0.359957261
0.359574612	0.128477485	0.433719012	0.285320875	0.621937305	0.376788068
0.409742483	0.203015222	0.319971092	0.022171803	0.42776592	0.338169032
0.452778636	0.115104481	0.450991175	0.452771912	0.468975928	0.330187866
0.441066817	0.202272379	0.367685701	0.122575862	0.520693553	0.372959016
0.469266857	0.176598414	0.528831334	0.81223026	0.470596021	0.320800774
0.412120766	0.168049922	0.395961846	0.818487359	0.521697023	0.340139574
0.391791688	0.254650419	0.438814016	0.316425902	0.584755613	0.374559561
0.437980418	0.170813356	0.390403881	0.498770522	0.423118469	0.378888403
0.46629061	0.046382227	0.37708124	0.931128564	0.50434478	0.378783995
0.420453737	0.147933831	0.413037477	0.253795448	0.426207269	0.388600944
0.469757092	0.157742702	0.372013437	0.566352398	0.496744973	0.404259092
0.427782429	0.206743168	0.421003135	0.156934903	0.566576635	0.35971746
0.448817311	0.328583375	0.341720008	0.553744777	0.481553256	0.39522673
0.395342258	0.233457973	0.470829034	0.832652377	0.587549979	0.451107878
0.43380035	0.234644633	0.429583071	0.677710127	0.587640978	0.377068833
0.417873387	0.123455568	0.389724841	0.725069407	0.478611455	0.420124904
0.403388977	0.147162015	0.385585571	0.505998901	0.548051447	0.324555001
0.438556369	0.201434814	0.439744581	0.477156655	0.594078506	0.366727769
0.422350499	0.15570608	0.360824808	0.508267491	0.574682709	0.351818925
0.404503846	0.070183141	0.433047846	0.734529474	0.415851836	0.421181922
0.483132195	0.253892344	0.392308178	0.983363879	0.525643192	0.419307387
0.319826864	0.188916285	0.428978714	0.823648961	0.482113714	0.366123157
0.47994344	0.11089867	0.453761276	0.240037528	0.517509282	0.349318842
0.42134197	0.133552507	0.452733944	0.588975241	0.600461559	0.341327647
0.464881634	0.077073518	0.487247277	0.435058099	0.422766836	0.368045413
0.37518715	0.112464365	0.355013436	0.305971346	0.619284744	0.34519738
0.3445895	0.205929041	0.376761948	0.572308759	0.528247929	0.382676227
0.358845631	0.3368523	0.406663925	0.014822932	0.469093137	0.362377411
0.376962595	0.207105055	0.393288833	0.938076607	0.584506085	0.406238894
0.421639833	0.21109407	0.431748785	0.977874592	0.594464443	0.394171088
0.4277742	0.36638395	0.364674708	0.55982821	0.411977553	0.342391073
0.408959965	0.218742526	0.405613432	0.165790645	0.437015289	0.359688195
0.432744862	0.254675888	0.402706024	0.658485324	0.445875292	0.427170156
0.386761279	0.059903195	0.386515625	0.00689745	0.594841245	0.320650393
0.461134665	0.148945071	0.52783403	0.497315588	0.516129413	0.384252381
0.429180227	0.18947245	0.485481281	0.199946068	0.436045714	0.288924582
0.435807222	0.188902732	0.423053122	0.314971994	0.419344558	0.35917362
0.495744277	0.336070131	0.431100936	0.769497204	0.616253358	0.353657478
0.400327077	0.096072379	0.454737149	0.38965822	0.441273329	0.386755665
0.42019838	0.175970954	0.481169877	0.892054445	0.552866964	0.347345724
0.477636198	0.149039426	0.440399213	0.280091073	0.445236849	0.355316182
0.38812498	0.244356828	0.47926851	0.066269676	0.423214144	0.360381493
0.389205337	0.229365398	0.392364963	0.045508717	0.578428603	0.336474949
0.352395896	0.044578843	0.416076152	0.573253164	0.600968668	0.283976998
0.392951284	0.370994176	0.431575353	0.520952776	0.438698573	0.370174388
0.447959836	0.152594583	0.351966137	0.909886406	0.616317708	0.366233673
0.420596845	0.204980052	0.408184412	0.691012801	0.502855683	0.360092857
0.339467687	0.15426175	0.387915094	0.891693981	0.490195789	0.330998912
0.384709402	0.195968164	0.415688944	0.147695997	0.621529429	0.370602042
0.465019989	0.288267358	0.426989398	0.674186464	0.605577626	0.342445845
0.475308705	0.261884906	0.382916496	0.032332947	0.49843693	0.39513365
0.420559595	0.132257213	0.400349855	0.900424792	0.489667549	0.365832588
0.407678609	0.09999309	0.393907135	0.015761549	0.500856363	0.31135878
0.365657445	0.219635363	0.458139309	0.017736376	0.554088619	0.322999189
0.440096369	0.165968379	0.444222114	0.327779727	0.496090936	0.331448425
0.377930421	0.226953099	0.400045976	0.63658071	0.619667673	0.316855559
0.455372468	0.312745858	0.465180322	0.585261752	0.432684089	0.307811956
0.387039176	0.198086485	0.36924518	0.398135717	0.545315465	0.319756489
0.427776962	0.114730607	0.409336361	0.618985565	0.580282682	0.341831714
0.439260886	0.167094317	0.382579356	0.81694762	0.534700046	0.322595959
0.324506346	0.351513984	0.506168981	0.726095594	0.491462851	0.391945543
0.45752329	0.249656005	0.310364928	0.293161719	0.512868563	0.335579148
0.434671307	0.214154367	0.475435606	0.145103268	0.438849899	0.386523502
0.364965757	0.274495899	0.358376256	0.868221528	0.616078229	0.376892369
0.427769347	0.144844501	0.418122268	0.27497539	0.618629019	0.320953717
0.416288197	0.273505394	0.440115091	0.335911138	0.539778023	0.41857176
0.413933033	0.10495816	0.414148379	0.084388096	0.556735373	0.404708809
0.397984384	0.242083093	0.389530005	0.79273345	0.477408104	0.332346929
0.384539488	0.201493666	0.462705499	0.502247998	0.583803408	0.366844855
0.490999074	0.388491274	0.42239687	0.846644948	0.431586267	0.362404389
0.381053219	0.156804589	0.43949937	0.621822038	0.462028715	0.348232602
0.458416063	0.199266571	0.378653121	0.291239054	0.45755883	0.38272118
0.343328174	0.199068143	0.396718839	0.985780202	0.499712516	0.338599788
0.493362302	0.197266075	0.429994436	0.542506091	0.464089256	0.337250868
0.420927471	0.233733865	0.426531011	0.423745831	0.593156695	0.397158938
0.376922941	0.330030267	0.394246865	0.43966259	0.481664951	0.36049888
0.440762276	0.149912903	0.413144964	0.266956199	0.596421969	0.392532388
0.419372239	0.152668808	0.410379809	0.293387406	0.551584981	0.400777339
0.476358339	0.259599726	0.360491608	0.707832593	0.566608166	0.387914597
0.377746208	0.271705119	0.375618443	0.926234538	0.621243324	0.35371646
0.463298064	0.283559503	0.454296721	0.848691944	0.424683341	0.352841476
0.399855586	0.297914445	0.468815895	0.096872172	0.55930765	0.366450216
0.488154561	0.132939555	0.412372874	0.805463916	0.610895499	0.381985501
0.422563961	0.128578248	0.405436828	0.427488773	0.465775209	0.341912696
0.391231878	0.046591279	0.449581352	0.137324425	0.449936948	0.420246013
0.390516945	0.249449305	0.294215755	0.137587621	0.530830162	0.38779515
0.369734909	0.23220553	0.453176161	0.053594079	0.538621659	0.360805018
0.381234812	0.270736951	0.405939897	0.51287192	0.553870049	0.338076073
0.385831786	0.174028989	0.458743297	0.509924877	0.512119451	0.340407282
0.425424507	0.055713337	0.475037514	0.719299839	0.508345019	0.347371831
0.43797573	0.282245397	0.408899395	0.89872478	0.50241911	0.330001531
0.464208247	0.209599791	0.417580899	0.418408961	0.547391764	0.331448606
0.41804913	0.244095505	0.448139726	0.407510113	0.532677581	0.350699941
0.374463408	0.084379118	0.369081591	0.734639959	0.582825433	0.374749067
0.488999276	0.274948675	0.433717276	0.113445024	0.619728279	0.348612903
0.467070603	0.235876597	0.41213859	0.325872272	0.421842105	0.374183517
0.378901216	0.190106708	0.39488426	0.554757654	0.504852062	0.345858039
0.397561951	0.193085408	0.374771729	0.412142239	0.583700932	0.385653869
0.481481264	0.272093903	0.446811924	0.674640413	0.520215321	0.374137956
0.48409093	0.247951286	0.473111423	0.114798643	0.601606277	0.397718767
0.445754449	0.19748938	0.386597262	0.959083514	0.442693366	0.379650037
0.454290328	0.133373985	0.463813843	0.937829112	0.472298917	0.401926295
0.473936893	0.185637655	0.438247817	0.507245344	0.470885903	0.345853487
0.379569375	0.257484404	0.540123189	0.133458172	0.569372153	0.434068154
0.444913669	0.098378477	0.378375291	0.065455257	0.445094163	0.389772918
0.45507455	0.14065535	0.460055411	0.603642068	0.41635835	0.355201688
0.55905906	0.235043292	0.400783582	0.369302671	0.565482947	0.372312228
0.332872234	0.050686095	0.440398909	0.675542548	0.476332773	0.368943144
0.431239694	0.145744449	0.423400297	0.564381226	0.512256301	0.343517835
0.382037225	0.30677069	0.393308614	0.433360254	0.51698608	0.392639269
0.406975639	0.110686028	0.453574008	0.323944886	0.419920928	0.41155077
0.359573598	0.164967996	0.419426616	0.466636339	0.497668664	0.311979676
0.41713165	0.353218358	0.379702584	0.740913508	0.597406187	0.380096757
0.401239202	0.283513292	0.421158566	0.853240594	0.471992743	0.360620827
0.343587942	0.339926647	0.415904907	0.69415245	0.615366859	0.33041825
0.389892593	0.101050072	0.352601101	0.68711722	0.430328734	0.408384329
0.37371637	0.20976922	0.381107798	0.63383926	0.512360188	0.38584316
0.047708426	0.57601171	0.582084555	0.238188713	0.594877581	0.406117836
0.190427042	0.840516847	0.652628008	0.27272659	0.599675743	0.862919556
0.01928827	0.502043315	0.630393524	0.328024245	0.634742963	0.755610824
0.347138086	0.611576389	0.624478463	0.27047167	0.671338591	0.770240762
0.031068289	0.6960784	0.65011473	0.219776055	0.612884488	0.551726685
0.043887227	0.759928691	0.586400784	0.236934079	0.665967339	0.699622811
0.170824284	0.582406391	0.554546191	0.311793217	0.656968846	0.490711821
0.122130891	0.645257498	0.578115707	0.233473101	0.632048495	0.662665502
0.361425873	0.607887637	0.578163418	0.213336252	0.579672757	0.48137923
0.122664295	0.584335964	0.649503315	0.168428721	0.638399375	0.458373435
0.160432182	0.79175809	0.584334257	0.195010862	0.583246388	0.467356419
0.241343469	0.586763026	0.667873813	0.198194172	0.644724897	0.752554651
0.031992619	0.664586335	0.592194803	0.137296745	0.580192563	0.446460434
0.263353394	0.628140629	0.614880494	0.249375313	0.637937118	0.599382128
0.376418221	0.603195381	0.672653574	0.27689227	0.679988719	0.746992736
0.248693194	0.652059845	0.627927299	0.232404836	0.64961114	0.749794303
0.284330456	0.538082806	0.670460516	0.221490097	0.670176478	0.65093027
0.329713389	0.698653213	0.706130002	0.287970675	0.628819689	0.513178412
0.242186828	0.538104724	0.6740144	0.26169114	0.580845107	0.424652077
0.38106543	0.519807521	0.544464156	0.290762877	0.665797859	0.656704535
0.18533243	0.581647895	0.647139366	0.284995283	0.649317715	0.446409587
0.18547167	0.600435675	0.662018182	0.27448825	0.635931421	0.907377961
0.116944861	0.591178427	0.53979712	0.214345457	0.60991255	0.602204834
0	0.627259604	0.671111571	0.290635619	0.574839242	0.93545673
0.218754165	0.67603805	0.606506937	0.250883327	0.650295983	0.792083069
0.3339724	0.614120925	0.644231226	0.264185564	0.64845087	0.477793687
0.231925459	0.606802443	0.645606118	0.277132414	0.649844244	0.988558782
0.015848011	0.652336298	0.596897634	0.273042107	0.642385228	0.644507565
0.178606064	0.666521882	0.627508074	0.258409134	0.650156972	0.988336485
0.414064197	0.615032541	0.623270199	0.316933268	0.581682281	0.437541592
0.417312708	0.545424005	0.624769907	0.178710705	0.646272804	0.41338218
0.383708968	0.672698954	0.601186141	0.280766687	0.598032699	0.509151267
0.205878792	0.686630243	0.669757407	0.204382236	0.644894801	0.808243666
0.029574209	0.642194257	0.603430562	0.191289983	0.650848677	0.681845687
0.234652191	0.636839672	0.59449059	0.22171115	0.641894539	0.809965818
0.232005347	0.689406874	0.599634387	0.302810374	0.664364317	0.575828984
0.389008822	0.527573942	0.56265981	0.262391527	0.603849217	0.705743039
0.411895305	0.678328143	0.602212758	0.229955028	0.648304497	0.429971925
0.165676552	0.531644109	0.706626671	0.300983723	0.645914589	0.795874358
0.291223885	0.620194002	0.633426802	0.260795832	0.618249517	0.742803362
0.116556521	0.556181404	0.62200879	0.2901482	0.684699744	0.930589921
0.151884998	0.694333689	0.568465673	0.1823027	0.6746027	0.63668565
0.388895292	0.661903806	0.610480392	0.273888643	0.659900011	0.378520099
0.011354964	0.622452984	0.655148088	0.275955175	0.714907814	0.825915017
0.245897826	0.677112637	0.63972502	0.190445924	0.610476822	0.448548242
0.335705122	0.551049365	0.592175607	0.138797487	0.629366426	0.834811356
0.051754427	0.608947364	0.58916556	0.206761804	0.659358593	0.644846318
0.224571884	0.62608846	0.612491694	0.235007729	0.711423935	0.41613766
0.260353377	0.670752574	0.6915258	0.190689167	0.567372767	0.786893324
0.247369141	0.694643492	0.666620401	0.230563559	0.666537414	0.734295301
0.085901183	0.688327497	0.610465053	0.202281598	0.650682842	0.569440976
0.374728205	0.495137826	0.649231782	0.372181693	0.660815468	0.704533943
0.174195721	0.560376866	0.686024502	0.280410476	0.632380744	0.415078663
0.342807576	0.5641304	0.684254433	0.224101717	0.608422591	0.862045728
0.311794899	0.675490939	0.556308188	0.264612559	0.692438256	0.56303512
0.196410959	0.59580933	0.579089956	0.24493427	0.595406623	0.407489999
0.131065674	0.725921137	0.603435615	0.239901081	0.598041423	0.669616469
0.14413614	0.541745832	0.604440037	0.262457978	0.663022266	0.859232351
0.198342797	0.502468824	0.579635438	0.239619341	0.568653596	0.95358129
0.325330688	0.663531228	0.661517215	0.177511039	0.569045237	0.369391961
0.194873567	0.547912321	0.665559323	0.21637112	0.661843801	0.434979055
0.341441083	0.596861516	0.643846194	0.245181182	0.660307751	0.388873349
0.35168635	0.718953467	0.616767658	0.152977058	0.597679413	0.750588988
0.14700396	0.713618425	0.605391307	0.32944581	0.617955074	0.521375571
0.276674856	0.572791435	0.670154296	0.209126753	0.596942626	0.602085549
0.326117682	0.51114658	0.645465929	0.225549057	0.707884509	0.976277972
0.214473154	0.689451636	0.611863101	0.224613685	0.645601984	0.550322765
0.309071828	0.517109143	0.620734431	0.303662965	0.649197905	0.831216855
0.413440768	0.594704541	0.640940143	0.353207276	0.584341898	0.899905514
0.162266525	0.425877477	0.631161381	0.249942689	0.615441734	0.901683746
0.291363957	0.647372076	0.70506741	0.274023066	0.604168817	0.469313388
0.37360257	0.710830634	0.668226701	0.236157374	0.651151098	0.867065276
0.142183142	0.433558614	0.705152925	0.241754145	0.587596024	0.796825651
0.091260455	0.680634928	0.650344217	0.313932158	0.632176847	1
0.128428702	0.570143384	0.634081682	0.251060883	0.608073573	0.92772832
0.157074391	0.607223012	0.722211044	0.291106221	0.582181065	0.783278227
0.050620795	0.665980199	0.600385675	0.277955637	0.646035934	0.631585589
0.035622566	0.455809688	0.615732908	0.236402392	0.544914726	0.655637058
0.230339118	0.660455703	0.670924749	0.257799665	0.723572757	0.516975612
0.173233862	0.671277357	0.602885742	0.138304508	0.641981715	0.957591277
0.198424569	0.647607118	0.6592866	0.24315521	0.718787459	0.715957755
0.198495929	0.664601808	0.576587267	0.20373569	0.659882718	0.677502228
0.113175142	0.643075842	0.710098323	0.267602009	0.632868643	0.664523837
0.118900319	0.559232579	0.60951488	0.223485838	0.629967076	0.967466509
0.385639262	0.609440128	0.661797123	0.202735725	0.582622719	0.860036367
0.245140381	0.672595129	0.626439901	0.253338879	0.662428465	0.758148517
0.214801887	0.478936617	0.635676794	0.268511908	0.664311287	0.917289646
0.394695632	0.626815874	0.670352298	0.265597777	0.657905771	0.741125172
0.360358407	0.541683255	0.629544218	0.175991349	0.630392735	0.3818299
0.292782923	0.573386408	0.609259934	0.219652548	0.602848495	0.934289314
0.267640994	0.536989048	0.640330249	0.235907016	0.613978016	0.803109513
0.157754777	0.598244016	0.623917537	0.252257985	0.651285533	0.885944611
0.122676232	0.598645199	0.539071456	0.286690679	0.656920188	0.845630497
0.295466763	0.465326037	0.643824292	0.233400459	0.67913908	0.841186916
0.129366263	0.528342125	0.551169175	0.321516154	0.639084094	0.501261971
0.336835875	0.67192616	0.647613307	0.224127286	0.682516885	0.719860997
0.294517893	0.649103728	0.686595909	0.226884365	0.557737846	0.532810037
0.303564538	0.559831013	0.601989392	0.304386009	0.655076999	0.595775183
0.282179671	0.549101095	0.64521406	0.250915486	0.655935027	0.482861912
0.259226466	0.511947847	0.633493454	0.296326202	0.660816059	0.772646206
0.216363565	0.511548603	0.669312825	0.258158615	0.60966694	0.675897417
0.056778905	0.531283544	0.593827214	0.192524782	0.658988094	0.883109786
0.360644143	0.573002182	0.578215488	0.324674001	0.696117304	0.563781418
0.283414478	0.660708887	0.628427555	0.254004749	0.707317191	0.637716031
0.076712266	0.634634207	0.64359399	0.282950892	0.660245608	0.481493544
0.279942625	0.662810696	0.634920262	0.22789832	0.622718007	0.581006725
0.315726947	0.514175547	0.537948572	0.248864022	0.524891636	0.787441703
0.177905758	0.588785205	0.657467081	0.24547981	0.66125513	0.45430911
0.413737668	0.568753776	0.683531652	0.282552964	0.687978486	0.879990712
0.179427015	0.475767786	0.586814872	0.21046586	0.646431712	0.808002584
0.186182726	0.438841182	0.645976185	0.228218512	0.616720178	0.605912368
0.042493104	0.613204821	0.668497295	0.214084356	0.543467154	0.88997038
0.161896296	0.684010872	0.555830938	0.200505384	0.594067058	0.777812399
0.387958482	0.576760628	0.593500847	0.207701647	0.632331964	0.751885234
0.310578215	0.56300743	0.614191309	0.276113999	0.595379439	0.398279454
0.191306395	0.676619984	0.631073831	0.347754375	0.653386317	0.669058311
0.203065971	0.590711228	0.658311346	0.306840148	0.689495258	0.946310543
0.302649482	0.603378885	0.680285533	0.133788537	0.610238752	0.456217449
0.401168297	0.607725742	0.700883802	0.143459572	0.615458697	0.407734387
0.270515759	0.621032674	0.625908044	0.198129511	0.603499604	0.68198625
0.407210843	0.6604968	0.623739534	0.313182605	0.651364888	0.776734755
0.408417983	0.616005666	0.700512897	0.230356869	0.630329384	0.39484341
0.295958071	0.605978324	0.581171845	0.279317476	0.610568061	0.483427149
0.213723536	0.583004007	0.631757245	0.234605585	0.598429352	0.941924449
0.136920817	0.504946228	0.600485624	0.236784427	0.634714355	0.564353669
0.302913014	0.491394482	0.617317646	0.141312255	0.648393827	0.454592639
0.208331109	0.649931937	0.728222235	0.240760739	0.632237965	0.542007946
0.394578025	0.650769657	0.612967562	0.23261814	0.636655983	0.746969084
0.17371119	0.557058955	0.644607049	0.273817081	0.637598471	0.711456006
0.386527511	0.798292375	0.626960243	0.30182727	0.590378535	0.493339479
0.297372247	0.571531175	0.651394117	0.106486467	0.6074478	0.623735499
0.033141993	0.690768125	0.628805563	0.217668396	0.580725844	0.729975551
0.057808086	0.656517759	0.612530971	0.28269006	0.615381386	0.86767662
0.129290837	0.552006003	0.612346489	0.242762831	0.623157425	0.443695026
0.233514287	0.586862917	0.6864526	0.211961869	0.632070908	0.766062689
0.321045464	0.487834729	0.658193403	0.297832691	0.578045722	0.395925914
0.165862639	0.596706716	0.599650613	0.310845892	0.702112329	0.391881923
0.166606977	0.651499894	0.609246194	0.23095612	0.671217595	0.38060914
0.025093554	0.550888711	0.602376791	0.116533105	0.594356606	0.483529309
0.145509624	0.619164937	0.647942339	0.20096625	0.648686798	0.558831113
0.073743567	0.659896943	0.594135025	0.31695157	0.635913617	0.514549498
0.191951493	0.619433013	0.603492879	0.26087146	0.602084515	0.427837819
0.254755891	0.473452903	0.618470792	0.272249272	0.725395134	0.739903393
0.041470908	0.779500645	0.639333178	0.191534559	0.6255758	0.636611109
0.379766909	0.556282627	0.615313021	0.282140782	0.712548993	0.640166288
0.31669321	0.693487075	0.680468917	0.246644653	0.592759394	0.540993608
0.372317657	0.622632351	0.697070856	0.233269758	0.662715942	0.474287444
0.392662327	0.565151413	0.604279908	0.172371746	0.608664851	0.846913192
0.142046542	0.694973224	0.646527678	0.307448029	0.62754083	0.704579726
0.240386916	0.49337555	0.595989986	0.251907371	0.663993705	0.459674832
0.230937769	0.642723668	0.589682051	0.331051291	0.62519321	0.394273578
0.261937051	0.735460125	0.580938717	0.233484281	0.7187984	0.517016077
0.101787739	0.551588009	0.665848843	0.299871833	0.612570732	0.479948679
0.34435766	0.703368954	0.584082983	0.21234709	0.653618771	0.950429729
0.377513127	0.612227375	0.674064505	0.225894545	0.668799434	0.460232792
0.066048016	0.608385281	0.641535559	0.348399016	0.658685642	0.756256537
0.061778132	0.729343701	0.606695727	0.220307485	0.672460668	0.637311136
0.100053241	0.495275755	0.605218574	0.215070324	0.600675429	0.384363704
0.189437239	0.452208895	0.580074067	0.433608907	0.669844308	0.548751333
0.164690647	0.767543341	0.633829783	0.234819547	0.715605839	0.728493271
0.129131026	0.619688879	0.567966195	0.277381974	0.634234037	0.79105764
0.117507083	0.62597978	0.625602489	0.375025105	0.695239866	0.668210039
0.085291693	0.443302029	0.655383744	0.128805734	0.613585105	0.487052147
0.208470046	0.78872531	0.626739492	0.192518127	0.625419549	0.552362907
0.057308166	0.591725066	0.588053906	0.214938527	0.595284624	0.463093671
0.037939033	0.63173091	0.611854057	0.300701178	0.606519011	0.971853163
0.152580689	0.657920599	0.573310026	0.256251453	0.63734732	0.5999698
0.101982429	0.638359417	0.67010949	0.261701395	0.632007594	0.701252189
0.214238535	0.571344734	0.66245586	0.227358772	0.634575289	0.693664074
0.040780792	0.587176548	0.68624064	0.203161605	0.657206348	0.723915386
0.379663015	0.746584774	0.64288289	0.17086669	0.574728245	0.828893535
0.196504018	0.549669132	0.6063811	0.3004396	0.626241561	0.889974414
0.365164697	0.731494561	0.642536921	0.229536138	0.648823179	0.717530453
0.024376328	0.532121692	0.688871116	0.189519386	0.618833584	0.632021316
0.362618187	0.732602992	0.757040156	0.228702257	0.647888428	0.565872301
0.220451763	0.574232251	0.691225441	0.229741701	0.651553606	0.940023831
0.387816316	0.645257139	0.610339666	0.20159815	0.661739665	0.869349069
0.235358661	0.695547077	0.61290654	0.083474904	0.725177518	0.757525779
0.351896992	0.44962656	0.719686273	0.139643999	0.612534267	0.845377577
0.233857174	0.727654121	0.593187929	0.18224094	0.676145658	0.780245189
0.248817517	0.483997126	0.699970776	0.209580531	0.6441703	0.468311556
0.252341987	0.581178957	0.646522315	0.314725416	0.54650815	0.875480756
0.021537704	0.65054693	0.577842785	0.223124995	0.630841016	0.640610679
0.121408502	0.551460766	0.668362887	0.190031939	0.531368845	0.825768711
0.248836454	0.412131017	0.649175864	0.265460963	0.594955398	0.842717986
0.406416693	0.545267201	0.662016307	0.211848551	0.554001631	0.454045399
0.377586214	0.458116592	0.6674112	0.205617688	0.681593561	0.483974896
0.176148032	0.590099925	0.682471196	0.197569833	0.616295961	0.899690131
0.085488814	0.658178033	0.623807665	0.28550413	0.610583313	0.717469764
0.301802847	0.600271402	0.658523122	0.237687504	0.659065354	0.92808549
0.31978883	0.399109934	0.576491387	0.192789761	0.661564086	0.8574722
0.339990782	0.614570201	0.594635548	0.371200329	0.717184705	0.549301879
0.203501026	0.522426542	0.666352851	0.236234872	0.619304279	0.632280975
0.205689705	0.554077305	0.678918312	0.171021544	0.579464426	0.819595309
0.397070536	0.57304214	0.606984338	0.298912443	0.641225195	0.808272502
0.00819617	0.468840262	0.637775226	0.329363621	0.671189596	0.75375131
0.35093721	0.67610069	0.677347507	0.298665142	0.666118932	0.49254042
0.182854571	0.58696201	0.665107363	0.226800601	0.660437812	0.405996154
0.186333575	0.568585851	0.636607047	0.295028849	0.65913597	0.371263872
0.291878329	0.40767126	0.696614494	0.183731523	0.643215905	0.973515817
0.27280859	0.66278366	0.597950142	0.234151479	0.733007399	0.545160522
0.225249015	0.61693036	0.702633036	0.247507428	0.595269841	0.966534622
0.128323752	0.547869478	0.627492935	0.207323708	0.617047294	0.817621817
0.053375572	0.550003051	0.722265473	0.310477474	0.59735301	0.394751933
0.089005626	0.548237765	0.583674569	0.253743853	0.662640902	0.710251615
0.338094294	0.491657209	0.59726657	0.26444627	0.610269407	0.827310503
0.161844426	0.551696718	0.635678237	0.233650308	0.644779902	0.591515752
0.228420995	0.599328646	0.572724599	0.202691861	0.601074696	0.722961936
0.043999313	0.632037301	0.601267081	0.150892152	0.657707309	0.889811573
0.095657926	0.529995577	0.571610844	0.215543983	0.62600427	0.988197042
0.034423913	0.660583672	0.595253423	0.140562355	0.570303231	0.995560661
0.166288292	0.698914666	0.652311863	0.220324054	0.589965418	0.366908504
0.060103249	0.65503667	0.677526539	0.255884773	0.648325851	0.761745755
0.056294345	0.532183277	0.529862232	0.283035588	0.626060842	0.908569363
0.137340594	0.487359188	0.620967828	0.263050238	0.626835474	0.804729408
0.360711007	0.6777283	0.59810486	0.147794072	0.635816687	0.607348416
0.020025284	0.603795837	0.572570545	0.221104784	0.556253211	0.860364327
0.401449794	0.673659028	0.57378457	0.2039838	0.640191144	0.717526569
0.087939236	0.587325701	0.621587678	0.241717169	0.73202153	0.509272923
0.367685036	0.716017179	0.63897964	0.251534825	0.626386517	0.367957797
0.28441894	0.512489838	0.651202831	0.298020546	0.69773983	0.943190592
0.325467503	0.440084675	0.655475652	0.347516	0.534938407	0.652976519
0.380431335	0.628519499	0.657161836	0.247758897	0.626986209	0.676441978
0.375263734	0.666742002	0.642507561	0.197490892	0.580399908	0.470567321
0.005732232	0.5691255	0.614991061	0.280343008	0.66236967	0.590031276
0.100180865	0.555757967	0.584816219	0.249164226	0.607885471	0.886532226
0.301982168	0.52682771	0.549136373	0.17669079	0.644898599	0.715249801
0.153143428	0.581292946	0.600311177	0.313404209	0.63817483	0.694867213
0.102311174	0.621251973	0.5617925	0.259124811	0.632640499	0.543912063
0.072283125	0.522116612	0.580199573	0.250233425	0.611497843	0.855390833
0.133346746	0.568768249	0.599344962	0.174669684	0.595166221	0.396177249
0.229023891	0.564011087	0.632697858	0.253789617	0.621215217	0.868805725
0.179415201	0.580934257	0.672163703	0.256526512	0.640727245	0.942919211
0.169260013	0.550213544	0.549562849	0.282338215	0.657897393	0.938188446
0.042106756	0.619939639	0.743371267	0.341106164	0.633647863	0.793609403
0.300701079	0.56703593	0.630047159	0.107643521	0.652114314	0.646989434
0.104592412	0.536990182	0.591033273	0.271194993	0.647080649	0.769334572
0.045043049	0.532714128	0.603855858	0.242847593	0.675551168	0.621995196
0.421291246	0.659017938	0.711032366	0.22650168	0.537994083	0.868088747
0.415321674	0.6426074	0.619428709	0.227012487	0.665111629	0.385753403
0.170884039	0.427391277	0.564614143	0.272439304	0.682004001	0.645677467
0.237799762	0.733607075	0.592543126	0.23727252	0.597606552	0.956163998
0.306794096	0.612558394	0.546504712	0.298231115	0.646986056	0.57493123
0.172299841	0.520477188	0.606299887	0.269880018	0.533919426	0.843651636
0.390409425	0.661136082	0.656717071	0.228870891	0.548592269	0.534576416
0.337195083	0.550506269	0.658547083	0.289815712	0.606639249	0.362370307
0.05169629	0.663896708	0.6107923	0.278743517	0.56366681	0.605618312
0.110959481	0.731376222	0.603938976	0.190000184	0.569268441	0.886835367
0.395582577	0.613181175	0.635746285	0.166974766	0.560999861	0.493596186
0.174811043	0.58303254	0.627435081	0.167592868	0.676742777	0.448266983
0.130684789	0.3192827	0.183898171	0.672796146	0.126909063	0.195791309
0.109529745	0.624478049	0.091953384	0.260409861	0.114470361	0.18738863
0.176428505	0.491560111	0.089119795	0.053088629	0.101647014	0.133434631
0.204609358	0.402723144	0.145040686	0.942479719	0.15064123	0.220732156
0.156745211	0.25526625	0.152239783	0.828331407	0.138171095	0.10885597
0.122873638	0.394250993	0.107792574	0.97757563	0.068607657	0.144176508
0.139747446	0.668006325	0.054713019	0.802877288	0.094318441	0.144616165
0.118225566	1	0.059194099	0.491034845	0.065629147	0.12664434
0.177330018	0.780228469	0.105469344	0.719259789	0.092080997	0.096460334
0.124615236	0.370888061	0.107192162	0.350897434	0.13651902	0.161595776
0.109235988	0.409711809	0.031431123	0.18505008	0.095347492	0.117406931
0.068759748	0.220030608	0.023103065	0.613557005	0.116378016	0.150324407
0.074370915	0.388105939	0.114038184	0.681425975	0.135547996	0.133626332
0.132622853	0.516928321	0.143158319	0.571710361	0.146955319	0.146523932
0.090097614	0.877986575	0.03430882	0.88588329	0.104227196	0.141492674
0.127206064	0.733005371	0.099518553	0.726538409	0.188829996	0.121068339
0.083646421	0.463120739	0.12873496	0.861094369	0.078916468	0.136884309
0.077679636	0.690309326	0.173653382	0.824074564	0.13650305	0.163124474
0.096596061	0.70348264	0.082947813	0.427940477	0.117177421	0.144649243
0.100292671	0.800886954	0.182997075	0.577905509	0.111984102	0.139371724
0.109309281	0.890080959	0.123618116	0.605809467	0.155195106	0.171660785
0.155984218	0.246133542	0.129450508	0.351326474	0.124074251	0.163776644
0.148215277	0.25021258	0.03761977	0.354133541	0.151951396	0.20825252
0.093883162	0.70635869	0.135113104	0.564971969	0.127159262	0.157181226
0.129805103	0.579990064	0.080974577	0.703607146	0.11082388	0.152002446
0.068019034	0.648268477	0.115330306	0.563786333	0.193110477	0.142393957
0.161541751	0.991180613	0.140260937	0.041483823	0.069376977	0.17045272
0.072774197	0.580199044	0.141526756	0.065410685	0.159298548	0.105074214
0.155432403	0.354245943	0.142052489	0.875748352	0.105914762	0.149580674
0.11364237	0.757553497	0.196736053	0.42519226	0.117474142	0.18356263
0.089540039	0.557673702	0.151639233	0.438829453	0.150653462	0.166882045
0.103541542	0.783583483	0.13713095	0.160545031	0.162743085	0.165971971
0.026711051	0.806413581	0.09811451	0.125592483	0.137334364	0.138515012
0.136883509	0.677887048	0.117666794	0.681716215	0.082565025	0.115627049
0.189182307	0.818813557	0.100654463	0.783934983	0.109704137	0.192760952
0.131169622	0.920049448	0.134069788	0.954971861	0.136237382	0.146358105
0.182430484	0.824180924	0.145492037	0.661153764	0.114680113	0.104489952
0.150235314	0.4576704	0.064821527	0.076721565	0.119251095	0.153397468
0.077630122	0.414050715	0.056985223	0.684073477	0.06258061	0.185443151
0.117827033	0.603705243	0.137482748	0.675207347	0.139270034	0.100963742
0.089793381	0.744686634	0.135035512	0.819110636	0.118460944	0.140744832
0.126675595	0.417993604	0.219867604	0.112662306	0.064594405	0.139352708
0.168873564	0.236739153	0.164487019	0.566298056	0.122865753	0.159485217
0.114089273	0.821497375	0.110411463	0.32352119	0.171616899	0.052739367
0.150178263	0.300845701	0.091812757	0.855338882	0.184417296	0.121397593
0.124434792	0.219139358	0.091269818	0.551875844	0.16891988	0.144459014
0.152296577	0.791209543	0.118090673	1	0.181382657	0.170740354
0.07906398	0.966520359	0.140425995	0.331196245	0.065206215	0.101936355
0.090084938	0.215692968	0.066455821	0.921472864	0.179642985	0.12521236
0.079487999	0.758789623	0.056246955	0.516435466	0.054820407	0.122240291
0.072815749	0.220958475	0.142036706	0.484074448	0.072014084	0.174426913
0.081721381	0.845978752	0.073411187	0.215893592	0.113756057	0.057486419
0.132117815	0.456747859	0.13748279	0.789546006	0.151744733	0.121476628
0.123449719	0.496935119	0.097456408	0.893702986	0.09226465	0.112633399
0.145392509	0.91801914	0.125407102	0.673574811	0.103447603	0.162353391
0.138181652	0.554531913	0.041431779	0.326245882	0.156440658	0.109412082
0.202744504	0.9369045	0.028824715	0.10615276	0.1464636	0.164590201
0.21998376	0.519776865	0.08552404	0.444820597	0.11413559	0.165172979
0.094851459	0.6158997	0.126881952	0.967401593	0.171978791	0.17764103
0.102321712	0.849517617	0.17861275	0.045855937	0.185700384	0.162604677
0.092043426	0.454329685	0.05266141	0.720512711	0.068778541	0.15977155
0.188269602	0.628479883	0.17897149	0.843390161	0.136745894	0.124881169
0.156685668	0.459839871	0.072677195	0.239247235	0.144644256	0.161098578
0.116554601	0.374247164	0.111182095	0.747386792	0.073018809	0.11108063
0.141724107	0.546782745	0.148402697	0.579098032	0.097373293	0.14824666
0.111602293	0.489258091	0.151335775	0.81101581	0.167347063	0.116241043
0.210130431	0.518515171	0.112864168	0.5371033	0.11825552	0.108555496
0.084091928	0.731470313	0.101081626	0.638775371	0.125149328	0.135974485
0.063077211	0.456564277	0.133401291	0.363169604	0.107326946	0.152589705
0.048616644	0.427449273	0.108644759	0.283441148	0.116987257	0.09207067
0.2015284	0.924835463	0.135786876	0.282725287	0.05982205	0.15910288
0.102241806	0.842095245	0.085661454	0.172690178	0.126233	0.164890852
0.090348492	0.636342557	0.088209906	0.233766832	0.088066867	0.149861949
0.08147616	0.339515942	0.031282546	0.13216783	0.061648791	0.127210137
0.105102681	0.47295219	0.093217915	0.718138598	0.119106054	0.170822423
0.141722846	0.249675915	0.137705974	0.662764485	0.131572633	0.178300198
0.076232532	0.240315123	0.079669537	0.999087319	0.081566877	0.144815494
0.126097427	0.613883889	0.037742181	0.438334149	0.111961834	0.115649006
0.093052289	0.834285986	0.113364569	0.827519189	0.060112388	0.196160659
0.132836314	0.233321169	0.081529456	0.237911327	0.116290958	0.140419
0.09437752	0.913854765	0.123441793	0.847372524	0.097408361	0.121446525
0.177164096	0.613501824	0.162252761	0.560016113	0.074819944	0.118748899
0.08196674	0.678454988	0.171418646	0.473565606	0.039474716	0.144328375
0.168522186	0.409201023	0.056944364	0.126328847	0.112476188	0.167036955
0.128912766	0.696039903	0.098777557	0.077566106	0.118579318	0.164869341
0.14544761	0.258401307	0.106805072	0.451135855	0.109750219	0.157043631
0.11533937	0.447531856	0.18985888	0.950368894	0.112827	0.166757739
0.203773775	0.573832653	0.137653918	0.937497518	0.154325695	0.160796936
0.180536355	0.200297944	0.100122254	0.657068289	0.145220042	0.087735388
0.157387257	0.321916171	0.081973482	0.523000364	0.117467817	0.11291579
0.123966139	0.762688653	0.019631122	0.966744428	0.144625928	0.142679192
0.205614623	0.573686105	0.184906116	0.335144424	0.116329367	0.124719571
0.095611864	0.358883526	0.179754467	0.033281932	0.115810726	0.140523062
0.093161943	0.663973327	0.080388959	0.07411389	0.146073701	0.101018477
0.136131534	0.738667933	0.070280557	0.986777887	0.08122535	0.083393317
0.117886885	0.433233885	0.153294083	0.568197221	0.143721163	0.195732131
0.126419581	0.785355005	0.202331375	0.195983426	0.147130816	0.1886613
0.110438462	0.831468324	0	0.718766454	0.095374218	0.161851233
0.198204034	0.981249155	0.096867436	0.178445105	0.032638186	0.13008847
0.050892488	0.831364794	0.173196925	0.250314314	0.107735072	0.147984539
0.087906912	0.931617415	0.130227285	0.789648207	0.143546293	0.173841622
0.157169871	0.967762669	0.117209137	0.188760923	0.163080259	0.160395359
0.114353817	0.432318471	0.077490654	0.047794587	0.146405297	0.105989285
0.121006335	0.465192374	0.069520845	0.218083345	0.061590589	0.108327442
0.099472629	0.570059247	0.087000167	0.477166058	0.128339428	0.145430749
0.108567202	0.997707603	0.073435844	0.584533448	0.10735558	0.127390988
0.134924528	0.843671152	0.180149259	0.256817019	0.101511084	0.170856764
0.20119884	0.216993197	0.068975238	0.539843744	0.13103207	0.118970114
0.172614583	0.752390453	0.030108061	0.227434965	0.214555005	0.117006814
0.151100297	0.873752749	0.100767402	0.33166466	0.111575573	0.160930445
0.115879782	0.934727507	0.131421875	0.282554781	0.098387352	0.119942104
0.150976533	0.732202909	0.094210751	0.884779831	0.165441438	0.139851798
0.083261952	0.558525132	0.025866373	0.970765774	0.051079296	0.193408111
0.181154513	0.746736274	0.110163432	0.845722018	0.123197904	0.184612645
0.072735075	0.735809975	0.164265642	0.937152685	0.090986817	0.106695849
0.146512449	0.462646947	0.133565858	0.262708707	0.050645316	0.120061196
0.103858207	0.515266896	0.085554175	0.301784058	0.0726831	0.178557452
0.124922956	0.639225272	0.061046267	0.211632332	0.146560093	0.138932632
0.21085716	0.674701442	0.129735065	0.51635076	0.064308718	0.186256415
0.218178614	0.891976051	0.065649539	0.559503158	0.105977412	0.160316277
0.037873636	0.200888056	0.110978955	0.369763535	0.154064727	0.105470924
0.102978253	0.377941699	0.127697719	0.216856747	0.005192128	0.163072554
0.14745787	0.761126891	0.032169985	0.762787569	0.095219308	0.086086422
0.148308327	0.995610453	0.092575567	0.682959704	0.13995179	0.153543333
0.134250114	0.646047705	0.116778462	0.961445125	0.120521582	0.229228665
0.047304234	0.865887012	0.137147938	0.953898835	0.179028056	0.135981364
0.048153008	0.715908891	0.176597572	0.993548089	0.074620886	0.145586532
0.118139709	0.854414009	0.147628733	0.639817502	0.188734381	0.107259526
0.100943218	0.507291354	0.104086337	0.176858629	0.104006957	0.12738468
0.125700956	0.950708666	0.189659978	0.452544474	0.063191243	0.053978319
0.085688173	0.881067135	0.198403385	0.275712009	0.116154833	0.164220915
0.145876794	0.593942852	0.144306066	0.257913392	0.108716681	0.128035847
0.16462958	0.689776036	0.047178896	0.996765604	0.161232074	0.137735029
0.172832996	0.709139141	0.079435288	0.029219183	0.07664691	0.144733672
0.055930537	0.253856317	0.139472685	0.643160016	0.057809084	0.119725999
0.159931925	0.69857909	0.126296669	0.758640679	0.081743678	0.129136148
0.072987086	0.918640399	0.15694764	0.945790812	0.103378382	0.201130762
0.065048469	0.913666024	0.153830966	0.177413618	0.032116606	0.176031115
0.15785129	0.904937704	0.175516608	0.948068899	0.042302758	0.110494248
0.149162575	0.808560431	0.144439151	0.755833325	0.113075367	0.1611166
0.140395065	0.956785258	0.103959026	0.700348854	0.126766539	0.140785058
0.148543624	0.407263506	0.168171123	0.692688605	0.08772492	0.219291082
0.083548019	0.892276856	0.111818546	0.29215322	0.032792885	0.169347401
0.206703655	0.498753454	0.122422936	0.05412576	0.108366489	0.184228996
0.097974951	0.313603818	0.0924446	0.283695452	0.178139921	0.116732292
0.165354807	0.535395403	0.179678555	0.965591438	0.08969665	0.149664684
0.144777802	0.77625916	0.205287451	0.678838256	0.152988665	0.098672264
0.099182188	0.362323773	0.192984834	0.570980495	0.132637316	0.115999695
0.10052857	0.278799103	0.189847852	0.737969732	0.14422604	0.148361386
0.121326583	0.568842802	0.118155088	0	0.14382624	0.154191953
0.117292585	0.880639337	0.168347075	0.310741799	0.189629454	0.134473372
0.135299999	0.81644954	0.047235137	0.547016635	0.161442879	0.123202223
0.127873644	0.265722424	0.06645193	0.350022234	0.108652119	0.191287512
0.119578631	0.645414856	0.09702319	0.00616363	0.098153534	0.065963747
0.167506564	0.846981073	0.135692718	0.261508592	0.157194461	0.131157512
0.144872359	0.608368603	0.085134311	0.826836578	0.08601768	0.118059705
0.089671255	0.313746061	0.1507373	0.055644276	0.140832598	0.178660153
0.225585674	0.701426968	0.122868026	0.999743504	0.120049776	0.178496618
0.103856321	0.587903304	0.153576256	0.10137525	0.220401437	0.132155924
0.19559728	0.929271419	0.055039575	0.64370595	0.05653009	0.213508046
0.062505288	0.640954545	0.113828644	0.455181423	0.125445103	0.110416971
0.209018896	0.30966642	0.138642803	0.606398175	0.14129725	0.136212711
0.196193692	0.616806083	0.103502186	0.481941405	0.162529513	0.149513024
0.135911075	0.648055016	0.067556715	0.183660149	0.071222411	0.112856212
0.108515686	0.77991163	0.098480693	0.069914111	0.125592457	0.142353572
0.109349042	0.482214449	0.118348345	0.818704856	0.169048915	0.10722486
0.12908273	0.97703058	0.082704003	0.62776991	0.120137197	0.084375989
0.146599578	0.656234292	0.153035092	0.987734562	0.072790087	0.122018069
0.134030605	0.629901771	0.075900874	0.827065512	0.15733313	0.13387582
0.131127143	0.985962214	0.056863393	0.474345833	0.129601366	0.129142607
0.130491566	0.309048507	0.10091517	0.617876966	0.124463909	0.138862937
0.109215983	0.545679115	0.078135927	0.408295893	0.112170532	0.170622798
0.079494906	0.340458142	0.132778458	0.724482309	0.101186923	0.109093679
0.107832935	0.312885289	0.068012956	0.558281605	0.098780015	0.129356093
0.098324905	0.85190443	0.173688991	0.67235262	0.095568894	0.184255843
0.142780864	0.669219665	0.092571121	0.62471057	0.039280706	0.195166679
0.146371592	0.389088107	0.075419675	0.382546211	0.146791635	0.137482939
0.134281728	0.596669467	0.144434293	0.537265286	0.03884055	0.199045238
0.113656611	0.214090678	0.040557691	0.666751819	0.046752157	0.148179126
0.16880602	0.439969539	0.173108978	0.037842311	0.18400051	0.144785109
0.092430194	0.922259176	0.208505651	0.092600487	0.021531114	0.184137572
0.08474464	0.282288446	0.093943839	0.464027189	0.181234354	0.110190433
0.160462414	0.800185684	0.090311609	0.307641618	0.074720437	0.084111952
0.179935936	0.858494353	0.123396037	0.694472824	0.119809809	0.123371855
0.143304723	0.521056939	0.189496275	0.368238487	0.110111405	0.144579847
0.121932835	0.790462259	0.069475919	0.571187536	0.03487937	0.126069539
0.16071284	0.229084192	0.07897474	0.819423035	0.200681498	0.115269326
0.159917292	0.722380025	0.103388325	0.943842267	0.069617716	0.165238707
0.141003405	0.590500041	0.130436927	0.020456743	0.114984275	0.125555463
0.054519231	0.868856175	0.126560551	0.401085857	0.157683777	0.135460665
0.125487432	0.912827527	0.156365272	0.413367888	0.109928943	0.155014878
0.126829892	0.383793399	0.050014781	0.18394077	0.146232312	0.143512068
0.090357903	0.994323499	0.074999731	0.981986478	0.074844536	0.123214218
0.166315917	0.920711861	0.078241878	0.179888991	0.085316992	0.169760872
0.21269656	0.555791573	0.060218803	0.73100371	0.094160266	0.127865511
0.088505118	0.430901463	0.129553919	0.761735551	0.132844335	0.109018228
0.17317304	0.955399014	0.139436181	0.793332038	0.101376911	0.137742706
0.125413189	0.335220476	0.111962387	0.468405058	0.056748353	0.136900489
0.120075655	0.387052609	0.160782772	0.356514773	0.132586937	0.121393696
0.162522944	0.850962756	0.142435511	0.939771696	0.131529274	0.085882293
0.063294194	0.571200316	0.119836638	0.171171522	0.119892383	0.125797747
0.108131967	0.307789212	0.153526654	0.58572259	0.075983072	0.142001613
0.155579132	0.408084779	0.106547047	0.669514737	0.16569305	0.089807005
0.159791051	0.223003952	0.090668044	0.030932247	0.152595718	0.151380685
0.171552914	0.605332069	0.072010107	0.34750422	0.103821635	0.134675804
0.22297083	0.334022046	0.102041744	0.692661301	0.10422035	0.11765028
0.191470159	0.596085206	0.128690697	0.250087163	0.184272805	0.119006402
0.188125546	0.877113469	0.145092502	0.136668233	0.175943505	0.116674857
0.152406823	0.57172621	0.083638747	0.955295581	0.072348003	0.145653869
0.140927156	0.319195326	0.158982805	0.828374547	0.090400619	0.114096948
0.17703652	0.841938444	0.161188797	0.337848112	0.108743586	0.16180039
0.1631855	0.943901449	0.129946078	0.542959441	0.094793194	0.123457064
0.150822902	0.829392384	0.121476337	0.268416524	0.153158185	0.157878296
0.10342997	0.450273356	0.159649024	0.365623924	0.092216804	0.114702608
0.129642486	0.685734987	0.111978004	0.927448127	0.156685712	0.093299707
0.145091137	0.24188773	0.160242619	0.391453579	0.065479594	0.089550425
0.120741706	0.994501711	0.066691238	0.724031901	0.104077426	0.115721276
0.154155107	0.373817021	0.064609702	0.648145269	0.092828013	0.137877083
0.070847233	0.724455387	0.141233008	0.34471669	0.067743088	0.119438989
0.192963242	0.962422973	0.142970817	0.784778299	0.081348906	0.112187236
0.230551374	0.949538607	0.090363339	0.100763686	0.139363125	0.092749233
0.160369399	0.988546397	0.087620803	0.859118841	0.124874741	0
0.073602256	0.382555698	0.097170607	0.659882337	0.135193411	0.103247778
0.032360121	0.862054604	0.135951548	0.860554848	0.076869214	0.184903004
0.208448233	0.742165875	0.117899824	0.627775364	0.145649522	0.141260627
0.137909229	0.314052986	0.150844701	0.839738226	0.080231422	0.174545163
0.163645174	0.629021464	0.057159956	0.449463215	0.113289519	0.145223103
0.164612377	0.645167918	0.11727757	0.927459687	0.120265575	0.167523414
0.007817006	0.623941233	0.105629566	0.401180062	0.139267901	0.096661273
0.180381993	0.402088337	0.064062318	0.441338129	0.044919766	0.129307268
0.06774187	0.266162237	0.025631925	0.875802554	0.142355783	0.15534576
0.164132051	0.25448858	0.185424038	0.493622158	0.169995368	0.124808316
0.170037392	0.729411287	0.097605019	0.65065131	0.172103727	0.133375208
0.146308057	0.29753165	0.147306298	0.230648081	0.127483225	0.167961523
0.171963473	0.829550475	0.115936249	0.495181064	0.079076132	0.100231023
0.100413597	0.999894903	0.149646009	0.412934515	5.55112E-17	0.152839945
0.189625733	0.250255104	0.090898047	0.343350811	0.089698033	0.109607084
0.203439067	0.965069757	0.071451716	0.414924955	0.063167231	0.192959337
0.160562632	0.397266069	0.10236901	0.57326319	0.058560696	0.161860771
0.129740055	0.35153492	0.083295516	0.244524795	0.016070017	0.109837622
0.115378927	0.988667638	0.103325846	0.023692878	0.10384821	0.15552613
0.167090902	0.443733482	0.171953067	0.292519181	0.165045993	0.066368135
0.121090704	0.704885322	0.095513175	0.489235847	0.103887371	0.199606503
0.174950886	0.771365732	0.047425912	0.815736145	0.136626058	0.19275689
0.126901722	0.223195277	0.070125353	0.373222665	0.137750956	0.117755757
0.173644929	0.746017046	0.045166885	0.186395971	0.175096534	0.102793936
0.146966452	0.902190202	0.165913888	0.604908292	0.140291931	0.13653181
0.128286207	0.434050668	0.068084594	0.290396096	0.051734411	0.188731427
0.129081427	0.259996761	0.179717917	0.162438644	0.058030553	0.166872361
0.101828469	0.280129549	0.097607691	0.37920122	0.045969464	0.127432562
0.829231986	0.221018016	0.951941481	0.972102092	0.866581713	0.668517593
0.94915836	0.305844805	0.92932133	0.761856523	0.778913224	0.704025068
0.843454005	0.754937964	0.893593443	0.071430357	0.98541268	0.745554439
0.856150377	0.750521485	0.845186544	0.714132709	0.89134356	0.726071102
0.923105178	0.230118533	0.966435994	0.410511277	0.922853312	0.730522389
0.859100436	0.641519613	0.88770281	0.991671547	0.87337554	0.727272795
0.879574482	0.649198963	0.950817161	0.026575633	0.914382924	0.673161138
0.88195872	0.324192019	0.816966826	0.178003394	0.80870848	0.700198594
0.856329968	0.818593688	0.834622196	0.993811067	0.804193758	0.69486243
0.91340212	0.550454454	0.919952824	0.7297928	0.83111996	0.772053716
0.791803717	0.459876804	0.891142783	0.638376477	0.834002151	0.721427428
0.968200395	0.328950161	0.882594443	0.152472713	0.938875606	0.664608688
0.891978849	0.721788725	0.88515425	0.615670314	0.919353279	0.700619945
0.869619985	0.213534463	0.883940674	0.698850817	0.898954537	0.768574924
0.938870971	0.217712987	0.839852351	0.053727846	0.820982223	0.755847618
0.850320936	0.825257871	0.872381717	0.612790605	0.840389576	0.7525593
0.96826678	0.85943073	0.882531676	0.636044317	0.863205177	0.7239568
0.914571599	0.825548479	0.880171393	0.034526466	0.811506058	0.696978981
0.869494027	0.899110607	0.86449397	0.07241325	0.810034719	0.671765818
0.866929775	0.453131661	0.949076096	0.52194862	0.960314589	0.750898715
0.811921491	0.69393503	0.870564308	0.998379005	0.858884363	0.720655774
0.905317395	0.421439686	0.913726812	0.432417089	0.915134504	0.732956766
0.951200232	0.593220552	0.828007483	0.535749102	0.892560799	0.689519822
0.881926672	0.797028901	0.979428426	0.137936916	0.814708047	0.695910513
0.875585958	0.203390623	0.891930138	0.294385085	0.933758748	0.739294873
0.879757255	0.891732652	0.849023641	0.249517696	0.941039886	0.684528218
0.891909791	0.710321243	0.860884481	0.045354279	0.920939718	0.746766519
0.934099902	0.705751231	0.916742757	0.604267986	0.917674937	0.717369171
0.895167595	0.25605888	0.903189132	0.05617609	0.856002242	0.668099433
0.828070783	0.777807166	0.883814186	0.894402217	0.974287538	0.708896669
0.905820703	0.422879476	0.901032336	0.057715901	0.939924576	0.700447416
0.838709381	0.539151915	0.845249369	0.493770107	0.88037098	0.768329584
0.88305397	0.899303587	0.929879737	0.763979471	0.842403913	0.748387256
0.825071282	0.976267059	0.940956095	0.784465602	0.833840977	0.734108618
0.884176491	0.482235125	0.936371854	0.557214238	0.903624552	0.678841344
0.909001802	0.65442502	0.815725952	0.530514151	0.846942642	0.654445635
0.838014754	0.561647084	0.861485397	0.256683577	0.905086263	0.715195689
0.937025922	0.418080905	0.864646183	0.951089478	0.928238335	0.682749463
0.84435621	0.900322698	0.79864282	0.707392003	0.854845998	0.671966041
0.884274124	0.230072168	0.941092502	0.369148646	0.921532989	0.711762926
0.907932766	0.369185696	0.879803157	0.275303614	0.851259195	0.714310631
0.886460599	0.980105677	0.903147466	0.328981626	0.880538472	0.669603212
0.880733499	0.236098919	0.991191724	0.635437279	0.839927458	0.709826371
0.906339308	0.570946772	0.926940022	0.646678555	1	0.67483021
0.872716161	0.214865465	0.882896728	0.42914869	0.866574498	0.719032864
0.857062279	0.35375887	0.906181719	0.850126072	0.893350526	0.682651094
0.875747295	0.905975764	0.792936528	0.484130574	0.82533391	0.711304557
0.879564152	0.896469176	0.904968588	0.572073303	0.95448116	0.693955067
0.932578762	0.363262908	0.887354249	0.395879675	0.916022923	0.679861571
0.817607762	0.704178308	0.880716523	0.265352889	0.914283198	0.762414281
0.971984759	0.456719145	0.79734521	0.28917308	0.885379547	0.683190025
0.8986951	0.540831563	0.941126282	0.802621579	0.939685628	0.747045652
0.877754275	0.903799074	0.913092399	0.763389303	0.869666432	0.755828981
0.866791033	0.438404831	0.928236368	0.522514324	0.831553165	0.778465131
0.913127461	0.934045153	0.858898072	0.520081116	0.90480656	0.732789935
0.892163359	0.949582646	0.895336671	0.271699439	0.868485754	0.703244641
0.807102372	0.221480336	0.875744994	0.565478355	0.883770249	0.760343153
0.85736897	0.95276967	0.894816954	0.087083868	0.899762044	0.678300367
0.878634589	0.800270695	0.918121493	0.674267718	0.88746901	0.737602812
0.870130182	0.978251344	0.875231828	0.38135276	0.917511892	0.683605927
0.954368252	0.627394563	0.890545416	0.539345241	0.892001903	0.698611715
0.824529193	0.779825484	0.871171684	0.362500541	0.905663363	0.715260736
0.908876293	0.653136404	0.894520571	0.857651858	0.957590111	0.750456185
1	0.592227824	0.829154429	0.121172008	0.877656065	0.7796474
0.886988972	0.701793573	0.831021305	0.031934944	0.908277685	0.728433176
0.863784482	0.256992412	0.835341074	0.529274068	0.840639303	0.690007295
0.954823837	0.696659188	0.826650173	0.697258471	0.903837435	0.75948701
0.853977324	0.289297928	0.880471047	0.214143766	0.912212516	0.749865868
0.901443568	0.879318865	0.888297934	0.239031279	0.861103158	0.744484609
0.998566124	0.794615355	0.848269886	0.922627979	0.830300251	0.750143111
0.860114766	0.680242974	0.799279679	0.466769985	0.860468145	0.735059145
0.869440994	0.960632454	0.862639555	0.952799637	0.915498046	0.708956977
0.921250468	0.559182772	0.926447923	0.534706383	0.880676284	0.701181798
0.850728131	0.93586391	0.91876334	0.882890623	0.868494208	0.708812024
0.869878095	0.720865952	0.901113863	0.905849055	0.985055817	0.684700664
0.873104546	0.565755945	0.918497429	0.488521251	0.821871189	0.750371175
0.894964488	0.34893074	0.902628092	0.818748048	0.900691153	0.71058151
0.897092009	0.621859482	0.888720078	0.509771592	0.930217798	0.719074694
0.89434365	0.71992858	0.888863929	0.935070766	0.882186796	0.688616496
0.853740543	0.622000889	0.886004652	0.515829578	0.931942185	0.725994226
0.913935874	0.679970661	0.878839454	0.459304399	0.807788214	0.686288288
0.866928415	0.479595849	0.879877235	0.069138367	0.845721975	0.680710453
0.860071731	0.456787125	0.903057806	0.908368264	0.871755866	0.711824686
0.917538233	0.847243637	0.912397388	0.762432687	0.906094196	0.747573705
0.930524227	0.203181914	0.89058085	0.676540484	0.903704816	0.670428866
0.851353914	0.344812084	0.85333813	0.031752235	0.873391734	0.746060523
0.885339257	0.29874279	0.986156185	0.838458835	0.916393018	0.680810404
0.913845645	0.577699109	0.803895275	0.68438754	0.865911205	0.741540279
0.880634284	0.751456562	0.962010406	0.065832998	0.891859592	0.70637932
0.876056806	0.383322469	0.939380937	0.556665364	0.928299297	0.692796459
0.898271327	0.573721142	0.897197656	0.001963235	0.910847499	0.759931888
0.882131609	0.408329093	0.890135587	0.430809936	0.918313193	0.729989614
0.902854761	0.539142186	0.965487894	0.046854496	0.977523286	0.687690098
0.874858618	0.612331585	0.985167581	0.96320907	0.906842871	0.717624107
0.920517306	0.278465824	0.904968107	0.954335777	0.883848302	0.592854792
0.791267513	0.97732723	0.923466269	0.032369962	0.847470501	0.713686926
0.983874632	0.778428868	0.916324739	0.205193416	0.931420346	0.701156413
0.843789302	0.889638857	0.908657501	0.350439032	0.927927641	0.619889387
0.831492113	0.689329067	0.919365992	0.157734046	0.862079274	0.749088919
0.852938764	0.296329333	0.834276183	0.112904272	0.862053396	0.692182521
0.976793455	0.407628113	0.845997586	0.431289577	0.825332811	0.685446546
0.928031885	0.991201747	0.860228894	0.562347091	0.82794021	0.735795912
0.90569116	0.235100922	0.839988181	0.757482278	0.864453598	0.704804164
0.86036627	0.511389116	0.918419988	0.458636339	0.84365983	0.737655093
0.872194812	0.215306312	0.982579201	0.692878863	0.856765944	0.729793505
0.853829235	0.479048085	0.89062062	0.75332799	0.848857858	0.701282029
0.822529824	0.555534607	0.905787382	0.868322409	0.905531973	0.743423222
0.850075122	0.466360616	0.870854757	0.327978114	0.906335898	0.708661905
0.90381727	0.885786508	0.900621008	0.56533	0.845151449	0.732061494
0.919952238	0.511106648	0.912225347	0.028779113	0.847860417	0.683505505
0.894109452	0.939670917	0.791925089	0.598219288	0.901957589	0.703904748
0.917476523	0.652501318	0.893297083	0.165163765	0.948155522	0.728923807
0.899004935	0.301340652	0.948206349	0.15772409	0.861431322	0.752753131
0.977126941	0.831736322	0.793760301	0.171307198	0.91102777	0.706990705
0.950930376	0.601457185	0.892745339	0.692688359	0.912410568	0.722032718
0.854564704	0.546989722	0.826395751	0.577612675	0.820756964	0.713216432
0.875201095	0.981054603	0.92611906	0.15717357	0.836757604	0.738045939
0.948076007	0.475879993	0.929625767	0.407282418	0.926503185	0.713857192
0.910093608	0.568591326	0.874071199	0.053894045	0.868775455	0.713771014
0.960005397	0.28433435	0.930750149	0.883284788	0.967307954	0.706920902
0.837502002	0.953924691	0.859038906	0.245531558	0.870101754	0.712916951
0.862882385	0.753033575	0.895101186	0.299029059	0.940332343	0.668240531
0.873953055	0.852553155	0.904279933	0.820703347	0.881260216	0.72069627
0.832626788	0.30726883	0.794183548	0.961255479	0.832953354	0.694064635
0.862542188	0.838526854	0.904901976	0.067541733	0.849489195	0.730836627
0.833470296	0.996859675	0.867044538	0.504779246	0.831023235	0.743221548
0.953759112	0.968062214	0.99571731	0.734346622	0.81316613	0.685383767
0.917124954	0.538089892	0.870410551	0.953301856	0.907088471	0.723678044
0.865242956	0.738440053	0.844969827	0.546116543	0.830250881	0.731457169
0.787118622	0.381515986	0.929414297	0.060763102	0.903491885	0.768305955
0.872852427	0.46999032	0.858260874	0.067420775	0.932993576	0.716692536
0.971548835	0.757681687	0.902135093	0.239205938	0.869759555	0.718880846
0.82830692	0.303847277	0.892518576	0.76482585	0.85101086	0.680816379
0.901883177	0.961848219	0.857839346	0.335332463	0.849144736	0.711582164
0.905485303	0.866131798	0.938039397	0.072571337	0.916991552	0.743195386
0.929485691	0.602652194	0.871585422	0.695035243	0.861981241	0.756356472
0.966839861	0.561898426	0.841433659	0.112599803	0.829425794	0.732741227
0.854482521	0.78311763	0.880311102	0.237441724	0.9644487	0.708802287
0.877861239	0.45439726	0.895813513	0.743722345	0.876186041	0.731940872
0.836857143	0.511500312	0.884235039	0.072759509	0.868042354	0.699980615
0.920685619	0.308460311	0.879158646	0.191686537	0.883750023	0.739676006
0.821684326	0.584827754	0.881639502	0.319008189	0.81569952	0.716895222
0.871978176	0.937994617	0.885826225	0.511639118	0.875458483	0.711973594
0.862330331	0.90415128	0.878161781	0.882297001	0.894839057	0.750989367
0.937586361	0.330672774	0.810477038	0.862663708	0.890228584	0.677574897
0.862484623	0.926845707	0.888243765	0.639477531	0.889270822	0.694782171
0.854142125	0.209767902	0.820986244	0.389325645	0.839285572	0.737175574
0.863356664	0.386420736	0.946476776	0.397517174	0.917584765	0.758588828
0.92383218	0.23218498	0.872286709	0.878368417	0.83264088	0.67374223
0.937919538	0.451803068	0.948637462	0.630481465	0.940610688	0.692166346
0.836502655	0.955951506	0.881362542	0.662602872	0.808527487	0.728586112
0.909923723	0.732350887	0.871180371	0.633003303	0.846187705	0.696317529
0.910557726	0.935404671	0.87616602	0.436195961	0.895569098	0.696128391
0.95076039	0.8671673	0.898575715	0.462845513	0.792961694	0.663773936
0.840179632	0.831111641	0.911235515	0.309840702	0.848779903	0.757678515
0.936100619	0.293942957	0.872100779	0.799698481	0.871825559	0.667990507
0.919291943	0.806176533	0.856662516	0.554464963	0.915128693	0.708598459
0.872896713	0.781434155	0.878656637	0.254577004	0.837408736	0.707336497
0.84216387	0.673911049	0.903423485	0.497029869	0.918865465	0.73050522
0.88857187	0.79901649	0.917096179	0.363246942	0.86213607	0.698243442
0.933326712	0.550001909	0.963217712	0.541463653	0.87772298	0.740143759
0.916828108	0.743142831	0.823769796	0.319642573	0.862497326	0.693065704
0.871925988	0.239325949	0.843117204	0.79994075	0.867587688	0.765369505
0.87331813	0.301864924	0.802927981	0.453003433	0.875126218	0.687466256
0.921548794	0.745376639	0.937045853	0.679608571	0.848516395	0.717759546
0.906469779	0.297047388	0.899766265	0.136049606	0.836191412	0.75080038
0.846499458	0.820857682	0.922934518	0.640470849	0.786394875	0.739498188
0.833605989	0.60761181	0.840176208	0.512798038	0.95349304	0.674861049
0.914254537	0.477837385	0.840721566	0.685697147	0.853226795	0.706109354
0.902935623	0.700583111	0.924832155	0.447558338	0.891779387	0.676786982
0.911760258	0.900538837	0.881857611	0.677762382	0.841920306	0.748340181
0.902543194	0.925811324	0.824616622	0.216521659	0.868909355	0.709087462
0.922953866	0.968871964	0.916450772	0.983736089	0.91420391	0.710296003
0.839679953	0.986981703	0.917275604	0.717558258	0.868749294	0.703792201
0.947572349	0.669118237	0.852511277	0.692066678	0.86400301	0.705516786
0.912474299	0.416496009	0.859998123	0.678293576	0.868570772	0.733683959
0.890009176	0.476181577	0.923229488	0.737708032	0.975359368	0.720590654
0.883849767	0.884585334	0.919084547	0.395009798	0.860915406	0.680336931
0.993156779	0.700163369	0.959053175	0.104871486	0.852852161	0.744928124
0.860802365	0.963914295	0.880920582	0.411455474	0.965739169	0.687215351
0.9470968	0.225766805	0.795480725	0.324577798	0.930888607	0.736340185
0.89970006	0.359734866	0.926901112	0.565536693	0.900741276	0.740944241
0.919532696	0.485542275	0.912308993	0.942890752	0.880461005	0.690549812
0.843685314	0.857519334	0.90341085	0.052978721	0.83656813	0.716233249
0.898711798	0.944601704	0.887944328	0.705910571	0.844567298	0.672008389
0.893897834	0.869733775	0.857272051	0.147550731	0.811453533	0.747465799
0.891383919	0.307595047	0.824263564	0.300489872	0.859923226	0.775900323
0.896625762	0.571596409	0.848063746	0.60512	0.870583908	0.757060499
0.882359973	0.410688689	0.853345296	0.9552207	0.850504961	0.700633738
0.930778376	0.940155148	1	0.136518328	0.923840749	0.734418183
0.892123791	0.381033895	0.899079041	0.330422772	0.826458544	0.7298533
0.873347249	0.877138792	0.937161261	0.741501362	0.880526091	0.7185204
0.8243441	0.620664544	0.911847445	0.726713624	0.928995813	0.713710794
0.795465561	0.693135732	0.890917578	0.369189849	0.91545795	0.738377805
0.851427931	0.863881372	0.934189786	0.524849979	0.885229161	0.681828889
0.850767257	0.48710725	0.927725375	0.287934971	0.852999374	0.747047286
0.940822116	0.617001405	0.87790129	0.301856534	0.864981051	0.705528638
0.959656043	0.959849141	0.892323075	0.247931608	0.834345033	0.716034891
0.841184982	0.714889572	0.860627728	0.490707306	0.879316065	0.653453961
0.885383702	0.62881097	0.870376406	0.327767655	0.891589177	0.750150141
0.883835963	0.52595725	0.93903897	0.574667158	0.820791263	0.712665687
0.898273412	0.70391382	0.872606309	0.392487788	0.838531249	0.758366557
0.888228441	0.5927135	0.882954047	0.852378529	0.846045094	0.673641751
0.898053169	0.479517389	0.877404632	0.897966564	0.936219137	0.680249007
0.860374024	0.242676597	0.945505463	0.829425301	0.903532884	0.733333693
0.901830811	0.741527326	0.783831956	0.845500384	0.976164196	0.705425866
0.904106108	0.984179798	0.916454155	0.370291032	0.963821229	0.731900112
0.914117626	0.500838339	0.925738125	0.351170529	0.878244696	0.740397501
0.952670034	0.602304466	0.859110317	0.554522811	0.908126985	0.709085206
0.886163015	0.984660921	0.810144145	0.270940496	0.851951542	0.682000058
0.876102781	0.385464995	0.972172706	0.276975817	0.75531983	0.730567065
0.859998674	0.402812535	0.918886252	0.788858923	0.872208852	0.712269964
0.915255059	0.859003057	0.838251685	0.842529187	0.855071358	0.747018756
0.88143689	0.871545973	0.83360983	0.116973349	0.834677692	0.705453512
0.909427082	0.98964034	0.799276043	0.138592647	0.84834505	0.783872309
0.92760509	0.626098199	0.862500052	0.564389283	0.832493998	0.702564701
0.911222402	0.754816563	0.91068944	0.630891135	0.899767771	0.686100407
0.962508694	0.869942422	0.850702437	0.386206368	0.901564772	0.671913407
0.935503885	0.406585786	0.84247926	0.33504143	0.887391466	0.699892868
0.868204478	0.5615624	0.81408325	0.239409813	0.872952789	0.764604269
0.924034663	0.214100842	0.926971109	0.85398248	0.941691464	0.703548782
0.883746218	0.520948945	0.839280455	0.463813294	0.908218986	0.716557725
0.982237329	0.351611777	0.844845275	0.43106329	0.829015553	0.702947658
0.884941699	0.747952887	0.930897331	0.474536827	0.856068473	0.688145972
0.840707758	0.739979866	0.805546325	0.668093403	0.934460698	0.738773067
0.856016518	0.740099342	0.965575803	0.883851934	0.833560886	0.733446997
0.83869117	0.375146959	0.916421204	0.285968966	0.911235545	0.692772426
0.922939451	0.874968136	0.918056466	0.898175269	0.938082558	0.738413886
0.926996128	0.594340907	0.798510106	0.128675622	0.899477423	0.68738125
0.950155133	0.448257436	0.848982562	0.939370835	0.868419012	0.716570216
0.83684888	0.816402134	0.967635148	0.838755544	0.869205213	0.693915937
0.919803025	0.553350995	0.85668555	0.516810767	0.896396677	0.681897216
0.876617893	0.741934885	0.927153741	0.602434977	0.806072612	0.735187435
0.850832368	0.99754108	0.844818084	0.562117707	0.839279569	0.699350644
0.956754015	0.818953056	0.853381633	0.499903166	0.914035329	0.792876879
0.857912995	0.610727584	0.903985138	0.41686328	0.82620834	0.770489249
0.851996573	0.990195575	0.927756588	0.981977267	0.858451342	0.703557366
0.90763918	0.912516319	0.909712699	0.839635842	0.849279341	0.732689554
0.873392366	0.618728936	0.893430557	0.197987192	0.893424319	0.690939262
0.938401438	0.294274446	0.884771502	0.675662612	0.926223715	0.711150931
0.898625862	0.867567683	0.835899718	0.224145997	0.866236681	0.694281609
0.966142663	0.398748986	0.941615289	0.352825319	0.904148324	0.73147417
0.906548594	0.503911676	0.907862112	0.551973314	0.780232015	0.679418836
0.905381764	0.52649431	0.84650504	0.319889222	0.908063631	0.718291318
0.897189382	0.903981178	0.935097143	0.303684661	0.926688218	0.734796843
0.926059846	0.659925507	0.874363215	0.533977273	0.840459792	0.73298576
0.824094469	0.837358003	0.834900898	0.645862131	0.88458868	0.718317124
0.875748408	0.639629119	0.901714001	0.160302689	0.892292053	0.681609084
0.840128479	0.734290583	0.928411853	0.648048533	0.751180283	0.6544004
0.913212694	0.433105439	0.902994579	0.697688434	0.867361855	0.702587058