0.893603492	0.373176205	0.294560273	0.106897448	0.71034744	0.986810383	0.278651159	0.023166925	0.625268044	0.441905976
0.074915727	0.235447062	0.695570625	0.090330405	0.596184487	0.779589594	0.286659181	0.409588248	0.243869376	1
0.171674154	0.180716094	0.396136567	0.152634924	0.807173673	0.891349347	0.400213969	0.155163942	0.129238223	0.216237732
0.004798895	0.622287812	0.582481773	0.060762527	0.610162126	0.639487337	0.346423827	0.032056707	0.564420047	0.294422688
0.673971767	0.090119389	0.575231144	0.089635208	0.620721324	0.256295819	0.293072908	0.170384317	0.015257053	0.578318285
0.275008671	0.451473436	0.303559682	0.243437734	0.520706164	0.094865482	0.280722364	0.087861808	0.258765096	0.115171628
0.126300595	0.826130837	0.020961171	0.085927221	0.456555475	0.133035608	0.302551415	0.306651309	0.724928543	0.656090093
0.024327882	0.717291105	0.296453989	0.203721941	0.760545534	0.232837655	0.30685918	0.15851557	0.603149459	0.558543116
0.112663068	0.334096946	0.088225535	0.126208841	0.961016237	0.708954235	0.292922377	0.045287873	0.15837064	0.711485024
0.009209803	0.565839197	0.248340446	0.145816079	0.633841965	0.279865426	0.259654453	0.295607786	0.834158039	0.694058974
0.945585079	0.898183186	0.666142495	0.083256232	0.672842272	0.937751646	0.305408902	0.314841629	0.018741542	0.288173494
0.501349933	0.366877005	0.141812328	0.049345317	1	0.584048456	0.364740925	0.353069713	0.358120916	0.768608734
0.975261336	0.785561655	0.594510696	0.073845887	0.538778966	0.473699621	0.326429162	0.098631422	0.733079217	0.435748106
0.827473708	0.95364894	0.718120826	0.140606986	0.887407884	0.174049393	0.334269188	0.184041813	0.223346409	0.712231141
0.142945059	0.513073497	0.238573655	0.185436821	0.505891653	0.742371672	0.379344524	0.235909295	0.967292354	0.858118686
0.886892352	0.558140848	0.274828429	0.058474181	0.946894562	0.061932081	0.363449582	0.012296362	0.961247065	0.042565818
0.986724676	0.489557645	0.171089101	0.143859873	0.749605989	0.485216999	0.28876863	0.279911054	0.848581338	0.222437743
0.139554954	0.490280214	0.478609556	0.152979234	0.739124346	0.771615352	0.349271431	0.007224553	0.29579987	0.276715987
0.792698774	0.954601583	0.133729166	0.109582111	0.685692366	0.10752974	0.311064197	0.140350914	0.664924218	0.927746618
0.043661281	0.593928011	0.254006499	0	0.9511756	0.269691307	0.319936502	0.409875912	1	0.197903709
0.774079067	0.909521936	0.672585693	0.115868845	0.769801124	0.223354672	0.319489459	0.266515039	0.9799346	0.581997702
0.402553687	0.618629532	0.413695744	0.12665403	0.796140861	0.390384908	0.3369246	0.352392496	0.485869339	0.400211254
0.351685421	0.586857695	0.248855578	0.090007221	0.902761237	0.693100944	0.31107795	0.160053428	0.359665702	0.893337641
0.726640746	0.690566781	0.056635314	0.154934059	0.94540468	0.543530296	0.32398568	0.282292405	0.164486674	0.781623886
0.057964341	0.033906784	0.216971363	0.072055367	0.671387595	0.598246481	0.309529436	0.15671172	0.582293469	0.080910554
0.270578755	0.312981832	0.641672401	0.126556728	0.457738972	0.807806718	0.790201836	0.273963808	0.490067328	0.467752726
0.294215851	0.627739168	0.711457671	0.201992546	0.538633287	0.0961391	0.937865149	0.132294778	0.37010122	0.215356712
0.349274203	0.411622329	0.556510339	0.259123384	0.968677673	0.147310951	0.649791271	0.016545728	0.439351078	0.646828534
0.214640946	0.210237459	0.029665872	0.376284528	0.500816264	0.465653961	0.595374718	0.405439537	0.334375644	0.478450876
0.312644279	0.445414878	0.315729472	0.700268242	0.732031355	0.855521377	0.513129749	0.198916776	0.555030517	0.498916255
0.202630938	0.199403482	0.23635508	0.986359452	0.811571008	0.464144528	0.44159163	0.090395373	0.521300128	0.08871622
0.167873382	0.031034611	0.15295363	0.965463267	0.982721589	0.733681222	0.358452295	0.277894027	0.250624708	0.298912822
0.302624279	0.423255874	0.309363403	0.118405135	0.971860979	0.286595472	0.628606898	0.122778239	0.470602225	0.67162981
0.278432985	0.330125324	0.238821484	0.122084948	0.723949059	0.202343454	0.781962275	0.106223161	0.529993066	0
0.238563479	0.511700323	0.357498778	0.34708983	0.950795581	0.150908439	0.361965523	0.257681714	0.544466273	0.766959408
0.266673653	0.622657338	0.713092391	0.856775665	0.583380639	0.197498016	0.968197304	0.305022418	0.414987596	0.77330834
0.15527223	0.936828416	0.129764908	0.606211298	0.764740222	0.277550405	0.404603195	0.263411146	0.537996537	0.462309402
0.224732105	0.172008293	0.583750644	0.274280664	0.796888393	0.014099501	0.45176113	0.211284982	0.448822009	0.156171141
0.221091782	0.647031056	0.573232043	0.214139268	0.761469128	0.21522039	0.360943018	0.230965997	0.597774864	0.314685851
0.201625841	0.040857531	0.101721758	0.499084947	0.874825161	0.556285077	0.924181353	0.25887916	0.479901107	0.051371568
0.249126362	0.602176758	0.207290067	0.679714896	0.716884991	0.971931664	0.521916751	0.220883244	0.503221158	0.912454003
0.204723468	0.590125119	0.00614165	0.236546606	0.935782931	0.363507762	0.955398062	0.362653099	0.485847841	0.360133841
0.25999961	0.539796167	0.205237814	0.643675208	0.849381197	0.200441356	0.94319907	0.281242111	0.431395224	0.252300385
0.284046528	0.557851705	0.364986177	0.348705982	0.593513936	0.066104106	0.515949424	0.054408956	0.457243268	0.576020828
0.19616588	0.528670271	0.57769957	0.240682798	0.779160031	0.97496001	0.64482943	0.406914812	0.564947653	0.953231275
0.32334603	0.931762057	0.485855904	0.277682344	0.536904924	0.165802528	0.343210821	0.137101426	0.565928335	0.190779944
0.336442517	0.220454191	0.469412981	0.883092552	0.704600822	0.06832298	0.573469271	0.383730833	0.504148128	0.436096751
0.189630886	0.621789403	0.533137349	0.393794195	0.879642146	0.408738623	0.850276206	0.166509352	0.552068763	0.451620361
0.236000653	0.241839712	0.015493733	0.565017633	0.896238829	0.922955478	0.862155092	0.164501157	0.392541198	0.213831945
0.220176232	0.012110329	0.663758442	0.771948667	0.703732641	0.507608631	0.626797434	0.094517515	0.506117966	0.981648307
0.034309642	0.941155638	0.604491643	1	0.049629854	0.745458568	0.167153124	0.055146095	0.365849189	0.306576958
0.447608074	0.729233663	0.496542646	0.248733142	0.085717585	0.999216574	0.09675223	0.238623303	0	0.851676236
0.855156396	0.043208467	0.441172085	0.799549297	0.145718146	0.627680412	0.098173302	0.089818304	0.15128105	0.540066198
0.193121713	0.301457334	0.555537204	0.535182276	0.07688397	0.586979468	0.136681182	0.087244512	0.919441628	0.847869646
0.627113812	0.143435254	0.309486465	0.433166573	0.142051991	0.659336235	0.104914023	0.130079626	0.826262338	0.206135854
0.67025361	0.018604565	0.684713463	0.814781501	0.180440381	0.859303282	0.095002973	0.269511985	0.992805624	0.236887846
0.642924819	0.830312962	0.322287785	0.732190421	0.063026074	0.394518916	0.042904325	0.041554223	0.441026793	0.500278861
0.412551853	0.378836154	0.448557096	0.658376309	0.070220814	0.937626501	0.060496425	0.382556461	0.166899737	0.303365882
0.585166562	0.462927763	0.031600219	0.768961693	0.060267646	0.544832056	0.152771913	0	0.917659799	0.196267388
0.579812221	0.860098388	0.277765541	0.610753311	0.117598793	0	0.120707807	0.092854221	0.960969593	0.795831478
0.721347247	0.211708561	0.257233776	0.210529402	0.114417826	0.32193004	0.069894463	0.335673393	0.362865474	0.372673304
0.427666679	0.018987402	0.510219337	0.346478103	0.032900657	0.728522298	0.067160306	0.291436824	0.838054147	0.270829719
0.877700031	0.40227077	0.301902513	0.638419888	0.026447453	0.712981649	0.056435865	0.289272424	0.073115638	0.632936156
0.291101387	0.748711103	0.574526017	0.336267487	0.087139185	0.439633292	0.069217471	0.114549943	0.479485558	0.837121919
0.451779835	0.653946829	0.259142056	0.50076089	0.078945188	0.351838581	0.135744442	0.12962679	0.617262736	0.023616391
0.754874361	0.374716779	0.143561	0.829220207	0.028997825	0.770496265	0.095769238	0.041391478	0.142320339	0.233768007
0.439975268	0.543482288	0.442213258	0.812344323	0.053490435	0.734793996	0.076047256	0.352182319	0.303292778	0.686348601
0.20363265	0.432709819	0.429638767	0.402238209	0.124805284	0.591885754	0.081824772	0.156676667	0.169040262	0.921422999
0.454463848	1	0.350090315	0.245282598	0.050407012	0.865808329	0	0.096846113	0.201679978	0.801918751
1	0.221678538	0.146693587	0.667805354	0.070359814	0.307607632	0.117995996	0.275744246	0.5942279	0.065685594
0.58383184	0.567225519	0.538305728	0.539938385	0	0.170721801	0.103397548	0.121423971	0.678016662	0.02631066
0.708903757	0.444992194	0.299267823	0.921103489	0.023287829	0.56511836	0.114683247	0.418581043	0.153669519	0.922310342
0	0.018491968	0.036939781	0.160045715	0.123489671	0.502944077	0.074185309	0.046959749	0.552605409	0.436094336
0.397860722	0.652088157	0.111519936	0.656606839	0.176719299	0.346565605	0.06794298	0.033985833	0.349877071	0.880423922
0.155864122	0.830069381	0	0.93806045	0.052003118	0.685875199	0.072809813	0.018590591	0.678400948	0.396991787
0.338127734	0.632341798	0.78937219	0.708463871	0.708177791	0.309794015	0.865968431	0.82720194	0.470878247	0.650780489
0.201552749	0.881584751	0.844491987	0.669697758	0.898833999	0.306547984	0.491058062	0.913789744	0.365422456	0.504383417
0.225394846	0.911899587	0.834981432	0.459249716	0.63709386	0.278643484	0.89023035	0.970868949	0.742264119	0.165827538
0.359876896	0.860824705	0.799262737	0.794369071	0.530637217	0.551903562	0.581629419	0.904217468	0.971276336	0.921190166
0.497612574	0.442381283	0.72320445	0.876577785	0.86983754	0.725298856	0.73501771	0.902819897	0.40788153	0.727172431
0.806838224	0	0.687864883	0.654731848	0.856983651	0.135711194	0.593121843	0.886944465	0.255872411	0.753281571
0.36554937	0.185411416	0.803261067	0.78475	0.483128886	0.165734203	0.978343602	0.931219733	0.949844142	0.732269161
0.393326009	0.898618129	0.777067404	0.658288129	0.690633879	0.40444925	0.970078789	0.862167516	0.815153294	0.153517928
0.468966332	0.762605247	0.781534137	0.303703182	0.950496656	0.027663078	0.939114632	0.851814282	0.589429781	0.451964092
0.724129184	0.319589116	0.795790532	0.528779242	0.759587688	0.711670549	0.53038599	0.882395002	0.023644586	0.078523799
0.435028917	0.896698328	0.857694119	0.85468684	0.761820954	0.408574313	0.338211187	0.93458616	0.836189326	0.133174555
0.901643442	0.087391372	0.706657414	0.643362058	0.53576993	0.134961245	0.879822973	0.945371088	0.947084744	0.683669662
0.38270284	0.882181337	0.730447976	0.198090018	0.844969859	0.387744242	0.559382225	0.934034529	0.649397501	0.682399977
0.939337946	0.547713562	0.82255095	0.746495875	0.500810315	0.468806663	0.780512605	0.888447963	0.295279359	0.554568261
0.182052822	0.1684248	0.705807079	0.348998841	0.671796526	0.173587398	0.96469581	0.875365994	0.219741886	0.462890479
0.798214341	0.127655599	0.822939026	0.455708704	0.642323712	0.346468968	0.389775312	0.920954936	0.212929009	0.245296546
0.321425545	0.102869447	0.679174719	0.36229669	0.743127547	1	0.694360886	1	0.265261404	0.367772055
0.066459811	0.901231888	0.830909718	0.528981852	0.86175907	0.286879636	0.623830461	0.880347752	0.953958013	0.66621264
0.408401427	0.920802608	0.918733551	0.293457073	0.536163945	0.560498782	0.756850174	0.898028187	0.154791992	0.995365539
0.300975184	0.742624255	0.881402852	0.189478559	0.501693166	0.334989479	0.670897279	0.92651302	0.351278127	0.71622051
0.043510373	0.09460743	1	0.883398972	0.888134077	0.294526538	0.411613411	0.913035124	0.431355022	0.574278405
0.131291926	0.848407993	0.992542865	0.78001734	0.598096296	0.25368726	0.958147394	0.893280167	0.901016344	0.519432718
0.69348413	0.204311623	0.697653671	0.415807553	0.77952398	0.327416896	0.822434755	0.95307554	0.653155956	0.973227109
0.126669898	0.036165899	0.780653308	0.926562571	0.745288905	0.763886568	1	0.928382382	0.316966097	0.341195705
0.664362644	0.651283498	0.861049687	0.390827666	0.75885504	0.680642663	0.467120615	0.925369263	0.780283624	0.838858816