9.658	3.911	7.039	3.023	-0.279	0.804	3.165	4.451	0.089	0.101	2.192	0.326
12.791	2.731	7.512	-1.138	0.837	6.519	14.257	1.530	0.866	3.087	8.591	5.975
11.551	3.230	9.336	0.972	0.979	2.874	4.155	1.983	2.037	0.187	1.063	0.565
12.877	9.667	17.607	1.191	0.332	1.272	18.610	3.916	-0.288	11.785	5.385	1.312
15.635	8.350	19.240	0.587	0.400	6.726	17.130	1.037	-0.560	6.705	5.462	15.350
6.031	7.241	12.774	-0.176	-0.095	9.972	14.905	0.086	0.363	2.083	4.872	18.917
2.537	2.108	12.878	-1.647	-1.041	0.289	9.598	5.616	-0.217	9.485	3.860	19.638
5.533	4.284	2.997	0.599	-1.394	7.822	11.440	5.996	-0.195	16.113	0.899	4.379
7.574	6.267	1.757	0.323	0.237	4.739	4.192	0.532	-0.597	5.150	2.620	17.695
8.764	4.654	12.330	-0.613	0.014	4.394	8.678	9.280	-1.850	18.181	9.498	0.708
13.943	4.150	19.828	-1.213	-0.616	3.405	7.033	4.737	-0.469	19.527	2.961	14.547
7.919	4.628	13.418	-0.325	-0.686	5.932	18.048	4.985	-0.119	3.766	4.219	14.667
14.304	4.364	10.254	1.373	0.984	7.802	10.188	3.646	-0.222	4.636	3.004	1.472
14.049	0.890	2.689	0.118	1.288	3.029	6.543	1.903	0.723	16.051	3.383	5.060
12.677	9.612	8.304	1.454	-0.050	1.183	0.420	2.155	0.690	5.977	7.625	3.172
14.565	3.017	16.058	0.172	1.001	3.675	19.293	0.747	1.900	4.365	2.072	19.689
18.058	6.669	18.860	0.305	-0.015	6.904	4.269	6.970	1.162	15.095	7.950	0.451
0.824	7.757	7.156	1.909	-0.008	0.140	7.145	6.284	0.780	2.213	8.367	1.826
5.517	7.755	15.109	-0.296	0.718	4.007	7.415	0.478	-1.919	14.043	5.457	14.992
8.121	3.870	2.477	-0.482	-0.542	3.769	16.698	8.166	-0.814	9.663	7.870	3.250
15.612	4.262	15.371	0.710	0.981	0.773	8.819	1.399	-1.160	8.534	3.563	5.289
14.854	2.729	4.743	-1.369	-0.736	8.393	9.323	8.711	-0.034	15.697	5.980	9.219
1.946	1.207	16.797	0.993	1.876	9.524	3.524	9.270	-0.166	9.811	4.273	6.133
18.882	7.184	11.490	-0.826	0.873	5.796	13.105	4.694	1.277	0.329	4.513	2.355
17.899	0.277	11.469	-1.974	1.478	1.147	10.027	2.529	-1.698	9.131	8.062	0.129
19.831	9.917	2.740	-1.560	-1.418	4.523	0.938	2.708	-0.114	6.514	9.694	12.900
11.035	5.096	14.945	1.688	1.075	4.759	3.026	8.841	-0.989	14.929	0.680	8.947
8.868	7.639	3.952	-0.023	-1.270	9.233	5.678	5.221	-1.403	14.962	5.905	0.883
15.132	9.621	15.070	-0.956	0.198	7.091	2.219	2.656	-1.102	10.997	8.248	3.952
15.384	2.473	17.374	-1.684	-2.097	9.067	17.383	3.695	-0.177	14.269	3.656	16.024
12.003	0.618	11.291	0.483	0.070	2.364	16.651	7.257	-0.729	12.652	6.881	15.325
6.702	9.867	10.833	-1.829	0.331	7.338	5.616	3.949	2.315	15.227	0.534	14.475
10.143	1.590	1.045	-1.801	-1.096	1.558	9.311	2.252	-0.689	5.117	5.142	5.343
13.452	9.653	15.905	-1.651	0.287	7.552	9.768	2.928	-1.711	1.089	7.482	13.638
19.691	2.246	12.199	0.891	1.118	9.821	8.503	1.080	-0.063	19.107	7.400	6.551
3.957	3.773	6.345	1.433	1.085	7.932	1.625	8.278	-0.697	17.184	2.956	12.951
7.409	6.745	9.040	-1.943	-3.277	0.520	7.891	3.783	-0.778	19.711	7.953	8.654
1.844	1.983	3.256	-0.034	0.361	7.344	3.656	5.052	0.377	16.000	6.457	14.649
0.089	2.754	15.791	0.567	-0.499	1.126	14.201	0.187	-1.118	19.451	1.683	11.333
8.744	2.989	2.694	1.247	-0.523	1.022	0.203	1.208	-0.164	11.504	2.650	2.717
11.613	9.507	8.115	1.750	-0.248	7.643	13.033	1.633	-0.482	0.915	0.841	18.119
18.210	9.857	9.935	-0.542	0.234	4.037	13.067	7.659	-0.647	6.223	1.211	14.874
5.821	3.902	6.937	-0.346	1.065	6.274	19.018	4.468	0.269	12.299	7.753	9.072
10.346	0.798	0.997	-0.295	1.093	7.777	1.730	7.415	1.080	10.209	4.007	2.801
10.386	8.798	0.583	1.136	-0.553	7.809	19.753	5.841	0.422	17.542	4.870	5.327
1.958	7.525	0.791	1.096	0.225	7.486	10.981	2.796	0.855	17.123	4.391	17.585
9.046	3.406	10.254	1.268	0.111	1.928	7.026	3.113	-0.324	19.549	7.460	11.293
18.022	9.014	5.304	0.128	-0.157	5.949	4.662	9.379	-1.761	3.901	6.344	3.928
9.567	3.411	11.107	-0.754	0.374	8.955	3.416	0.932	-1.526	16.290	9.238	9.824
2.216	7.452	7.698	-2.458	-1.339	7.512	10.072	2.419	-1.575	9.681	8.358	2.811
6.187	5.033	1.276	1.745	0.037	1.071	7.897	3.094	1.232	1.390	6.145	9.967
4.958	5.645	5.305	4.636	3.911	1.846	9.089	3.408	7.954	0.425	5.770	9.396
3.688	4.662	7.335	2.537	1.967	4.719	4.737	4.405	8.984	1.080	4.101	9.998
5.100	4.276	8.713	1.323	4.257	4.978	2.924	3.959	7.256	0.294	3.353	2.418
4.668	5.358	7.109	3.787	2.076	4.609	4.930	2.519	3.307	3.044	5.368	9.145
3.810	5.409	2.323	4.214	2.328	3.831	6.335	0.617	0.937	4.914	5.428	7.688
3.548	4.800	4.266	1.932	3.392	2.430	2.773	4.574	4.250	4.604	5.420	3.598
4.871	3.906	5.410	3.606	0.751	0.740	8.802	3.265	2.890	0.020	3.966	1.987
6.306	4.422	0.776	0.134	1.247	0.424	9.863	0.138	3.480	2.727	5.066	7.802
4.224	4.750	6.878	2.513	2.480	0.167	5.964	3.572	6.610	1.241	5.896	7.630
5.110	4.191	2.297	0.259	1.374	3.472	5.204	2.979	2.899	2.158	3.616	1.782
5.096	5.111	8.918	4.354	9.588	3.821	9.556	2.379	2.183	1.052	5.714	2.576
4.113	4.644	4.338	2.819	8.689	0.786	9.435	2.159	1.147	3.984	6.385	1.709
5.411	3.759	4.898	3.546	1.288	3.498	1.115	3.912	4.882	3.526	4.499	0.603
4.414	4.599	4.577	4.363	3.970	3.986	2.290	0.493	0.713	4.948	4.843	9.380
5.221	7.039	7.996	2.266	8.311	1.458	9.090	0.899	6.841	1.897	2.992	8.055
4.070	5.593	6.309	4.904	6.897	1.075	6.443	0.649	1.419	2.087	4.376	4.799
5.457	5.034	7.367	4.791	6.857	4.604	2.816	3.841	0.370	3.882	5.337	8.672
4.135	7.057	2.418	0.358	0.346	2.791	6.267	3.187	3.942	2.757	4.742	9.931
5.859	4.268	8.206	1.845	7.104	3.261	6.347	2.662	9.545	0.086	4.730	3.239
4.975	5.508	7.417	2.562	1.770	2.823	6.993	2.494	6.774	1.384	3.547	0.808
3.933	5.208	8.374	2.394	4.922	3.283	1.898	4.402	6.518	3.859	5.555	5.868
5.822	5.537	2.694	0.596	7.620	2.435	6.622	4.615	4.015	1.726	6.051	0.776
5.915	4.363	4.747	2.116	0.149	2.931	4.996	2.221	7.980	0.854	5.854	4.433
5.287	5.689	4.222	1.347	8.624	3.130	1.389	3.885	3.032	3.540	5.620	6.778
5.915	3.972	0.052	0.778	5.831	0.571	7.006	2.735	5.707	2.464	3.895	3.190
5.209	5.697	8.699	2.556	1.838	3.919	3.126	1.658	8.347	2.261	5.181	4.984
5.032	4.313	3.179	3.844	2.539	4.694	7.496	1.594	6.850	0.430	6.986	0.289
6.105	2.939	9.577	3.188	3.555	1.564	9.970	4.331	2.802	4.566	4.793	0.652
4.919	3.966	4.282	0.069	1.644	2.878	6.208	3.900	3.551	3.051	6.022	7.998
6.776	4.367	9.933	0.508	8.881	3.300	0.347	2.402	4.669	3.061	5.086	0.214
5.504	6.419	7.899	4.336	9.145	0.340	3.926	3.730	9.881	4.472	3.888	3.886
3.865	3.541	7.700	2.948	1.050	2.956	5.860	2.536	7.371	0.847	6.412	1.832
4.971	5.296	3.351	1.636	9.067	2.153	2.740	1.438	0.329	2.077	4.530	8.816
4.453	3.405	8.924	4.678	1.890	4.871	7.569	2.004	3.915	0.950	6.473	4.387
3.947	5.548	3.301	0.781	7.694	1.519	2.355	4.339	1.288	2.728	5.353	5.596
3.381	4.726	6.482	2.396	2.689	2.225	8.226	0.488	6.092	2.386	4.639	6.474
5.385	2.416	9.774	1.306	6.761	3.426	3.463	2.726	8.532	0.516	6.310	0.903
4.103	4.852	4.819	0.023	6.081	4.077	3.147	3.778	0.376	2.006	4.608	4.474
4.569	4.741	6.155	3.924	7.464	1.042	7.868	2.512	6.439	4.345	4.167	5.736
4.316	5.027	9.914	4.998	6.925	2.704	8.228	0.829	8.634	3.008	5.144	8.423
4.661	4.603	4.320	0.031	4.256	1.787	7.536	0.451	7.503	3.960	5.286	6.847
4.622	5.509	8.058	3.079	0.562	2.282	8.569	3.400	5.718	0.527	3.342	3.346
4.071	4.552	4.077	3.272	5.820	3.779	6.015	2.811	0.547	4.169	6.540	4.049
6.665	4.959	4.201	2.516	4.843	1.571	0.730	0.278	0.962	4.551	5.699	4.477
4.497	5.930	0.554	4.411	6.117	4.791	7.718	0.400	8.804	1.484	5.200	3.395
4.683	5.986	8.693	0.562	3.010	1.795	4.764	4.125	9.259	4.217	4.071	2.176
5.207	5.255	9.378	4.706	2.749	3.061	6.213	1.171	1.994	2.539	4.005	6.139
4.509	4.286	1.722	2.327	9.385	3.413	1.147	3.184	0.944	0.789	4.313	7.630
4.665	5.112	7.057	4.347	7.289	2.243	5.729	3.841	5.217	1.161	5.293	8.272