-0.889	0.057	-0.742	8.091	-0.307
-0.451	0.299	-0.282	1.920	1.041
-0.139	0.442	0.846	6.420	0.321
-0.127	0.154	-0.274	2.035	-0.016
1.204	-0.532	-1.224	3.180	-0.420
0.678	-0.432	1.879	7.689	-0.091
-0.573	-0.521	0.677	1.369	-0.947
-0.706	-0.028	1.649	3.183	-0.287
1.124	-0.321	0.538	6.653	-0.768
1.455	-0.257	-1.510	2.471	0.087
1.442	-0.906	-1.897	2.740	0.038
1.754	0.487	-0.030	6.806	-0.862
0.409	0.636	-0.443	3.563	0.778
0.276	-0.998	0.347	5.277	0.646
-0.276	-1.418	-0.259	9.696	1.571
-0.018	-1.383	-0.673	0.362	2.385
1.681	0.471	-0.374	9.484	-1.243
0.265	0.199	0.474	6.354	0.699
-0.749	-0.774	0.376	8.461	1.515
-1.127	-1.305	-0.953	1.438	0.151
-0.692	-0.453	2.093	5.531	-0.905
0.187	2.283	-0.457	7.191	-0.441
-1.658	-0.880	1.447	2.929	0.300
1.270	0.496	0.296	0.677	1.660
0.944	0.022	-0.104	3.133	1.730
0.855	0.566	-1.131	7.502	-0.281
-0.181	-0.690	0.047	9.854	-1.602
-0.606	0.070	-0.610	8.791	1.336
-0.316	0.371	0.141	8.079	-0.173
1.013	-1.057	-0.171	7.384	0.380
-2.002	-0.194	0.166	8.572	0.409
-1.170	-0.849	1.025	3.928	0.324
1.419	-0.387	-0.009	6.546	-0.193
1.325	0.183	-0.005	4.849	0.801
-0.994	-0.434	2.063	3.816	-2.319
0.795	0.839	-0.595	0.533	0.524
-0.222	-0.200	-0.352	0.642	-0.693
0.877	0.560	1.846	5.968	0.272
1.817	2.002	-0.847	7.131	-0.836
-0.493	0.044	0.005	8.130	0.794
0.390	-0.770	-1.322	4.443	-1.107
1.067	0.628	1.072	9.871	1.150
0.032	-0.011	-0.749	2.925	-0.323
-1.510	0.091	0.755	8.229	-0.692
-0.740	0.760	2.298	0.414	-0.197
-1.002	-1.399	0.661	4.822	-2.154
0.529	-0.654	-0.419	0.948	0.726
-0.381	0.649	-0.121	9.471	-0.984
0.329	-1.099	0.211	7.872	-0.314
-0.726	-1.454	0.451	9.722	-0.538
2.885	4.448	5.377	5.018	6.467
7.242	5.416	4.335	4.648	4.970
18.481	5.921	2.452	4.258	4.862
9.776	4.290	5.201	5.347	5.315
5.831	5.053	4.961	4.319	4.744
7.604	5.829	4.340	4.790	7.273
19.747	6.229	6.564	4.499	3.540
10.724	5.284	4.980	5.116	4.947
6.366	8.145	6.564	4.164	3.068
2.103	4.846	4.836	4.978	4.711
12.887	4.233	6.915	6.821	5.790
17.531	3.765	3.726	6.554	5.381
17.552	6.624	3.816	2.797	4.868
11.225	6.716	5.138	4.699	4.862
5.218	5.068	4.699	5.205	3.678
14.782	4.835	4.181	4.810	4.051
8.055	4.854	4.816	4.206	7.399
15.523	4.379	5.120	4.588	5.194
3.464	5.729	3.282	4.766	6.769
9.665	6.597	5.903	4.776	5.880
9.584	5.392	4.323	3.974	4.939
5.369	4.964	3.777	4.152	4.571
9.377	5.447	5.799	6.047	4.967
2.804	4.606	4.723	4.276	3.740
13.112	5.913	3.279	6.309	4.057
5.798	4.854	4.209	6.708	6.205
0.064	6.149	3.818	4.551	4.337
10.969	5.062	4.244	4.789	4.191
2.901	4.631	5.107	3.750	4.650
15.680	5.800	5.171	4.007	5.841
16.005	5.929	4.949	4.757	4.169
8.903	5.541	5.420	5.162	6.100
19.045	3.474	6.240	3.010	4.909
11.241	3.498	5.222	4.265	4.495
18.201	3.956	5.510	6.452	5.083
4.238	5.899	4.945	5.849	4.066
7.837	6.601	4.705	4.876	3.906
14.919	4.899	6.680	4.395	6.715
6.345	4.871	5.431	4.963	5.803
9.827	5.560	5.211	5.107	4.534
1.583	4.346	3.875	3.197	5.188
4.419	5.826	6.709	5.255	6.263
8.330	5.440	5.810	4.963	6.190
5.811	6.866	3.450	4.757	6.826
11.300	6.503	6.362	6.091	5.822
7.386	4.922	5.201	5.748	7.300
16.117	5.683	5.495	2.236	3.229
17.166	3.877	4.917	3.357	6.146
17.348	3.619	3.181	4.306	5.783
14.518	6.562	5.712	5.051	5.954
-8.482	4.634	-7.744	-6.415	-6.950
-7.338	3.692	-7.293	-6.219	-8.521
-7.601	2.202	-6.474	-5.960	-8.015
-5.770	2.293	-6.872	-5.578	-6.546
-7.399	3.503	-7.683	-5.598	-6.794
-7.757	2.952	-7.260	-7.584	-9.027
-6.512	0.940	-8.629	-6.408	-6.517
-8.038	1.429	-7.273	-7.972	-8.016
-6.889	3.581	-5.976	-6.645	-5.981
-8.226	2.295	-9.153	-8.003	-7.520
-7.503	0.196	-6.668	-7.940	-6.352
-7.012	0.357	-7.707	-4.981	-6.438
-7.002	3.588	-7.997	-4.440	-7.304
-5.459	0.066	-7.692	-8.101	-6.340
-5.590	4.354	-5.338	-6.658	-6.359
-7.668	1.887	-7.060	-6.801	-7.347
-6.454	0.033	-6.532	-6.848	-7.629
-7.892	1.228	-8.117	-8.472	-5.441
-8.374	1.397	-6.154	-5.303	-8.487
-8.423	2.381	-7.025	-8.282	-7.313
-6.945	1.246	-7.526	-8.010	-7.523
-9.138	4.675	-6.761	-4.166	-6.283
-5.386	4.958	-7.692	-5.857	-4.956
-7.080	0.407	-6.773	-6.951	-5.868
-7.115	4.673	-6.465	-6.865	-6.229
-6.167	2.640	-7.180	-6.995	-7.731
-5.767	2.142	-8.958	-7.418	-6.985
-6.283	4.015	-4.726	-4.982	-6.458
-4.127	3.117	-6.836	-7.299	-7.198
-7.853	4.001	-7.244	-7.284	-7.447
-5.943	2.789	-6.524	-8.803	-6.676
-7.298	3.404	-5.930	-6.889	-7.930
-6.192	2.896	-7.894	-6.019	-6.217
-8.865	1.142	-5.903	-7.426	-8.140
-5.293	4.103	-8.180	-7.244	-9.697
-5.745	4.072	-7.085	-7.031	-8.505
-7.706	3.736	-5.426	-6.391	-7.208
-7.567	1.190	-8.869	-5.581	-5.593
-8.320	2.640	-7.753	-7.781	-7.624
-8.967	1.810	-9.436	-7.082	-6.985
-8.521	2.678	-8.635	-8.426	-7.544
-7.428	1.076	-7.721	-6.388	-6.455
-6.246	2.603	-6.525	-7.310	-7.006
-6.970	4.672	-8.281	-5.895	-6.536
-5.344	3.746	-7.379	-7.556	-7.145
-6.217	2.128	-7.563	-4.876	-7.579
-8.473	0.741	-6.623	-6.392	-6.731
-4.033	1.512	-8.194	-5.555	-7.094
-6.997	4.223	-8.077	-6.064	-6.470
-8.719	2.548	-7.830	-6.036	-7.540
0.672	12.250	9.073	11.944	11.890
4.161	13.324	11.298	10.446	9.917
18.393	11.247	11.339	10.530	10.839
4.003	9.973	11.685	11.370	10.956
19.153	8.888	11.175	10.346	9.800
16.728	11.783	8.687	11.256	11.321
2.405	10.831	9.739	12.039	10.526
1.233	10.893	10.161	10.542	10.310
12.354	9.452	10.211	11.078	12.225
14.003	11.921	11.466	12.181	11.291
10.063	10.032	10.026	11.267	10.499
18.057	11.966	11.240	11.089	10.062
11.432	12.826	10.701	12.477	10.600
7.201	11.332	11.377	10.736	10.976
4.551	12.531	9.306	11.921	11.438
14.627	11.305	11.278	9.766	12.082
13.287	10.772	11.664	12.181	12.237
14.276	11.311	10.662	12.507	12.474
18.809	10.637	10.838	11.796	11.880
1.557	11.769	10.242	10.132	10.818
6.968	8.995	10.784	10.827	11.311
4.688	12.138	11.527	10.270	9.766
18.562	12.189	11.849	11.199	10.610
18.621	11.829	10.681	11.298	9.759
10.323	10.670	10.582	9.806	12.580
10.325	9.234	9.858	11.416	10.834
8.712	10.396	10.992	11.831	11.199
8.252	10.886	10.203	11.768	10.344
7.294	12.176	13.532	10.908	11.330
15.834	10.719	10.535	8.877	10.722
7.463	10.063	9.789	9.672	13.106
9.537	11.082	10.008	11.284	9.786
8.133	11.571	10.740	10.597	10.154
13.222	10.172	11.462	12.145	11.089
19.470	11.917	10.877	10.937	11.402
16.366	10.287	12.001	10.635	12.752
10.741	11.143	11.311	12.093	10.851
12.328	10.105	11.073	9.368	10.660
11.008	9.583	12.884	12.440	11.314
15.214	8.857	11.417	11.558	10.749
13.128	11.166	10.726	9.923	11.009
14.760	11.129	11.121	10.241	12.886
11.536	11.427	9.825	11.286	10.415
8.849	13.653	11.883	11.381	10.359
2.214	11.572	11.102	10.086	9.712
0.901	10.436	11.583	10.622	11.423
2.294	12.062	11.393	9.611	10.053
16.684	11.481	9.173	11.672	10.212
18.518	9.464	11.478	11.898	11.012
15.494	10.610	11.091	11.558	10.235
