14.578	8.765	3.512	7.733	0.312	2.114	14.250	0.152	4.119	0.187
12.268	9.619	2.903	2.267	0.491	1.251	7.330	4.478	4.345	2.865
11.214	6.974	3.928	16.615	0.668	3.289	13.168	6.117	4.911	-0.883
13.651	8.792	0.494	12.539	-0.467	4.054	19.467	1.755	3.520	0.265
19.031	1.346	4.577	9.120	0.680	2.356	1.079	6.574	3.762	0.564
1.500	9.992	3.219	2.855	0.859	0.725	1.109	5.738	4.692	0.694
12.029	0.667	0.395	5.996	0.073	3.299	9.929	0.372	3.314	0.237
8.494	4.551	4.735	13.843	1.354	3.760	9.421	3.264	3.045	1.645
8.369	7.613	0.795	9.631	1.629	2.895	0.703	1.557	1.822	-0.693
7.879	8.893	3.106	17.975	-1.778	0.809	4.787	1.743	2.940	0.320
7.128	2.072	1.961	1.032	-1.314	1.016	2.232	8.382	2.321	-0.202
18.687	4.216	1.720	16.748	0.883	4.979	16.446	8.068	4.872	0.700
4.418	7.531	4.822	5.164	0.134	3.452	4.361	1.497	3.519	1.829
14.508	9.771	0.970	16.512	0.380	3.980	2.360	2.028	0.588	-0.780
7.292	5.087	3.179	18.210	0.155	2.707	19.984	7.988	4.866	-1.654
17.588	8.103	3.197	18.409	0.564	2.182	2.624	2.321	0.552	1.278
18.692	0.661	2.860	14.459	-0.567	2.475	2.702	5.277	4.377	0.085
11.262	5.608	2.375	3.624	0.261	2.399	5.349	0.775	1.461	-0.887
7.129	7.730	3.950	13.456	-2.379	3.306	13.416	7.308	1.428	0.056
6.706	7.849	1.833	14.299	-1.564	4.736	12.126	9.598	0.868	0.093
1.798	4.849	4.817	3.980	0.584	0.653	14.155	9.368	1.887	-0.535
2.395	2.500	4.603	0.947	-0.329	2.107	14.917	0.032	1.863	0.365
19.195	6.649	0.036	15.474	1.807	0.366	7.094	2.236	0.275	-0.044
6.666	5.196	2.963	0.601	-2.376	1.736	12.436	8.294	1.465	-1.535
13.244	0.571	4.592	16.996	0.190	4.035	6.392	9.997	3.091	0.606
5.539	6.401	2.876	9.234	3.951	2.090	17.168	1.144	4.882	7.344
4.211	6.517	3.741	17.015	3.366	4.597	8.673	4.755	1.860	10.465
6.147	0.584	0.548	12.143	4.192	0.014	2.563	8.301	0.808	6.821
3.605	1.191	3.824	8.163	4.067	1.647	11.378	4.763	4.050	7.779
5.154	7.349	0.933	11.347	5.134	0.710	11.789	1.233	0.855	11.017
5.431	6.770	0.903	3.625	7.615	0.773	1.731	9.567	2.309	12.468
5.283	6.893	0.493	16.291	4.230	2.414	14.946	3.833	3.556	16.812
4.338	3.619	2.397	7.868	3.902	0.060	11.041	6.353	2.102	14.090
4.104	9.816	4.385	16.827	4.571	2.616	8.803	7.478	2.912	4.467
4.725	5.464	1.707	6.494	6.219	3.133	9.583	0.330	3.306	3.445
4.791	1.976	3.421	9.638	3.402	4.607	8.219	4.024	1.806	12.890
6.305	5.848	4.051	14.085	5.783	4.167	0.976	1.504	1.126	10.155
5.850	9.278	3.921	2.456	4.158	0.584	13.084	9.062	3.245	17.243
6.513	2.235	0.253	8.710	4.859	1.945	10.718	4.464	0.128	3.917
4.916	6.262	3.057	3.030	4.687	1.298	15.589	2.921	2.949	17.023
6.289	5.584	0.496	18.605	6.094	3.208	4.650	0.082	2.884	16.918
7.264	1.461	3.718	13.913	6.837	0.579	4.717	9.370	4.306	8.240
5.763	4.705	3.193	19.557	5.743	1.942	10.985	7.980	0.007	13.059
4.425	6.827	4.021	6.908	6.006	2.812	3.191	8.352	1.279	14.379
4.967	4.402	1.735	5.595	6.556	2.089	14.683	8.762	2.570	16.291
6.222	3.785	4.821	12.131	3.280	4.866	3.028	8.556	3.471	1.288
5.525	6.951	1.406	9.197	5.583	0.888	10.513	7.245	1.794	18.753
5.028	2.224	1.153	15.069	4.692	1.247	14.674	3.481	3.490	10.429
6.556	1.237	0.583	4.864	3.997	1.877	7.440	1.069	2.591	6.409
4.956	6.068	3.411	19.819	3.108	1.958	9.978	7.142	0.786	6.916
4.494	0.037	1.737	18.242	2.079	0.709	4.081	-6.573	0.267	-7.278
5.062	9.027	2.796	4.851	9.827	4.578	14.982	-6.024	4.226	-6.037
0.537	2.372	0.297	13.825	3.413	0.726	6.359	-6.941	2.608	-6.182
0.917	6.234	4.006	12.389	4.355	1.005	17.848	-8.031	2.351	-6.902
2.537	0.966	4.100	11.347	9.459	3.062	4.473	-6.360	4.510	-8.217
13.110	1.991	0.026	17.759	2.595	3.824	19.564	-7.909	0.677	-7.468
2.279	0.457	4.260	5.569	1.304	2.468	4.959	-8.457	3.251	-7.479
14.877	1.288	3.073	18.227	2.063	0.472	19.301	-5.892	1.962	-8.581
10.547	1.581	4.134	14.449	2.690	4.342	3.166	-6.348	0.369	-5.985
19.175	4.971	2.570	8.692	9.900	0.979	11.937	-5.396	2.320	-7.481
13.831	3.193	1.743	6.212	9.558	0.072	18.774	-7.099	2.587	-4.852
3.384	7.274	4.600	8.367	8.778	1.133	7.294	-7.789	2.488	-7.416
15.309	9.250	4.157	12.676	2.468	1.550	16.501	-7.296	0.976	-4.934
0.036	2.823	3.115	6.516	8.330	3.336	10.350	-7.121	4.504	-6.249
6.853	2.505	0.393	10.372	0.543	1.667	16.981	-6.217	2.054	-6.066
0.357	0.014	4.671	13.431	7.985	0.925	4.824	-6.575	0.761	-7.110
14.653	8.965	1.494	10.641	4.046	2.655	17.404	-5.552	4.291	-6.293
6.022	7.605	4.380	7.697	1.791	1.781	1.956	-7.284	0.605	-6.801
17.910	2.652	3.378	12.130	3.616	0.942	2.734	-6.345	4.624	-7.013
6.707	0.083	1.687	12.814	9.444	0.260	3.030	-8.456	1.728	-7.212
13.815	9.582	4.819	16.861	4.569	3.914	1.684	-6.715	0.535	-6.951
1.993	9.277	4.279	13.165	6.826	2.347	3.591	-6.642	2.109	-7.586
8.536	5.372	2.333	9.102	8.044	2.209	6.962	-7.853	2.877	-6.895
9.539	7.419	1.126	19.914	2.369	1.311	0.630	-6.677	2.273	-6.257
17.813	7.870	1.338	11.556	7.535	2.278	8.267	-5.735	4.294	-7.335
6.979	10.560	11.499	9.340	8.211	2.048	19.291	9.626	3.397	8.725
13.498	10.219	9.477	10.496	3.390	5.000	17.231	3.581	4.828	5.184
13.122	9.910	11.659	5.714	6.357	4.649	9.864	6.194	0.454	2.946
8.930	10.788	11.590	19.735	4.879	0.658	2.020	1.383	4.542	10.879
19.769	10.984	10.598	2.114	5.174	4.567	5.946	3.005	4.704	8.512
18.946	11.624	10.833	8.422	4.432	0.500	17.511	7.060	3.131	17.483
6.564	11.228	11.505	18.803	0.373	0.651	16.571	4.327	1.773	17.948
15.746	11.693	11.509	15.301	9.875	0.013	6.470	3.488	4.343	9.131
19.348	10.675	9.968	11.695	3.199	2.120	17.059	4.365	3.308	2.719
10.431	11.251	9.529	0.636	1.086	0.399	14.483	7.216	4.149	12.477
0.570	10.687	10.363	17.148	3.578	4.836	3.327	8.336	1.927	15.068
0.854	10.594	9.105	14.235	3.987	3.638	16.513	3.994	1.962	17.344
7.094	11.302	9.285	10.516	0.195	3.797	3.790	2.475	3.609	4.558
4.815	10.253	13.588	18.179	7.450	2.907	6.414	5.243	2.862	19.053
6.457	11.073	10.500	2.705	2.948	3.551	15.636	9.971	2.981	10.373
18.168	10.753	10.983	8.069	3.081	0.360	8.768	6.771	1.768	16.575
3.362	10.604	10.650	18.573	2.343	3.097	13.275	6.376	0.479	12.586
1.185	10.601	9.828	14.053	8.596	2.724	15.491	6.458	2.329	3.983
0.766	11.523	9.460	16.369	2.874	4.053	10.709	3.402	1.274	14.697
4.139	10.713	12.393	15.216	0.255	2.836	8.501	0.032	2.559	13.803
17.592	11.457	10.390	1.445	6.016	1.229	14.318	7.984	1.912	7.130
2.528	11.387	10.402	2.721	1.033	2.787	15.797	4.048	4.622	14.011
9.433	8.297	11.991	5.550	2.100	3.612	6.826	9.062	3.741	14.912
18.685	10.394	10.540	14.929	7.626	1.800	9.278	4.888	3.078	14.937
5.432	13.298	10.531	4.857	2.685	3.478	1.930	1.864	2.667	12.723
