0.595197119	0.210051105	0.341075232	0.272154862	0.774566224
0.551669762	0.256166414	0.24733381	0.218608044	0.295786437
0.548592144	0.339844515	0.309860951	0.321589434	0.130094577
0.608027881	0.221232405	0.316796219	0.756167875	0.976314765
0.571863465	0.178592462	0.405282539	0.492466441	0.619704763
0.686823933	0.295328899	0.329139836	0.514778242	0.55722722
0.580973601	0.27951597	0.313830487	0.235703172	0.461545334
0.538418557	0.28777605	0.31243055	0.33772388	0.740492584
0.572161096	0.371336894	0.296309377	0.942245227	0.085555577
0.507086745	0.250282259	0.308297598	0.478672887	0.417644073
0.529605833	0.260023129	0.288437552	0.320806453	0.868301897
0.586077264	0.202841781	0.299950278	0.568779658	0.650512506
0.574561978	0.269791221	0.296012418	0.097932013	0.331700035
0.572120526	0.386162205	0.350339506	0.626957821	0.728662564
0.593687392	0.395179206	0.325825849	0.503360118	0.499361329
0.548636698	0.178459992	0.293082718	0.832869522	0.879839237
0.462205721	0.284822664	0.309523113	0.361269738	0.132252571
0.525429369	0.268252273	0.295169728	0.060320225	0.362966453
0.577337557	0.433576964	0.334647564	0.594449888	0.307509757
0.607821501	0.374070861	0.338749565	0.924040707	0.877227414
0.500202294	0.427673281	0.36234429	0.398337365	0.024419536
0.558131972	0.273576095	0.33637029	0.128301092	0.567698011
0.542360916	0.242833539	0.344968634	0.354163165	0.833816179
0.407498463	0.120712625	0.384298025	0.946296033	0.493864509
0.553093479	0.359802826	0.296263285	0.772006284	0.46008015
0.538400386	0.17874171	0.311749745	0.477355911	0.163737186
0.527354978	0.48643401	0.28189174	0.498578061	0.784957916
0.573010543	0.435557365	0.392478834	0.253008967	0.24041534
0.514953442	0.198048323	0.294724255	0.334767241	0.606510959
0.550352242	0.125701828	0.323814291	0.373140736	0.009129859
0.53421457	0.164598491	0.352573034	0.847556505	0.963396256
0.543979661	0.128985056	0.328592964	0.477051651	0.62212898
0.463462115	0.233433949	0.351183545	0.021443018	0.595065935
0.464403688	0.241176965	0.276911829	0.727734458	0.988763414
0.544676725	0.201513129	0.247486409	0.319185326	0.276618703
0.558351559	0.241837215	0.318278912	0.428183598	0.162962697
0.528752209	0.198384946	0.375058806	0.80399322	0.968682094
0.520262563	0.145632782	0.344386641	0.211312292	0.348359209
0.526590229	0.251466013	0.345393929	0.20754824	0.010220849
0.52810572	0.161909822	0.295866903	0.824366249	0.490677014
0.637620786	0.316157843	0.255290035	0.652254552	0.600933812
0.428505254	0.252849301	0.344760171	0.118147108	0.30004504
0.600307929	0.382053079	0.355539398	0.957754644	0.294704901
0.532819099	0.266691544	0.353175845	0.737906856	0.056941627
0.60846699	0.170090772	0.281475524	0.007729295	0.109580511
0.583582408	0.184725146	0.340782288	0.260903437	0.626214459
0.627834161	0.298000488	0.347718147	0.284509073	0.493240729
0.616466238	0.347962318	0.337809523	0.556636449	0.837768455
0.524935131	0.205990693	0.277364368	0.479510345	0.248519811
0.580470391	0.307826448	0.37125072	0.655741832	0.710069395
0.671869516	0.113883197	0.344355748	0.60403781	0.085438665
0.488440737	0.295117513	0.331408047	0.366925556	0.806980882
0.658839717	0.284036363	0.384599893	0.992999406	0.4575975
0.566916087	0.270115313	0.278646654	0.279814559	0.01884089
0.558855017	0.117005396	0.352720537	0.387669151	0.55933172
0.634198801	0.277038696	0.312410187	0.158557241	0.631480593
0.501609749	0.283326377	0.321422784	0.264643233	0.485985565
0.500980477	0.26911217	0.377613717	0.77851373	0.89648555
0.574935903	0.287119162	0.282171634	0.411193713	0.78433965
0.577275985	0.10745486	0.31009137	0.156469071	0.29564742
0.572334938	0.273207806	0.326793175	0.539143378	0.054220699
0.534633151	0.230878181	0.358442627	0.253576368	0.604449878
0.65212911	0.226651966	0.289858576	0.067472745	0.684884439
0.679434573	0.321509516	0.288449409	0.969496143	0.972910238
0.62177715	0.272964679	0.314387624	0.880826116	0.632763344
0.629524416	0.301337015	0.271333325	0.177348023	0.945082582
0.542160878	0.254621124	0.324439985	0.372907099	0.836621026
0.533897511	0.300429624	0.304758816	0.607761403	0.35833512
0.53577545	0.227762959	0.322265799	0.983125805	0.818384476
0.605620892	0.378441145	0.338353321	0.294026623	0.061029837
0.560518627	0.255536337	0.395667803	0.586037518	0.595766402
0.636260506	0.155150126	0.294445641	0.9761195	0.746044955
0.583538412	0.32130068	0.298990364	0.755544382	0.984886943
0.597722569	0.182081404	0.378724638	0.347784404	0.477314246
0.485404665	0.099095563	0.370238184	0.832906447	0.727768848
0.626583537	0.242217297	0.301250832	0.744094646	0.92472749
0.621877101	0.380819166	0.319110304	0.081169971	0.967711169
0.611888232	0.22427479	0.340407589	0.827914306	0.69796941
0.5734515	0.178383231	0.365786001	0.550166866	0.923473348
0.64231041	0.190447345	0.368281605	0.040157695	0.729026162
0.529201466	0.248985214	0.308505158	0.027217938	0.176115434
0.647249827	0.247065223	0.28460027	0.861971165	0.792569902
0.520708963	0.070400467	0.344526563	0.783990454	0.107004414
0.56032251	0.206512634	0.301713464	0.985971469	0.538253661
0.571830155	0.141278228	0.31503689	0.994553238	0.393995331
0.600495926	0.292262973	0.333079311	0.700892132	0.098402692
0.645938517	0.283591465	0.317772252	0.521110961	0.563661606
0.662435776	0.376711329	0.32841502	0.872614437	0.417781304
0.573553172	0.259455383	0.328552137	0.356466617	0.514139539
0.51474423	0.377010383	0.350582825	0.218465864	0.642281512
0.509155915	0.359520845	0.295969204	0.702592058	0.218011504
0.541513695	0.273935486	0.273267266	0.525636113	0.571485617
0.579172157	0.42467995	0.313058248	0.735232313	0.969409097
0.636775966	0.218765613	0.31268987	0.223716887	0.054263712
0.710172094	0.228496456	0.322832513	0.071726623	0.811936256
0.586704645	0.113989262	0.28546181	0.011976699	0.836022464
0.488869858	0.135517979	0.317554278	0.23583026	0.199678668
0.524483484	0.328422364	0.300882323	0.439548423	0.889855911
0.48478426	0.240249808	0.372298717	0.667824101	0.439460982
0.526177758	0.216940682	0.336275993	0.39477429	0.71730126
0.527163813	0.254853349	0.289974255	0.622961601	0.857888415
0.614195772	0.326334943	0.342332252	0.947698939	0.882036074
0.592219903	0.243215815	0.297183054	0.033673622	0.665465288
0.676750399	0.285522707	0.315649225	0.142558176	0.39977499
0.625057451	0.140236587	0.303583524	0.709828287	0.158962311
0.523940216	0.172668285	0.286673373	0.914850174	0.900710298
0.555135242	0.388736186	0.370545203	0.155495059	0.571464955
0.68191443	0.310075402	0.331830571	0.599820784	0.163383975
0.598199522	0.319956166	0.294749116	0.61287187	0.555403151
0.596487062	0.182212593	0.291295408	0.920092014	0.496711359
0.541753251	0.224842216	0.302899107	0.995900058	0.685622829
0.48038215	0.301067673	0.329574958	0.392156191	0.746481913
0.583211685	0.252178514	0.299465596	0.309076747	0.687683681
0.568073216	0.207312856	0.32764333	0.293363033	0.032337639
0.487184601	0.372939553	0.350925827	0.371802915	0.270475097
0.652088198	0.071343275	0.287586391	0.283191035	0.982202572
0.607656126	0.192555436	0.321143936	0.44834307	0.396832045
0.585064948	0.326270705	0.380019044	0.544996065	0.383077186
0.672409803	0.333801207	0.374295258	0.526441795	0.018593984
0.617963347	0.296355276	0.3518852	0.87927714	0.770650559
0.501082921	0.171361786	0.397730219	0.049479369	0.446634669
0.614951069	0.173392603	0.344734038	0.355310674	0.137791657
0.680469538	0.433383039	0.332082453	0.624795571	0.353970518
0.498915124	0.244224564	0.326489599	0.80707025	0.740380245
0.517439397	0.322405273	0.280502863	0.34358862	0.865166103
0.56165387	0.157058099	0.326877208	0.067132059	0.585381994
0.577301117	0.357184813	0.366262579	0.679237329	0.432418178
0.636101977	0.221796287	0.305784692	0.187486436	0.956527219
0.540385547	0.285499765	0.295760207	0.498701568	0.644546881
0.584643672	0.324951425	0.346287271	0.127798761	0.767947311
0.575210101	0.271090665	0.338887731	0.247574312	0.45623078
0.464594136	0.289245518	0.360761786	0.565537324	0.060990989
0.517235545	0.276865543	0.394356393	0.895055159	0.884977835
0.571611452	0.225029919	0.328857096	0.238459397	0.120116822
0.625158016	0.255692905	0.339569644	0.957765661	0.968238651
0.579746985	0.190481549	0.304977537	0.999069203	0.471624975
0.555368915	0.282753642	0.289814317	0.310235497	0.896786109
0.552828568	0.139601892	0.336486736	0.151547338	0.702541392
0.525450655	0	0.347618285	0.330759076	0.401954643
0.608765521	0.231749962	0.30239983	0.570855419	0.11624078
0.553389573	0.29113121	0.359370128	0.532839315	0.762716091
0.530636301	0.349767619	0.253293447	0.947923645	0.137757041
0.542910191	0.195436498	0.305020549	0.422100844	0.887733403
0.579494735	0.242832842	0.288547114	0.663432029	0.079425071
0.450408849	0.377630453	0.337320092	0.394717996	0.491322352
0.565882018	0.080691838	0.336205033	0.783614933	0.541497846
0.546880264	0.315912372	0.356737659	0.197274005	0.370862209
0.491240863	0.349621079	0.336611508	0.886664752	0.620741137
0.562731372	0.215737847	0.332128601	0.302450222	0.194914166
0.680081135	0.330975685	0.367811952	0.784201514	0.672734478
0.590623646	0.205410047	0.314764898	0.237249472	0.985003579
0.599997274	0.262019745	0.316926001	0.729745236	0.41995915
0.595625337	0.220503946	0.302944245	0.780263348	0.076481997
0.50575234	0.195781307	0.3172073	0.160798935	0.553273727
0.553264758	0.199092536	0.32543123	0.28950683	0.04355095
0.524515441	0.194134138	0.328264406	0.332510663	0.593130471
0.55947456	0.178589014	0.347302348	0.236974575	0.513740538
0.576900706	0.328545411	0.266119524	0.378474148	0.278923328
0.569836878	0.311519561	0.305676804	0.498017329	0.564199949
0.501601298	0.288640156	0.369284625	0.891346993	0.457346314
0.50220015	0.209621589	0.334230451	0.458206163	0.08261208
0.60175069	0.165339007	0.328848664	0.237032972	0.831843809
0.490761512	0.41295587	0.321634742	0.813013209	0.021237826
0.488215146	0.20447866	0.339762798	0.260465045	0.318465095
0.524587306	0.395053278	0.299002796	0.624117126	0.108410815
0.548167597	0.255915255	0.332908506	0.882608274	0.817497279
0.479538502	0.213049828	0.241354886	0.441518642	0.041346339
0.558841984	0.292956554	0.354568219	0.954261707	0.02784504
0.485316409	0.239851673	0.293100089	0.664638268	0.155195534
0.570976234	0.3617265	0.3563957	0.13980446	0.407691242
0.467802181	0.257627698	0.284414838	0.644817496	0.748551487
0.56466582	0.14603913	0.323490338	0.806478942	0.41303382
0.572517174	0.267728974	0.263396637	0.916408783	0.627331173
0.607358433	0.114592589	0.317082463	0.11739123	0.927833133
0.430773863	0.176880461	0.360320874	0.138500568	0.604477607
0.598495526	0.288306814	0.314676083	0.595742051	0.142468925
0.554227162	0.200843305	0.317675505	0.967207798	0.370451942
0.437024688	0.344099188	0.32785753	0.466572348	0.16152002
0.485095892	0.156752715	0.322315036	0.33732881	0.172794723
0.546478708	0.219053523	0.331350122	0.270110006	0.499827914
0.611379082	0.274678994	0.337682672	0.517700442	0.489124184
0.616846073	0.304053781	0.30349551	0.700381421	0.667641142
0.653192091	0.358481687	0.339245275	0.047223531	0.590867053
0.577542198	0.167032468	0.286947647	0.296921849	0.602058625
0.581725266	0.277732379	0.313828831	0.389751521	0.239171378
0.534538564	0.334598669	0.279098525	0.684820606	0.529900875
0.6390867	0.22322229	0.274454107	0.613012992	0.75455554
0.487531847	0.162584216	0.300161064	0.220086155	0.799990311
0.56569967	0.223231519	0.320465991	0.329682335	0.664008225
0.471875984	0.335649349	0.368600817	0.190038412	0.66715735
0.487581858	0.225405179	0.33208063	0.898654016	0.36951506
0.535080465	0.16887159	0.325921213	0.95698063	0.442118957
0.519947676	0.242215172	0.330074593	0.966380054	0.612999555
0.542377604	0.26697606	0.23030053	0.213593045	0.194077427
0.654245092	0.232298675	0.318541018	0.236507997	0.229246897
0.524511057	0.389732865	0.285150027	0.923931755	0.202037385
0.594786	0.378726432	0.341772953	0.666171701	0.335842038
0.492917488	0.177483119	0.339923135	0.238463369	0.738781819
0.533621045	0.489829544	0.324959002	0.497775532	0.146439309
0.61589725	0.278659265	0.356537461	0.828253881	0.453525835
0.614408819	0.26209984	0.298610214	0.392422901	0.017259291
0.536321942	0.348491509	0.346215788	0.9409065	0.284736531
0.605612006	0.098046085	0.310422029	0.754709482	0.994565016
0.659418628	0.424520204	0.336978477	0.049765546	0.486806142
0.497982613	0.182624271	0.324677954	0.195100495	0.463118365
0.641656793	0.186786188	0.329742331	0.895331445	0.126974501
0.511151708	0.29709749	0.328947221	0.562469045	0.97348581
0.503854834	0.21202396	0.271758146	0.66827727	0.777040612
0.56433951	0.28725381	0.242190457	0.860275696	0.143176024
0.543441677	0.300282745	0.317238971	0.105620889	0.359137693
0.475880035	0.175613759	0.302066353	0.269955107	0.062539749
0.53296893	0.201067997	0.321824605	0.797262166	0.581929078
0.544022917	0.217829933	0.352269935	0.992812625	0.250263892
0.605577758	0.18377448	0.322385005	0.27123788	0.327413196
0.494043218	0.241796881	0.352181137	0.608743545	0.387380367
0.573205042	0.160266109	0.329659912	0.470075142	0.705373446
0.567910921	0.33198635	0.382012109	0.986512284	0.058859422
0.53535585	0.092343576	0.308476122	0.685981304	0.801245409
0.64746434	0.189479541	0.335395763	0.966949912	0.152588896
0.623932551	0.266724734	0.296525447	0.605041433	0.321138061
0.695763195	0.257796027	0.31273697	0.879303865	0.824376844
0.540616852	0.227849602	0.220365367	0.198938831	0.976826622
0.552561111	0.260882783	0.339282955	0.561032402	0.507597284
0.495429834	0.298597658	0.219033711	0.572645501	0.128144223
0.605892331	0.276989567	0.288462277	0.732853173	0.168038161
0.508425444	0.377048221	0.350940787	0.024591417	0.961568078
0.62510946	0.227081334	0.30462344	0.168685428	0.536811184
0.563280287	0.30001808	0.281598875	0.072375278	0.433831501
0.545271104	0.284684204	0.280504188	0.51595962	0.468515346
0.565606864	0.248594475	0.297038321	0.640143746	0.886277416
0.591140668	0.181927186	0.279427187	0.612367113	0.461007251
0.655240516	0.307302056	0.36048911	0.65661605	0.955043639
0.67006877	0.308639519	0.323491615	0.862067566	0.305432284
0.559634282	0.215531474	0.373316517	0.647232883	0.309073106
0.539390743	0.261088283	0.293274763	0.287737699	0.593845605
0.598270764	0.187081836	0.310725516	0.792387227	0.435666687
0.565660996	0.420990247	0.229283037	0.014143643	0.499005594
0.61720365	0.337782408	0.406360627	0.010957944	0.436640557
0.607038507	0.225961916	0.332818104	0.025653394	0.928686608
0.595197031	0.163484797	0.346715375	0.481436055	0.736066362
0.611394123	0.183762624	0.343269229	0.44984884	0.026163126
0.517038313	0.290505576	0.309411572	0.395385339	0.929705532
0.56720019	0.188642461	0.290085357	0.490123962	0.55259863
0.676084743	0.183749547	0.246132775	0.63708747	0.904804515
0.556768655	0.33580641	0.332868669	0.08736372	0.910964922
0.569582157	0.328674333	0.338892552	0.610202391	0.594474813
0.471408751	0.263854678	0.333547403	0.937269327	0.797692124
0.524868939	0.106484305	0.326613133	0.423637255	0.564245572
0.588980513	0.233368939	0.354086262	0.640194636	0.394731417
0.533254493	0.286754016	0.350909343	0.775960263	0.255953821
0.501463925	0.282167551	0.336168849	0.70543929	0.02170263
0.585292192	0.17217485	0.350687214	0.946343501	0.721280582
0.591922993	0.201001187	0.331464417	0.366083549	0.898479627
0.529477007	0.201985832	0.329486248	0.188196723	0.185586603
0.536358007	0.298491254	0.376699575	0.794256694	0.209883538
0.5643337	0.262297891	0.351966518	0.854079895	0.553443516
0.531104114	0.238700411	0.339068615	0.117359846	0.815990323
0.55410935	0.296475894	0.388953997	0.096168286	0.886764532
0.584084556	0.314414068	0.37913215	0.735218106	0.903787929
0.484509386	0.231873661	0.30907171	0.242462111	0.986624561
0.482987255	0.281679105	0.337520561	0.56268118	0.594436785
0.532476416	0.314147965	0.329570659	0.09449715	0.335763989
0.557341068	0.309743417	0.317498842	0.212809555	0.579743825
0.614276737	0.341144424	0.277375786	0.189986937	0.146820812
0.59552567	0.313239295	0.314755919	0.766906192	0.10708097
0.585952262	0.342805393	0.317065123	0.362028557	0.686483248
0.542586226	0.315953512	0.300892064	0.139269982	0.615029418
0.540418099	0.191582594	0.333829653	0.119311181	0.137034376
0.488968736	0.132445248	0.350418899	0.328078682	0.516156538
0.601854163	0.333077057	0.361744945	0.558206538	0.448721726
0.596280014	0.206816517	0.394890589	0.634868347	0.146523073
0.586701677	0.308669006	0.356339713	0.207575856	0.936264826
0.537222816	0.265892546	0.316909129	0.983185318	0.984596112
0.446106706	0.219454617	0.341000263	0.228659003	0.008136615
0.564230984	0.301671879	0.356404676	0.705860113	0.551875855
0.582877527	0.428467814	0.355709104	0.417057992	0.76457053
0.567231783	0.225815791	0.355026586	0.736435434	0.376450422
0.584130283	0.22250727	0.364893646	0.831035968	0.051086754
0.543882241	0.289002499	0.357290256	0.808661999	0.484634166
0.564192969	0.057067162	0.297155056	0.063620444	0.692830195
0.525629974	0.293921005	0.352677376	0.733013858	0.135178731
0.581186997	0.209661454	0.313244538	0.133961708	0.074844778
0.502035471	0.290951662	0.302300663	0.115616541	0.617753614
0.499254028	0.308032302	0.297060585	0.431218834	0.191160191
0.566937594	0.169361842	0.363674933	0.283726472	0.300465067
0.582508039	0.248718609	0.296379449	0.143526319	0.507005436
0.59398277	0.291594549	0.313356786	0.205066122	0.740078516
0.556440104	0.23985801	0.264897915	0.16341608	0.169003382
0.630294491	0.244925558	0.289247299	0.140421417	0.879154183
0.61644836	0.280867128	0.390689529	0.633890303	0.194362306
0.511724746	0.188611452	0.298199883	0.950998389	0.569623497
0.475329038	0.243730172	0.292183865	0.344096707	0.932451845
0.592083586	0.358954148	0.332308215	0.822545799	0.009999073
0.574505872	0.315199216	0.354042139	0.007859798	0.56762754
0.614487791	0.232292305	0.291132382	0.627145538	0.965438939
0.562238196	0.222422783	0.312702465	0.164720286	0.935243442
0.513681695	0.268968778	0.330129809	0.403948638	0.747518223
0.617292647	0.398275825	0.360210125	0.152623977	0.029789085
0.505122019	0.278844906	0.307534452	0.522649585	0.083419643
0.50092054	0.124983597	0.253650612	0.693554074	0.95206039
0.549929355	0.312780977	0.338427236	0.486343145	0.069040309
0.484821762	0.403580216	0.329477678	0.272165991	0.70012713
0.570330385	0.222992676	0.356380432	0.406475281	0.724710772
0.587289722	0.218241099	0.269586773	0.122934117	0.849948686
0.584227498	0.143623182	0.273785174	0.928501545	0.705815659
0.663866215	0.181626591	0.311822704	0.729854471	0.439723747
0.651932102	0.319508802	0.374872026	0.681735588	0.992712199
0.554876498	0.256652589	0.274184187	0.667238738	0.48650974
0.501713468	0.248686663	0.389297349	0.262253002	0.302779421
0.606705879	0.117909004	0.318426134	0.063130391	0.658085614
0.470865245	0.167325501	0.303481654	0.166798159	0.034831971
0.494644456	0.153210499	0.331768211	0.109149415	0.641892167
0.49300609	0.291294286	0.350817492	0.548585947	0.942864299
0.491660586	0.236190767	0.324408361	0.034164937	0.266966456
0.58335025	0.328624268	0.394057694	0.45329195	0.256825505
0.535172817	0.271608874	0.387297317	0.260898023	0.354643652
0.566353693	0.343788176	0.324472627	0.86570877	0.976564054
0.518447967	0.206029692	0.335211222	0.115196659	0.239786948
0.529896091	0.29453024	0.306177112	0.680593714	0.66365053
0.507687057	0.304670007	0.392109919	0.234599742	0.033938103
0.52801347	0.258748202	0.342133907	0.433738536	0.018539038
0.621605346	0.382380337	0.346208023	0.220362046	0.252231393
0.572384107	0.09319336	0.34090709	0.628539949	0.172661318
0.567094908	0.292120279	0.301127614	0.019725919	0.558644222
0.616792311	0.293129035	0.294029293	0.274655407	0.847611776
0.520690447	0.159255736	0.344045058	0.56389777	0.796168672
0.520817999	0.368846126	0.359400385	0.452653937	0.162129042
0.482858397	0.124673712	0.253791887	0.363576788	0.476013461
0.674487793	0.243366966	0.334202151	0.210208533	0.97663076
0.464915896	0.21680322	0.320030805	0.420907254	0.05406385
0.56676441	0.020989642	0.340018316	0.094164868	0.143732519
0.514890549	0.149887317	0.312994694	0.47804321	0.351249302
0.556052261	0.281976403	0.307644269	0.244747325	0.908860879
0.911783105	0.702957522	0.734321445	0.071781975	0.508205934
0.854399119	0.669860816	0.910511649	0.67359995	0.626000223
0.809132978	0.71335153	0.504128208	0.073652481	0.435587738
0.842443817	0.679731388	0.888048019	0.590413042	0.561340953
0.851689714	0.726826834	0.57087324	0.214527897	0.617847404
0.87117505	0.6384825	0.871527133	0.86961088	0.559284068
0.675776897	0.510328789	0.414786608	0.796615808	0.486739968
0.793311243	0.560997759	0.407809553	0.473873663	0.300722073
0.892451776	0.599319777	0.92143081	0.053425864	0.409353617
0.721869288	0.670625012	0.727278837	0.136345161	0.497893119
0.884893289	0.679226278	0.815734679	0.504925817	0.419163284
0.836490349	0.70710049	0.453366524	0.888663205	0.479192657
0.906383468	0.641151727	0.662958664	0.724282809	0.572706233
0.822986578	0.519450194	0.546164162	0.398666131	0.541869829
0.859897866	0.66004405	0.484911311	0.590384733	0.627266766
0.870430399	0.512590637	0.873168534	0.512831389	0.515815318
0.90031161	0.672478759	0.845349645	0.720224167	0.403552496
0.934036682	0.607080188	0.873604574	0.776371515	0.667915682
0.851654512	0.716522357	0.439176009	0.787004237	0.502603545
0.85136018	0.663361093	0.490227835	0.769896037	0.553128366
0.88315591	0.718361343	0.681811977	0.292823249	0.572927706
0.764517616	0.704904467	0.852797968	0.729804154	0.484137323
0.907402485	0.612273565	0.767357829	0.72920554	0.443667658
0.899987996	0.698540157	0.608346461	0.492636175	0.568268846
0.90034903	0.585105149	0.730570779	0.189847893	0.286210047
0.881667673	0.659615047	0.954069207	0.542292823	0.388350901
0.784509313	0.828846905	0.45072614	0.910179459	0.522250227
0.89008695	0.574267565	0.420259621	0.462822379	0.489817756
0.899153644	0.633402877	0.548188523	0.483045427	0.471247668
0.928034381	0.615264112	0.913226462	0.356594498	0.53955358
0.884248705	0.645326075	0.579164496	0.153859182	0.666045843
0.87201389	0.604736526	0.975321809	0.776261479	0.541076672
0.839025563	0.659510095	0.573164484	0.845560306	0.467463593
0.878693491	0.569139903	0.97265097	0.493690414	0.506263669
0.871521145	0.668884907	0.596791138	0.919917075	0.474936419
0.94352491	0.546389833	0.49741664	0.393064721	0.462787693
0.826254906	0.565912073	0.343607192	0.579207317	0.504299674
0.913648245	0.629020575	0.926641848	0.261614553	0.153090705
0.838978429	0.558649867	0.725237217	0.768580986	0.5880347
0.912816943	0.650932825	0.606867195	0.479342491	0.460238836
0.762026078	0.724541732	0.989946226	0.011559225	0.60284218
0.834555614	0.511553666	0.806587812	0.120661233	0.611227301
0.95831741	0.781025739	0.780690186	0.15027403	0.488122032
0.994088352	0.6161337	0.637275296	0.34653746	0.54374184
0.849460334	0.786936835	0.754978587	0.509380275	0.581837098
0.781904535	0.628823123	0.531086099	0.781491173	0.420492584
0.88256289	0.673397947	0.924039698	0.693656377	0.38429445
0.791064074	0.571299165	0.421040602	0.17516504	0.490586784
0.892527399	0.681592031	0.518400799	0.747804773	0.600524532
0.810046798	0.61893256	0.716433011	0.407157493	0.604649182
0.880970449	0.699152852	0.571723185	0.786414383	0.560454864
0.82664665	0.482499792	0.477632599	0.44147608	0.543702395
0.87051583	0.704093531	0.466091665	0.313701216	0.414278532
0.917034629	0.729366725	0.643990051	0.255869534	0.472741376
0.89258148	0.733713246	0.425332086	0.738475462	0.661514154
0.934442507	0.565018587	0.43395138	0.137620567	0.462258666
0.843428395	0.625716494	0.719028326	0.62098411	0.707991962
0.861266945	0.532036254	0.885425943	0.114953022	0.427274069
0.84151697	0.811084788	0.417244587	0.844406902	0.742732259
0.803143491	0.630347232	0.418389347	0.70579415	0.480784085
0.918386969	0.675128068	0.875703908	0.015359629	0.383897964
0.705417009	0.535947395	0.682756487	0.555402808	0.598547564
0.817532102	0.59733487	0.619990071	0.275913267	0.386913583
0.893430432	0.603325082	0.372241076	0.95510176	0.478506763
0.840259615	0.633136638	0.600779883	0.195339457	0.700432655
1	0.711498688	0.424801722	0.705338978	0.702143051
0.831864541	0.635877181	0.59042479	0.639947345	0.42449083
0.868033875	0.725441497	0.481462456	0.318414964	0.487523716
0.81810959	0.686444079	0.466348058	0.839440116	0.433754445
0.900782647	0.742277374	0.91835272	0.406740251	0.341071457
0.843095581	0.69624662	0.548950023	0.892445314	0.610238018
0.88666567	0.607141898	0.696999987	0.845731696	0.689910822
0.882526979	0.555650224	0.924982483	0.414707208	0.44357978
0.744867675	0.599046199	0.665638872	0.274467623	0.708132338
0.856492541	0.653151844	0.742703524	0.121007877	0.566474836
0.884142405	0.604125621	0.832370803	0.984187675	0.489656744
0.760058421	0.575484561	0.847752671	0.486986339	0.440542586
0.986606397	0.619246777	0.931457403	0.186689348	0.601638487
0.867380394	0.63033747	0.584202893	0.226668065	0.487218001
0.816145259	0.767959852	0.681733676	0.682132907	0.532024303
0.817386324	0.65900183	0.582394368	0.58199646	0.604771444
0.786162713	0.750618857	0.809927422	0.488620288	0.552765832
0.856683865	0.606392285	0.755624101	0.831271983	0.446975106
0.876715359	0.584298093	0.965424285	0.336953036	0.534397958
0.940550216	0.572062176	0.796725328	0.474189784	0.278878577
0.890900843	0.611468647	0.676929458	0.973302829	0.297920007
0.786662313	0.660620802	0.460255845	0.38693034	0.476922185
0.891143333	0.642458145	0.796161423	1	0.460456578
0.917889345	0.57099313	0.479172879	0.147966971	0.542190375
0.84074138	0.66432827	0.449616012	0.125550407	0.465696199
0.950565673	0.58304646	0.463225105	0.432732675	0.557063098
0.782041153	0.782936033	0.336967809	0.612174325	0.555784869
0.886632764	0.704401169	0.967239694	0.351975567	0.491508242
0.83945453	0.601577949	0.649121724	0.042751599	0.451379872
0.792664217	0.654755519	0.994609446	0.496035684	0.503245925
0.766791448	0.665482791	0.629359176	0.685504932	0.470961071
0.811668096	0.631220916	0.331505152	0.933700781	0.506735212
0.863126225	0.742906286	0.428857459	0.893629561	0.617315617
0.799078935	0.569570443	0.504118791	0.235775138	0.681204099
0.815815141	0.585242835	0.896418269	0.702272923	0.528459417
0.845025497	0.565997438	0.428886493	0.785884681	0.548961241
0.831096057	0.572840866	0.624350354	0.208538753	0.425397409
0.900041668	0.562807917	0.627339903	0.18121253	0.618695533
0.750891844	0.490985649	0.711605272	0.954870156	0.519274241
0.86568395	0.631736267	0.815532459	0.269550421	0.435717006
0.749208578	0.685006493	0.56497942	0.453071117	0.494030059
0.863408055	0.608111425	0.699336322	0.075290903	0.454582631
0.924749084	0.601171732	0.85144739	0.903759246	0.498297889
0.8062677	0.660678132	0.798444858	0.521685118	0.449290661
0.869628509	0.734897675	0.834028617	0.37806518	0.219676394
0.848244101	0.57116101	0.81691904	0.170542192	0.418616116
0.885761638	0.644829146	0.579920318	0.907150695	0.45725655
0.932464055	0.645327914	0.399133116	0.295032138	0.446640168
0.842752056	0.58753438	0.823823025	0.5913025	0.474786372
0.869515436	0.696476437	0.402485838	0.837873499	0.496652699
0.859470228	0.597135852	0.871678612	0.178972496	0.396644464
0.906311118	0.704887417	0.44558126	0.817317775	0.630454159
0.767097368	0.430270468	0.815804092	0.202541203	0.456355421
0.765595291	0.578191568	0.479312687	0.596649555	0.559673803
0.965212408	0.626155913	0.634294885	0.496344891	0.489520791
0.8339626	0.698353385	0.674519627	0.305313494	0.630718329
0.878584801	0.591209798	0.763464817	0.619474176	0.571748572
0.961159012	0.496907434	0.855536832	0.806124694	0.413203397
0.834242469	0.641044607	0.834510188	0.709927373	0.595838288
0.830582721	0.706343806	0.399878947	0.935540552	0.536991481
0.988021481	0.563982862	0.663030559	0.635946799	0.507219091
0.807354021	0.563281428	0.863962652	0.61849432	0.501119378
0.972093991	0.704713882	0.388066842	0.964899083	0.384474773
0.779075445	0.560270234	0.999410282	0.717471923	0.55910413
0.905495501	0.556742761	0.743173491	0.897716601	0.377617468
0.832051806	0.551965475	0.724349218	0.495424853	0.467929623
0.840229065	0.538987117	0.81129551	0.66819053	0.444231491
0.855972949	0.652439612	0.906306348	0.410486226	0.553313296
0.856530278	0.674272464	0.522806726	0.617753474	0.407433348
0.811459127	0.511569856	0.694349751	0.567716805	0.643528083
0.895327265	0.580249724	0.776865134	0.728513056	0.373154649
0.948429007	0.565867941	0.46895744	0.299707817	0.522876805
0.882859757	0.685031143	0.571923711	0.417558254	0.608954172
0.923707382	0.514181677	0.347004335	0.346252372	0.438673046
0.870499828	0.767592981	0.88035799	0.866329319	0.541028856
0.886129434	0.757638698	0.980129431	0.139936884	0.529786685
0.812064395	0.56971378	0.74106208	0.422925545	0.461673758
0.788485714	0.64341391	0.341623286	0.340699697	0.437064152
0.87313983	0.678382476	0.676653116	0.614172818	0.639462638
0.933628211	0.533011964	0.754386077	0.484689149	0.62410497
0.801878941	0.602745085	0.375949928	0.511658496	0.53151434
0.842069745	0.596541023	0.344573212	0.347766115	0.469617028
0.816088375	0.622304467	0.789165978	0.714814344	0.531204805
0.790079317	0.642882697	0.577692993	0.856500682	0.590826138
0.873205424	0.77165659	0.987870343	0.207652728	0.51074132
0.802594665	0.567226261	0.37929586	0.597994259	0.492564303
0.829053445	0.715525399	0.814169966	0.034002796	0.645349639
0.911052722	0.614344174	0.750925293	0.23801512	0.385806421
0.789373082	0.465939243	0.704609627	0.317024054	0.347573828
0.874582104	0.755901984	0.862218802	0.988658064	0.598524927
0.772448992	0.65154176	0.549698135	0.217820583	0.382381948
0.842199114	0.706625052	0.85290903	0.284941832	0.482112333
0.882756488	0.806646175	0.726629836	0.816076514	0.476647422
0.912169246	0.57083861	0.699030557	0.403933391	0.383937596
0.861081611	0.787340102	0.459557082	0.464654163	0.423262719
0.799121274	0.545150631	0.631016128	0.205597367	0.354876296
0.816044571	0.525172667	0.543152852	0.973950032	0.500224486
0.773257972	0.505882986	0.975278382	0.584039535	0.723669027
0.87770563	0.802419136	0.747787563	0.725322837	0.508805062
0.946597923	0.59511472	0.409972962	0.78891443	0.695789509
0.846166066	0.537697419	0.995652643	0.409711193	0.29121753
0.841816018	0.690161041	0.699647243	0.292774295	0.406693279
0.867017128	0.506371595	0.327736865	0.51862903	0.432471956
0.878613702	0.69624605	0.919861753	0.438060935	0.595372286
0.930448506	0.632740752	0.975948258	0.338346942	0.630379229
0.753804905	0.471155254	0.424838742	0.338938808	0.580790973
0.805282801	0.647470022	0.695523874	0.444116606	0.425604485
0.829817142	0.57693888	0.835158789	0.12393119	0.601635973
0.820241881	0.613028332	0.508285378	0.953523798	0.414191833
0.997931532	0.65607698	0.892435323	0.018079889	0.537646167
0.806373983	0.577236777	0.791236588	0.351370206	0.498768386
0.845066485	0.593956333	0.685641133	0.839801503	0.384915315
0.887130959	0.544652008	0.507791704	0.980941975	0.391824398
0.974564611	0.600200229	0.9234691	0.654383444	0.221423383
0.788385337	0.564705695	0.942629769	0.013453196	0.611079164
0.851923726	0.691831524	0.470006198	0.934149676	0.649034813
0.822929942	0.564580485	0.543635302	0.634317754	0.555557584
0.816186894	0.64505047	0.84773153	0.169072264	0.515079801
0.854833881	0.67317242	0.664886533	0.299113877	0.545414748
0.838906836	0.634261965	0.446995487	0.039426441	0.310298334
0.726822064	0.695731728	0.38552251	0.5186468	0.533535781
0.908908138	0.619246408	0.387439451	0.108816998	0.686842426
0.87222542	0.614758201	0.682421935	0.021969765	0.485976469
0.887265213	0.702116768	0.434561898	0.298673654	0.489287492
0.830677336	0.511067271	0.818313044	0.681884714	0.620254103
0.876225251	0.603189212	0.779575823	0.812309715	0.509741706
0.789144091	0.669858814	0.624323569	0.320269531	0.45727283
0.854244521	0.602081419	0.442870043	0.314512225	0.492222659
0.74146047	0.611815184	0.34764654	0.742621721	0.4508976
0.885332475	0.660644686	0.69350129	0.656243135	0.493726597
0.930457663	0.658649442	0.565383688	0.103855112	0.42150203
0.853468262	0.571969792	0.922522587	0.433773633	0.56617931
0.945091814	0.79601782	0.758955271	0.940504812	0.435205537
0.910505397	0.673163919	0.832246122	0.139008698	0.504223825
0.858513798	0.767046429	1	0.94640789	0.524307318
0.834684037	0.769100501	0.902740724	0.118520005	0.545135793
0.825853821	0.649700843	0.37239848	0.90445058	0.421183274
0.746398141	0.542013032	0.523327361	0.867249368	0.456926287
0.844864467	0.663234366	0.828150272	0.651330638	0.679563317
0.929660745	0.570653147	0.943813761	0.08553045	0.337173561
0.7628038	0.565493732	0.748806279	0.076718477	0.469480572
0.955520724	0.630938701	0.759916325	0.352871729	0.360835528
0.71198305	0.658346253	0.530719892	0.216512263	0.476393736
0.794535196	0.664552506	0.8199231	0.885592143	0.587129102
0.843263349	0.462762004	0.706650467	0.417203011	0.645141216
0.883863501	0.565406315	0.757472721	0.76543715	0.436130977
0.898695968	0.577258332	0.982227406	0.539552602	0.376393888
0.89656725	0.593685698	0.500945236	0.57206499	0.353210558
0.841117534	0.671122145	0.428058335	0.244362642	0.524971079
0.935289269	0.621054743	0.420003946	0.96021609	0.407909224
0.976304627	0.747695318	0.332339773	0.486593798	0.468554987
0.876485358	0.69704782	0.483877325	0.21268486	0.535455727
0.773403486	0.642264097	0.52605569	0.787660275	0.48963964
0.794147289	0.646041891	0.442103248	0.574349968	0.555636406
0.842303656	0.561514536	0.999109549	0.806404099	0.646688657
0.804352928	0.627976645	0.561836262	0.280150441	0.550686699
0.775805613	0.602510271	0.880632278	0.825932228	0.515799624
0.835662987	0.54233261	0.35186321	0.984412055	0.539103319
0.8040413	0.738367024	0.614122499	0.247924285	0.54562873
0.805741923	0.561753536	0.894677342	0.354935729	0.302938502
0.850913929	0.556069406	0.420170187	0.60721124	0.482466773
0.848953005	0.6074462	0.680764689	0.581796763	0.469541735
0.88569297	0.515180769	0.76273719	0.190070836	0.607640344
0.845420605	0.628802719	0.743230168	0.479370988	0.450308992
0.912524178	0.499032041	0.673821607	0.116074899	0.407762163
0.842371409	0.60332192	0.668951363	0.625052539	0.546062712
0.948119291	0.591114085	0.68183942	0.965324103	0.486626573
0.801959653	0.607894443	0.363914071	0.461303228	0.470951009
0.90729409	0.662588487	0.985994731	0.885984753	0.5676727
0.779450854	0.480441307	0.699167154	0.560270724	0.444277717
0.830862691	0.684920717	0.868264898	0.540278282	0.396432418
0.859302684	0.497700234	0.930721633	0.898373394	0.60139957
0.809072532	0.538969829	0.766914691	0.471413529	0.474806148
0.932077595	0.699472335	0.96617646	0.791519885	0.540779396
0.835857562	0.53882383	0.891165539	0.280466657	0.635171
0.790860225	0.589922646	0.884614429	0.772613333	0.326468225
0.773958717	0.510841822	0.833355938	0.696059919	0.488107314
0.816121242	0.529911045	0.38970145	0.96928171	0.490228654
0.80408285	0.661528165	0.956125949	0.539906448	0.555098894
0.789546538	0.652756984	0.654587814	0.244080452	0.65112305
0.843785381	0.624300427	0.746316565	0.769481481	0.477864447
0.828965322	0.585423741	0.982314544	0.092032826	0.504004459
0.812642407	0.646117964	0.765221857	0.007869218	0.589160229
0.775062303	0.694670619	0.652236263	0.848533917	0.558319792
0.908148354	0.761684237	0.417381333	0.644532422	0.598751148
0.823357752	0.584713551	0.32405762	0.941289632	0.47491369
0.779216165	0.578392604	0.518538755	0.217082112	0.53202463
0.850118905	0.619754844	0.557527601	0.718149717	0.463571229
0.904252232	0.558792111	0.450358079	0.753896597	0.449952607
0.912656446	0.594138977	0.385917477	0.259382141	0.372997025
0.814719866	0.551626603	0.7224041	0.120564808	0.293024932
0.800378809	0.562164821	0.884922165	0.515245588	0.372947007
0.877773468	0.76743463	0.799751516	0.992526133	0.404427389
0.832465688	0.635214388	0.825287186	0.792821839	0.409546394
0.806042046	0.64649321	0.502386021	0.74134855	0.236034174
0.754325819	0.699635033	0.516418843	0.409494299	0.561904214
0.815130267	0.62880487	0.819469203	0.548043563	0.490334176
0.77605995	0.554737196	0.36005752	0.928917368	0.552342149
0.867930276	0.533799623	0.985818109	0.79745135	0.510954125
0.857023644	0.673025365	0.333501348	0.069003339	0.585240165
0.889161875	0.61936374	0.827850925	0.974029452	0.41290725
0.884038145	0.562716289	0.405400861	0.422162419	0.64067507
0.909344969	0.526953199	0.979001928	0.138661427	0.332439776
0.896170798	0.649219685	0.571611913	0.436857894	0.594977085
0.7752079	0.620475373	0.366556129	0.351565781	0.561247182
0.834189459	0.622894755	0.355217636	0.081802491	0.660446708
0.889832244	0.681166891	0.910219503	0.562184361	0.51292464
0.940922439	0.611152692	0.609826737	0.556253323	0.559678076
0.850774152	0.631741399	0.368281755	0.477462491	0.498554397
0.975084524	0.665340799	0.416527122	0.24359274	0.31184921
0.801621005	0.672804457	0.378372427	0.648539094	0.499918576
0.7937328	0.651749539	0.963173942	0.767710078	0.542886914
0.783380602	0.662325243	0.380076158	0.313567193	0.462825741
0.885113598	0.617928078	0.670120589	0.619357819	0.501814355
0.913443171	0.631304846	0.542323869	0.798278928	0.570264925
0.738746961	0.738869114	0.717142453	0.607310007	0.582244542
0.794085779	0.626523462	0.494627502	0.876251793	0.454208513
0.91237018	0.54264367	0.616313775	0.56175663	0.389090875
0.898537916	0.693999987	0.610587699	0.813864112	0.515208864
0.762545947	0.591997534	0.997789756	0.417385744	0.638268098
0.860289195	0.63873281	0.501947488	0.611116822	0.357228052
0.796993739	0.626656169	0.61573054	0.322504148	0.552427122
0.819969733	0.836472862	0.820572677	0.400530536	0.48532358
0.729309064	0.747007053	0.867215794	0.374373724	0.546949012
0.858594592	0.744071308	0.891274108	0.642708738	0.532168221
0.901042094	0.701705444	0.883055537	0.994349027	0.40705076
0.833033837	0.584353271	0.814720861	0.648292802	0.470603133
0.798172226	0.625199151	0.751993975	0.847638443	0.518177363
0.837783044	0.620857354	0.591471422	0.210004872	0.57424032
0.878057858	0.638646179	0.941510358	0.059132531	0.475049205
0.869783799	0.531680625	0.657565305	0.97786561	0.46324153
0.864918117	0.625862489	0.443417985	0.153362066	0.315093036
0.768960866	0.578403603	0.725319916	0.567460623	0.518905675
0.895495472	0.579993276	0.969221376	0.116067159	0.511271872
0.746309168	0.579191973	0.658260057	0.88925264	0.207368371
0.838657195	0.650750893	0.51593993	0.907522782	0.708746628
0.96735493	0.691998612	0.874693276	0.154570104	0.427898965
0.882031261	0.627334222	0.692458171	0.180539095	0.585474065
0.79768405	0.557824688	0.395214046	0.676332779	0.493722643
0.8069707	0.51039609	0.515671697	0.226572219	0.358372731
0.783018274	0.602150566	0.954887624	0.186476758	0.699398841
0.84537793	0.605116328	0.951501446	0.903344912	0.400229638
0.787622218	0.672334297	0.394821558	0.014709294	0.595409225
0.788019503	0.604572647	0.929623786	0.38740691	0.628024491
0.954580689	0.606492356	0.660672234	0.558640739	0.592509545
0.821765792	0.632243479	0.74273286	0.377379414	0.452753008
0.760446221	0.755799315	0.828857381	0.651095583	0.423724634
0.879888475	0.604784273	0.888721066	0.89542427	0.487150146
0.719820116	0.656079491	0.804633499	0.638116974	0.570027075
0.896533439	0.648930964	0.46182117	0.054017375	0.561105697
0.897090626	0.533148937	0.79762033	0.297846633	0.520048238
0.836599754	0.548580135	0.622408818	0.061285788	0.537674574
0.885080674	0.563589432	0.672962606	0.485230244	0.461074791
0.676285422	0.683714896	0.38547194	0.462896744	0.683429194
0.814186041	0.808322468	0.620349915	0.039794891	0.363664299
0.80016977	0.75485324	0.785365351	0.929230523	0.69675699
0.880893886	0.655992448	0.751954174	0.281024914	0.65610718
0.931887578	0.589084361	0.394055275	0.873434633	0.659889999
0.862411348	0.539933206	0.962792198	0.58401294	0.645264804
0.794683076	0.663594835	0.998369817	0.267419843	0.623500297
0.917399061	0.505114881	0.370990924	0.49238451	0.491154825
0.892825624	0.775740607	0.566075665	0.784520281	0.464716346
0.928112507	0.642458566	0.497682305	0.299897108	0.494004302
0.771578515	0.756924032	0.555411893	0.265350427	0.519874192
0.917776867	0.663112567	0.538086167	0.651670084	0.645545584
0.855333088	0.748732616	0.59442139	0.140205384	0.449239634
0.844978491	0.492075796	0.374849007	0.548513484	0.547176101
0.71825375	0.727782114	0.874596981	0.025334911	0.613980924
0.280395684	0.600785994	0.109758086	0.338069977	0.023174011
0.086884015	0.259244335	0.094486723	0.432982786	0.663257561
0.142536432	0.277119145	0.073263333	0.208581503	0.591718538
0.185431205	0.337908405	0.093743139	0.323310272	0.767761999
0.201553528	0.66750598	0.082184615	0.263632219	0.950428928
0.248423726	0.319651428	0.056459495	0.210200436	0.145258661
0.221410031	0.272214341	0.049487278	0.296946475	0.118435216
0.173225653	0.775151897	0.059961102	0.451924156	0.612664
0.202561312	0.815050077	0.110192648	0.374872156	0.545216991
0.132647582	0.634675568	0.073936203	0.395419439	1
0.131381782	0.567856775	0.039552787	0.332860057	0.402833996
0.171953962	0.35323101	0.032815432	0.430044314	0.640567465
0.064130335	0.705556579	0.101049012	0.246460712	0.077393161
0.195456296	0.275023744	0.042986648	0.397063224	0.90349353
0.217764436	0.708458436	0.034310875	0.40161502	0.23332119
0.203264839	0.576008564	0.090336594	0.197329528	0.750289828
0.218056754	0.831001525	0.110891751	0.293895259	0.808811534
0.180806275	0.776700301	0.044277149	0.224742182	0.654092092
0.059845959	0.444998958	0.119498805	0.237032518	0.176458883
0.101902752	0.389970793	0.124167533	0.263660071	0.936472105
0.091606369	0.270900209	0.08265022	0.413618111	0.856661903
0.183307672	0.443027579	0.05092164	0.312352217	0.28950421
0.173644232	0.304163564	0.117031092	0.437386577	0.036111199
0.120454167	0.784163166	0.112337569	0.322411116	0.806978205
0.075781458	0.553268869	0.100358302	0.18810107	0.119577592
0.154064768	0.446127027	0.031263369	0.07696221	0.778581949
0.178867544	0.837475256	0.090644282	0.294682207	0.914650749
0.17241709	0.582770021	0.160168955	0.142912811	0.797962451
0.201701789	0.612073749	0.079491136	0.486267802	0.764843559
0.078865185	0.512512917	0.068814844	0.223919436	0.550498949
0.202964135	0.645055862	0.086914313	0.350871569	0.226086901
0.266011993	0.291529188	0.151340293	0.543244036	0.524601081
0.098338264	0.506643819	0.126132721	0.442719724	0.646526609
0.044679108	0.814176581	0.11417048	0.300999695	0.343136372
0.103371623	0.468627277	0.116856709	0.265302002	0.303843665
0.116361299	0.993380113	0.092293757	0.306598337	0.121373943
0.156657173	0.609608682	0.083842192	0.120463476	0.647203067
0.148325129	0.420904854	0.157251073	0.336210846	0.705232923
0.091151577	0.548281843	0.083087894	0.256689243	0.186125649
0.197603243	0.340168134	0.020112217	0.273278655	0.719942606
0.173249381	0.502394896	0.118942417	0.377112817	0.590175842
0.205232315	0.446873652	0.102492479	0.148293088	0.307675984
0.079942239	0.637676495	0.063721728	0.075987866	0.729925407
0.133244536	0.292795787	0.099475924	0.332552234	0.990567986
0.08789386	0.860203317	0.098842452	0.342596383	0.254193663
0.263303104	0.712162765	0.109416773	0.46125607	0.421409288
0.12600678	0.308443512	0.096363617	0.236098216	0.703786757
0.190020808	0.265234288	0.100754233	0.126871772	0.132665669
0.068592998	0.803157531	0.06559307	0.284010223	0.106958757
0.166384904	0.890552042	0.048731887	0.367839241	0.030754767
0.169158909	0.998383074	0.073567899	0.37846925	0.52984347
0.170248435	0.842848371	0.104140802	0.277649709	0.747120778
0.152145062	0.891285525	0.062468206	0.233544556	0.132547498
0.09476714	0.475171359	0.059377127	0.246610835	0.847592462
0.075619912	0.521686187	0.080649753	0.032694717	0.984327118
0.237084819	0.822639121	0.007333746	0.447500784	0.416302802
0.106414969	0.992651329	0.088735	0.286054173	0.908018053
0.207704161	0.411614288	0.058747878	0.162541213	0.798509742
0.207795816	0.651182423	0.143561039	0.128907236	0.478725626
0.144988976	0.825694887	0.069693692	0.297021723	0.630020498
0.144427783	0.830579607	0.109907808	0.352054706	0.026591644
0.097091718	0.799816555	0.062327014	0.270293243	0.320002309
0.18358557	0.425360234	0.057051005	0.311519399	0.475384467
0.100849763	0.552544158	0.044844795	0.610127567	0.978403072
0.139540117	0.551887088	0.06814524	0.377622119	0.561851642
0.152015725	0.269667036	0.15103803	0.267610811	0.881374187
0.145984067	0.424964434	0.099048184	0.389414209	0.09521221
0.111696786	0.77863892	0.098013534	0.358793401	0.867273369
0.323465667	0.544748615	0.112806841	0.247264273	0.917873244
0.266404112	0.694446712	0.101129944	0.121260611	0.447932315
0.119082585	0.62974639	0.142409406	0.233997445	0.880711191
0.237908327	0.341251056	0.029966768	0.287053458	0.794366328
0.123303849	0.299629612	0.065909686	0.200167291	0.566571192
0.230559079	0.424355049	0.03345208	0.291586653	0.64460096
0.136146387	0.693037751	0.09444033	0.347138837	0.673519429
0.156496157	0.962206679	0.088484492	0.367691452	0.348625752
0.106610466	0.970486234	0.07802	0.380844248	0.131700371
0.096611571	0.407302434	0.135460692	0.392915783	0.196114442
0.117000704	0.814762841	0.052497423	0.549162337	0.014504271
0.141011626	0.63215541	0.086106948	0.259301798	0.418167971
0.208026123	0.469454906	0.170670073	0.089002727	0.463807109
0.22571765	0.640190106	0.10061977	0.172267358	0.486961285
0.226421884	0.403611754	0.050967136	0.242322236	0.227786154
0.080939253	0.514169947	0.021251868	0.343201843	0.305112198
0.18232555	0.347418004	0.087182362	0.278492285	0.300350865
0.156213206	0.799554954	0.170925963	0.487523493	0.645668897
0.177836861	0.506103412	0.079424114	0.39225593	0.515710242
0.194276546	0.505363674	0.102094957	0.258807535	0.352162684
0.101140848	0.582460222	0.146839514	0.424889951	0.106912927
0.166178118	0.911189668	0.110174504	0.368861383	0.996672011
0.212722534	0.463922178	0.104054104	0.298088771	0.319675585
0.213307652	0.530362093	0.03472661	0.442369097	0
0.13812954	0.871894852	0.064644867	0.308127275	0.506067232
0.143775725	0.851294284	0.102794515	0.3433457	0.290460341
0.237961752	0.587890721	0.12464454	0.311143884	0.532549948
0.207800408	0.88562615	0.12680112	0.427771888	0.22763952
0.169487502	0.680622728	0.113388388	0.204615527	0.678850748
0.124400809	0.845104837	0.078480636	0.193703682	0.564206758
0.179655075	0.777433262	0.103272261	0.347774839	0.810460292
0.137556317	0.981367111	0.14165668	0.35442901	0.571252357
0.188266752	0.636835409	0.038778893	0.329087668	0.72680074
0.05638316	0.85978682	0.106446965	0.350846051	0.366927392
0.135603676	0.47076756	0.079745776	0.348346578	0.874244688
0.165675391	0.371689238	0.056562462	0.485560843	0.222763892
0.142938819	0.535222166	0.123321121	0.332011762	0.415699644
0.225510529	0.912636784	0.073687665	0.303360185	0.433343277
0.134877848	0.433641988	0.1260035	0.258294368	0.364012587
0.066778536	0.347548731	0.09326434	0.383557458	0.899909295
0.15502315	0.954972008	0.112984612	0.462297669	0.286537499
0.137072544	0.301053795	0.117364159	0.515330891	0.541033216
0.152180865	0.689010024	0.097678165	0.433563252	0.652059683
0.173957601	0.328681918	0.04217773	0.369180425	0.111568904
0.170000825	0.493838904	0	0.325216937	0.212773718
0.260950951	0.961192365	0.060792588	0.423370066	0.937357785
0.221863326	0.791629594	0.046362236	0.240869288	0.994514132
0.250839775	0.844098618	0.089313774	0.191906497	0.647723633
0.177542835	0.622941413	0.106397232	0.287683164	0.559235063
0.224889802	0.734271968	0.126150278	0.408035169	0.212601884
0.152715827	0.290989144	0.074816975	0.291417492	0.723284248
0.160562471	0.710420868	0.108517673	0.350452499	0.401682543
0.130190134	0.850592835	0.14080066	0.218446153	0.648902558
0.095306791	0.802940001	0.086133695	0.365767016	0.88606369
0.139060434	0.392501128	0.046173403	0.440803676	0.575830198
0.150200091	0.666050746	0.104404599	0.286944763	0.419928051
0.146252517	0.666628685	0.087629465	0.505215162	0.536578198
0.15883052	0.856538489	0.060985504	0.149817286	0.275129933
0.07328138	0.429617799	0.072356879	0.329985264	0.984007517
0.23063325	0.437707644	0.128063176	0.349759354	0.827131412
0.157268216	0.651963408	0.122909126	0.254223859	0.947751772
0.071911827	0.896033802	0.175220825	0.513791742	0.986293966
0.142167155	0.919989525	0.12464025	0.460971436	0.824164221
0.147112462	0.716637925	0.12400016	0.329373029	0.572520622
0.163740764	0.587457595	0.04584571	0.282910913	0.371549184
0.187960809	0.479979531	0.080072832	0.367846305	0.1259142
0.113083389	0.466884763	0.040309425	0.224337942	0.097739163
0.186573135	0.60817733	0.126016045	0.142347264	0.152605389
0.103085916	0.359320248	0.10069876	0.289944559	0.010286689
0.242538932	0.883018104	0.123288133	0.344892843	0.404449593
0.026842681	0.73029386	0.102469408	0.252585011	0.351754817
0.126974463	0.49989692	0.109968971	0.312236393	0.836825465
0.228452691	0.297883776	0.110545059	0.274557799	0.389397059
0.258273842	0.345807289	0.122084108	0.30165986	0.624069861
0.077675733	0.836325037	0.147234997	0.334293772	0.476178288
0.093837991	0.257035647	0.094782385	0.33201817	0.913589949
0.144638939	0.938010569	0.056519522	0.342657123	0.478325632
0.124426424	0.43390332	0.051042394	0.253958971	0.078381942
0.141882487	0.991883219	0.090473964	0.284182109	0.996426424
0.205631197	0.887015633	0.06148726	0.330894804	0.007065635
0.149725949	0.812633439	0.062887915	0.327850304	0.441734234
0.15804468	0.990323601	0.155390376	0.286794162	0.147021319
0.168870268	0.99572005	0.072421438	0.29234017	0.406843056
0.153349881	0.545533332	0.076375908	0.208340788	0.991351775
0.100100243	0.830789351	0.028898667	0.313686232	0.820025851
0.156028861	0.913558222	0.124525314	0.274540622	0.424882935
0.192578389	0.478462437	0.105732354	0.224162892	0.383855424
0.079073604	0.903211954	0.126718474	0.306854106	0.787048408
0.125825658	0.853764549	0.065479146	0.217090002	0.840423788
0.09208863	0.642450818	0.202661238	0.263593565	0.050670567
0.148164137	0.885001281	0.124766528	0.335264872	0.481442343
0.187284019	0.692478835	0.024876359	0.297361511	0.920899313
0.298887193	0.379379918	0.079206536	0.094606427	0.500095553
0.149161467	0.403853974	0.079364943	0.351468678	0.724091216
0.159208181	0.925952933	0.10414851	0.278890888	0.009232055
0.165837593	0.324805266	0.077535112	0.184323877	0.976537487
0.063900639	0.716135367	0.036312499	0.244328943	0.273706559
0.219764341	0.956129891	0.106927265	0.314170477	0.407474827
0.067126285	0.98292594	0.082963121	0.305591108	0.782598223
0.227378682	0.475511448	0.040461202	0.452058547	0.929568923
0.059549875	0.531437861	0.081343248	0.196581863	0.52490309
0.152721169	0.606242003	0.127092887	0.296156797	0.095989187
0.158471303	0.314638809	0.096555425	0.343473126	0.856525135
0.161936092	0.727659353	0.025941161	0.30867895	0.049430721
0.261160363	0.820324103	0.094446979	0.237752216	0.92774632
0.11245858	0.938102285	0.094294867	0.355602722	0.863019948
0.144111029	0.3805138	0.06227287	0.417797972	0.0137326
0.122000643	0.59077777	0.062120548	0.388366964	0.401652217
0.31265768	0.394198775	0.073156956	0.636205761	0.141841441
0.119105162	0.269201888	0.137084276	0.310519556	0.732454641
0.134168011	0.457530697	0.111981733	0.363858497	0.394379839
0.104939012	0.749720846	0.077862372	0.391606204	0.948567617
0.139472884	0.71630625	0.086497196	0.341668137	0.419915079
0.115506648	0.871906052	0.067156201	0.189678598	0.846933276
0.151017008	0.90390907	0.128405927	0.250424581	0.448396684
0.277283346	0.485293349	0.059678898	0.31751379	0.5623155
0.125734238	0.891486718	0.145522075	0.283771219	0.224217707
0.003324956	0.407493087	0.104406827	0.259922071	0.437143067
0.284642818	0.914254437	0.055811886	0.207423427	0.81873549
0.195640634	0.341631106	0.15466583	0.366181843	0.699976972
0.093169474	0.986778828	0.103361278	0.340805962	0.755769966
0.281789616	0.335343932	0.048793092	0.169364387	0.157923068
0.122597664	0.895532604	0.059918796	0.467318524	0.813799448
0.161354105	0.606179053	0.083439742	0.314368155	0.933757149
0.193740261	0.982543283	0.091856153	0.310088614	0.059827662
0.229240204	0.856648975	0.092371693	0.518775519	0.785151405
0.234266074	0.584099877	0.055542954	0.160960786	0.462161149
0.183336578	0.953770194	0.096490849	0.413989241	0.468813904
0.199944407	0.506183904	0.067646203	0.173008486	0.52065491
0.095385952	0.774230477	0.082332785	0.314372536	0.098563485
0.196489894	0.673698181	0.074941327	0.438406484	0.853801416
0.224968989	0.718829617	0.04695394	0.409606508	0.786034026
0.048414631	0.722615096	0.039552809	0.177310164	0.545097226
0.087284214	0.882639372	0.092127461	0.348162692	0.485604446
0.248823606	0.440309675	0.047895827	0.328966426	0.423572902
0.267938552	0.346130971	0.069977755	0.391119745	0.836070974
0.127333655	0.372426052	0.074684347	0.355916221	0.551376825
0.124047048	0.602802949	0.039689143	0.386906045	0.928287554
0.139910302	0.73930947	0.121947492	0.368033402	0.637050052
0.167123368	0.757178727	0.129287943	0.213751174	0.200947763
0.246358589	0.362725233	0.061841675	0.294149185	0.408602848
0.182428522	0.487566299	0.005067889	0.353195667	0.983383824
0.187075399	0.309818981	0.093226996	0.236308402	0.906469922
0.194225371	0.924378463	0.139331991	0.249004672	0.342428755
0.210065798	0.97954752	0.090016425	0.468609692	0.580507333
0.233678407	0.970580902	0.128241933	0.321124405	0.629863375
0.123430406	0.311015217	0.089449885	0.270277234	0.125689103
0.055803325	0.445753799	0.08114103	0.172682277	0.794112234
0.087593125	0.8981461	0.092058854	0.370841363	0.881602381
0.170394447	0.53715742	0.110242119	0.326765873	0.812681167
0.141874734	0.358548426	0.092565009	0.31643197	0.091393688
0.112818671	0.337007658	0.108085013	0.196729112	0.369792483
0.182903569	0.492819806	0.119494244	0.380659942	0.480030004
0.170582642	0.735992787	0.090340468	0.484898567	0.73671387
0.112044632	0.899701838	0.021205838	0.333988846	0.618932485
0.229608875	0.844195047	0.113452695	0.324508417	0.877039892
0.149321681	0.717109583	0.109518041	0.41834401	0.85652806
0.075402763	0.334516742	0.075205133	0.221600847	0.042473302
0.102834478	0.532540996	0.044566239	0.349401977	0.214880737
0.117638181	0.59389705	0.118429133	0.335716574	0.305647318
0.183756547	0.325738703	0.106663622	0.272416817	0.468813859
0.056068846	0.793385268	0.130440233	0.246475127	0.502008144
0.158145076	0.46241288	0.10421064	0.43221408	0.524316339
0.198656449	0.599220711	0.071557995	0.189322067	0.893288303
0.27834884	0.854031682	0.078911399	0.209631031	0.183202519
0.122536948	0.803064307	0.06570975	0.442745717	0.261644197
0.192853615	0.537471916	0.039728697	0.195338611	0.477945414
0.241705602	0.296788174	0.131202332	0.296123673	0.99751764
0.188461841	0.34665387	0.152001639	0.191877005	0.542750749
0.171903591	0.963165096	0.156173318	0.254556599	0.445578202
0.218341719	0.329100738	0.089732665	0.401369348	0.285134387
0.073646334	0.606053627	0.077827602	0.404815894	0.174753081
0.141499421	0.570550504	0.072775803	0.283756857	0.690625205
0.023975981	0.957956199	0.034065612	0.264188163	0.113424057
0.081688266	0.422941077	0.098531415	0.283448405	0.669160037
0.071203235	0.435686596	0.141693395	0.30698252	0.821533547
0.014676105	0.818781099	0.074999468	0.657029397	0.545164825
0.18336811	0.51713686	0.119572457	0.295817092	0.661575914
0.162757504	0.548443127	0.087093856	0.120401607	0.860465829
0.19670977	0.717480441	0.072342808	0.490345808	0.833794033
0.128588048	0.45969973	0.084440708	0.197845002	0.354146658
0.148230632	0.265637704	0.182794014	0.379313345	0.70474668
0.110428649	0.549523333	0.115017753	0.527398258	0.57158898
0.153679151	0.544394944	0.081062532	0.330246997	0.649296791
0.153951378	0.620903453	0.108087264	0.495047783	0.800202239
0.193490865	0.566245517	0.110351789	0.403487801	0.957570837
0.222171781	0.716616228	0.033740809	0.296578436	0.182538858
0.269692777	0.618406713	0.034582744	0.457417576	0.152279385
0.016455483	0.864510429	0.105239212	0.190383883	0.800805398
0.213327653	0.561409706	0.119245968	0.186655636	0.722333177
0.210971243	0.795445371	0.139510633	0.337723016	0.51340007
0.148727196	0.817623212	0.054437242	0.292376585	0.216224694
0.218588543	0.476033764	0.13322824	0.184640996	0.018265831
0.26342616	0.507700797	0.102825029	0.331510299	0.075719573
0.093583308	0.751885374	0.043199864	0.478055346	0.354076185
0.219324764	0.350162843	0.077881244	0.188891991	0.696804221
0.135772533	0.55545438	0.110682624	0.195926433	0.16790785
0.189823097	0.44132177	0.069225261	0.312771915	0.322295134
0.115738538	0.499043589	0.16755494	0.363664621	0.341344069
0.141547356	0.608114624	0.09224058	0.420127771	0.665727058
0.193425971	0.771022289	0.10086724	0.260804604	0.761688571
0.168592131	0.368450408	0.069981082	0.340038907	0.956930655
0.024932772	0.749074646	0.077612154	0.28965807	0.554107927
0.160895862	0.61497997	0.014296726	0.232892205	0.700542027
0.124994769	0.69249854	0.082791643	0.354256383	0.392780109
0.167960902	0.424144624	0.035782574	0.247118788	0.8589021
0.1332728	0.69641211	0.070174257	0.306118492	0.744780198
0	0.902702008	0.120382582	0.269075875	0.888384719
0.208407666	0.850307569	0.106580076	0.357364541	0.453454495
0.066041957	0.372622606	0.111680096	0.216590886	0.575918086
0.069130483	0.57693113	0.116089662	0.423256686	0.422201195
0.155951471	0.808164607	0.059452825	0.269098711	0.273138218
0.18703304	0.85741983	0.168869044	0.321677526	0.624344458
0.202403268	0.283135769	0.075071729	0.307388068	0.578637009
0.194811691	0.707173467	0.032220116	0.357863192	0.372226499
0.168692117	0.382567923	0.096923715	0.274304658	0.164780116
0.157583734	0.797473919	0.100960776	0.34503034	0.46170899
0.206245994	0.423242583	0.093553793	0.24742101	0.619426715
0.139582022	0.921477319	0.103624991	0.359164635	0.726011555
0.116706858	0.451633287	0.075408393	1.11022E-16	0.469330593
0.159136915	0.437677121	0.139807091	0.442762813	0.068638357
0.162490689	0.382375589	0.069120265	0.300745067	0.981398339
0.114420567	0.279891051	0.097776429	0.224223676	0.434611419
0.140405785	0.438482421	0.017331943	0.284905583	0.301419655
0.173319075	0.9155073	0.0614184	0.351286941	0.433507463
0.121793502	0.888504262	0.065110432	0.26948496	0.195723889
0.217928918	0.539551332	0.068487991	0.106967213	0.668564665
0.160421614	0.315988406	0.142518008	0.13765497	0.38566968
0.127130771	0.598694682	0.042319744	0.388337516	0.704511416
0.139939648	0.649517307	0.087483568	0.452966191	0.640731266
0.156527504	0.850271247	0.061078421	0.395155887	0.117184452
0.154809388	0.66251604	0.12708103	0.222122626	0.216413872
0.161736261	0.789659183	0.105037674	0.296290886	0.023902473
0.146202473	0.328346603	0.096026796	0.429603698	0.941305128
0.081969671	0.340380663	0.10859107	0.190996262	0.243133742
0.168530913	0.468480215	0.056118712	0.184301681	0.989494243
0.150603417	0.649444971	0.116473146	0.341479138	0.422532004
0.189583165	0.894612164	0.064725478	0.182999288	0.49617366
0.194875694	0.680963926	0.092256712	0.329645962	0.690791455
0.198923486	0.56538766	0.076883033	0.401400873	0.820687939
0.223278343	0.647328746	0.094809707	0.20389486	0.218870333
0.255423894	0.95211336	0.094288456	0.122978371	0.990701567
0.09297069	0.461537978	0.152313433	0.303628991	0.759664315
0.198734933	0.967632078	0.092817427	0.190355601	0.410454488
0.14957819	0.735802562	0.096321493	0.417416437	0.610666213
0.157246607	0.444522317	0.11149434	0.185686003	0.98183965
0.185893536	0.641237172	0.110328347	0.466080532	0.001271748
0.229576604	0.888240104	0.087327784	0.123559246	0.437624216
0.213339485	0.746726053	0.103578818	0.497005111	0.853098875
0.167417694	0.976870728	0.079848764	0.139490047	0.210396849
0.100202794	0.661636631	0.111013585	0.081890117	0.940349703
0.109545833	0.570512709	0.049959748	0.318587506	0.748800239
0.100885352	0.426463297	0.09063066	0.500989218	0.686851599
0.172871778	0.669815083	0.12482313	0.368353163	0.85118092
0.02643459	0.768811411	0.083724382	0.17803961	0.424082923
0.185395862	0.615657815	0.098107106	0.438512477	0.860578716
0.212973713	0.501490474	0.116278258	0.435817246	0.768488189
0.079230585	0.53431676	0.020272566	0.328013581	0.144591921
0.175301826	0.894821834	0.080880995	0.164539772	0.020969715
0.097312045	0.476509689	0.115541068	0.565479843	0.010805169
0.1964848	0.624076096	0.086773556	0.447582742	0.742237958
0.148447365	0.711789628	0.027468243	0.333618339	0.02618811
0.171233648	0.398081347	0.104814876	0.278499305	0.574525254
0.08306194	1	0.103401569	0.264522561	0.875876917
0.233341819	0.385442036	0.078821896	0.235688693	0.674551453
0.212242372	0.970772075	0.058871711	0.326258214	0.399408156