0.834081235	0.766537889	0.770753329	0.038474384	0.834019335	0.790483035	0.128412168	0.633257339
0.721875563	0.885530454	0.221956582	0.162672851	0.00347928	0.14808467	0.239184026	0.43132023
0.3990163	0.776829546	0.467050536	0.116150161	0.116526509	0.00024705	0.175028668	0.976025203
0.728123466	0.667488587	0.132284244	0.306140841	0.319386112	0.844350596	0.46976018	0.292555841
0.925882061	0.754109428	0.287585813	0.163910416	0.099642346	0.619693936	0.000210954	0.059107551
0.73066801	0.8055854	0.785860324	0.190678177	0.568059821	0.270617735	0.008740804	0.536274932
0.648575455	0.808381219	0.155706393	0.303930675	0.905301349	0.551213001	0.532244576	0.232486491
0.307439731	0.757424022	0.987207314	0.084458335	0.911787312	0.490242913	0.515979689	0.068394114
0.433985335	0.813244532	0.114233926	0.285250994	0.171381095	0.230975794	0.527944224	0.923606511
0.053082015	0.801388128	0.840265613	0.480095495	0.780753147	0.333006765	0.624979731	0.502025874
0.295861313	0.742724591	0.900239041	0.16010351	0.814229138	0.272199216	0.25554996	0.322089145
0.285139968	0.776972145	0.741906944	0.268811153	0.47506525	0.419242505	0.168951135	0.874825263
0.446467421	0.841869903	0.733086161	0.097402295	0.275082109	0.548859842	0.289716124	0.826006996
0.307713779	1	0.468540621	0.176933375	0.795681084	0.984509685	0.120989057	0.098696935
0.755121105	0.783831764	0.38557909	0.097794386	0.94894354	0.745039773	0.503623733	0.363674072
0.107745681	0.851296689	0.923953543	0.225785678	0.092164187	0.970371171	0.464189829	0.057634443
0.039146308	0.825806663	0.760698899	0.155472174	0.87487601	0.754265805	0.318001907	0.726548077
0.817100258	0.802535699	0.136496963	0.456258225	0.298225263	0.312612544	0.556210759	0.835133829
0.78534092	0.613471716	0.170907069	0.176303598	0.58007951	0.642367664	0.518792254	0.610753476
0.842601582	0.703069823	0.748923012	0.286174452	0.874965819	0.035646802	0.263820405	0.446295961
0.190643126	0.752774585	0.587093107	0.280010182	0.2552325	0.350365547	0.487678289	0.303582444
0.287990871	0.84960552	0.970386179	0.305445985	0.601364044	0.738085901	0.52280068	0.599130957
0.188156371	0.853976862	0.018843037	0.143459869	0.052956379	0.809303603	0.198565438	0.310144454
0.753608847	0.827145417	0.481814147	0.264945047	0.94165532	0.681494938	0.194288754	0.42854181
0.659368797	0.792293215	0.031200786	0.03035815	0.959552084	0.245287423	0.506667614	0.771350384
0.249432037	0.935357024	0.828854649	0.152065529	0.049254208	0.556657085	0.286877456	0.858837717
0.645290712	0.819945413	0.568495621	0.388969554	0.949637908	1	0.499015731	0.814234973
0.959521902	0.8203014	0.88220177	0.34165012	0.890453244	0.717210827	0.438026279	0.980202342
0.972995784	0.760941169	0.204007533	0.144847269	0.76981068	0.198265293	0.348264533	0.195801675
0.122567738	0.823160372	0.311952206	0.237128463	0.484223904	0.201840203	0.173068074	0.198655733
0.72562646	0.81372999	0.590006241	0.101311784	0.905914703	0.77916695	0.048198524	0.567682991
0.050661961	0.900117049	0.172973311	0.224291204	0.418120183	0.601417096	0.019523573	0.453943577
0.259147107	0.799118537	0.519572624	0.061402557	0.934856468	0.378028274	0.525932639	0.205756741
0.591887805	0.823208	0.929933396	0.215348425	0.77887505	0.953558272	0.154748232	0.202484344
0.905547662	0.658732346	0.639902753	0.034551257	0.141544837	0.60026589	0.529563696	0.662053835
0.305534862	0.779292864	0.31064651	0.181788922	0.233678949	0.150888064	0.112375495	0.305978079
0.892889424	0.848283068	0.340965226	0.104379711	0.478979623	0.123410299	0.080061536	0.742978329
0.339030351	0.761543594	0.115714115	0.047920135	0.017228344	0.862765675	0.305669159	0.240271339
0.112155536	0.864292098	0.994545815	0.297676351	0.958954577	0.701794248	0.338005312	0.872332105
0.136309353	0.700835024	0.010006467	0.290347279	0.385827929	0.875417822	0.265771501	0.870717134
0.428743663	0.665020867	0.843330851	0.072560635	0.451140782	0.012974025	0.045030188	0.456797043
0.934142502	0.884452003	0.440123026	0.180786934	0.524112012	0.269761216	0.60065603	0.582721309
0.012621837	0.762580049	0.594414085	0.019466789	0.681587454	0.459784211	0.284191166	0.106595909
0.54042288	0.7611419	0.292389518	0.346097334	0.188918629	0.834402697	0.548873269	0.181253698
0.452341584	0.747822161	0.180756203	0.220894948	0.442997106	0.85994651	0.1716091	0.755455209
0.865156372	0.793698884	0.002318662	0.05276253	0.232627907	0.838962299	0.255565754	0.07437776
0.14797526	0.79023919	1	0.27839198	0.813893416	0.367493003	0.475990957	0.699510296
0.571920096	0.873568489	0.237307494	0.25101077	0.341712502	0.459320343	0.314734094	0.252182489
0.859128081	0.783531516	0.7161188	0.273134737	0.508899557	0.393403712	0.183724028	0.511247992
0.98463034	0.696368516	0.771579373	0.1803349	0.66417822	0.539775617	0.114655839	0.513415709
0.607708281	0.891496625	0.123645844	0.054109503	0.332000188	0.898127082	0.536472262	0.996972712
0.144977719	0.782397537	0.168488619	0.171222853	0.653466075	0.007227874	0.489742755	0.08434498
0.132017012	0.831834156	0.525833761	0.316047642	0.105090613	0.177071434	0.230369384	0.542934735
0.349912041	0.719784309	0.560196012	0.039520966	0.449512059	0.862622661	0.171831691	0.175929235
0.560442772	0.637350941	0.559341606	0.203143575	0.401194152	0.057920007	0.120836436	0.650231345
0.021520766	0.933017836	0.49524926	0.02664544	0.258292853	0.175694177	0.563593689	0.122601818
0.093370555	0.723465593	0.831572578	0.267181864	0.700766857	0.553695733	0.209278081	1
0.175752101	0.945346377	0.094823309	0.263008873	0.159463213	0.150316143	0.352483109	0.697827375
0.075876569	0.718441954	0.959431231	0.194287255	0.974547624	0.555476531	0.124899528	0.146833723
0.081696894	0.590139866	0.308676737	0.063731071	0.004215308	0.906071279	0.3394291	0.236756154
0.962366152	0.661360469	0.340902688	0.050264262	0.670991221	0.265216916	0.187455757	0.613271411
0.724590105	0.843564248	0.95653608	0.143411768	0.040338662	0.802500976	0.561271865	0.54546851
0.337228644	0.661716943	0.777625968	0.196542129	0.32156103	0.568489421	0.370529732	0.987547408
0.269734532	0.792021639	0.18418861	0.334727224	0.278557408	0.788194308	0.425297095	0.911631603
0.390625179	0.80991331	0.030463558	0.382358516	0.07610656	0.480792369	0.191470306	0.609018992
0.924044895	0.707254937	0.747266239	0.342242304	0.438987379	0.527090363	0.259919516	0.575354167
0.60440608	0.857742627	0.90274172	0.047764981	0.896538977	0.53406156	0.117984428	0.205701893
0.143097762	0.877828236	0.646241867	0.334436263	0.715773553	0.229513376	0.428147735	0.871829645
0.491938234	0.807506154	0.914002252	0.369051843	0.234585387	0.133517564	0.408871717	0.459452031
0.70796822	0.894263115	0.125772048	0.239227959	0.921340168	0.740285703	0.272015963	0.855158021
0.141669452	0.811829575	0.253698626	0.509701109	0.103250204	0.887235059	0.52895584	0.983008185
0.594375563	0.7755462	0.080706803	0.295470644	0.446717598	0.962350397	0.233613382	0.896435262
0.620573678	0.779602339	0.297512119	0.190875857	0.790140818	0.568687555	0.112340679	0.779498688
0.105324632	0.818808705	0.039079867	0.39081883	0.552102025	0.118425067	0	0.361646188
1	0.896835768	0.608437559	0.081779163	0.231037161	0.128455261	0.391035046	0.370260822
0.126538073	0.971139825	0.928900951	0.24647476	0.533760827	0.598793995	0.401995366	0.979601363
0.18271199	0.843112234	0.787549799	0.448160843	0.775806681	0.361824402	0.374167231	0.279213508
0.202355676	0.834776497	0.534591488	0.242398994	0.51514389	0.54978843	0.470275031	0.32519171
0.117869745	0.691008906	0.630147476	0.172420816	0.243649958	0.481557374	0.235644375	0.746120412
0.245464122	0.867687678	0.952644466	0.268477479	0.667318339	0.012556282	0.491746312	0.299616591
0.637670291	0.826978151	0.980692522	0.305245586	0.722332624	0.603788175	0.261118213	0.112417583
0.631154867	0.770084774	0.736544841	0.120747272	0.440841959	0.454089828	0.485361669	0.287443742
0.144345409	0.724042831	0.6474809	0.076676367	0.253358311	0.781894787	0.167475648	0.302273195
0.426345138	0.827768237	0.31598145	0.215045583	0.811355403	0.042794997	0.029075175	0.585490651
0.354272281	0.778392992	0.735504526	0.080914446	0.01170627	0.631824369	0.238165624	0.389771205
0.590599062	0.805840359	0.505435937	0.112782485	0.596017429	0.686434055	0.091550663	0.332823469
0.705814878	0.736669152	0.985230264	0.217838042	0.64931828	0.536977638	0.435896065	0.594029141
0.491783322	0.835892307	0.039441566	0.032761791	0.384242369	0.893128347	0.413147499	0.685742161
0.308356748	0.883117443	0.444124123	0.219589007	0.148650535	0.491341751	0.586546604	0.835294442
0.034364502	0.767316355	0.154805944	0.275963434	0.492647555	0.771905409	0.04993729	0.622210194
0.578501511	0.753077319	0.131716114	0.222371921	0.707062621	0.317252605	0.489473805	0.550115096
0.689988134	0.775313859	0.601261976	0.144863654	0.557588059	0.14014147	0.439384223	0.919254429
0.156918252	0.705295706	0.907473755	0	0.763851554	0.630072723	0.171682017	0.763928601
0.10262773	0.830871095	0.278358725	0.180957041	1	0.878644357	0.053206339	0.472001021
0.218058076	0.760654629	0.563247249	0.210365932	0.395098507	0.462060738	0.116702711	0.269447504
0.210245761	0.691471172	0.174385151	0.138101267	0.313545439	0.416857938	0.434276974	0.601756983
0.120431338	0.620311708	0.941712969	0.085950404	0.65142255	0.692524142	0.503886418	0.937897677
0.019573973	0.68589306	0.494498698	0.107557968	0.830883536	0.444512066	0.466007675	0.183964233
0.977281449	0.789483075	0.006313697	0.083754535	0.141056249	0.915558991	0.477690153	0.381569465
0.661731412	0.755748946	0.11533353	0.131595919	0.866251906	0.135481108	0.269907669	0.597778277
0.305439363	0.671414393	0.387253207	0.867048629	0.515785559	0.208088873	0.573903854	0.218090761
0.22505709	0.650872993	0.194543507	0.775152379	0.757907229	0.693347922	0.679501891	0.960073593
0.254033659	0.131324633	0.347594255	0.696734044	0.485604617	0.999874205	0.607067907	0.131043105
0.548622753	0.035618492	0.618870445	0.729259315	0.293738372	0.775628817	0.498846072	0.690237725
0.816900466	0.405494889	0.498234775	0.819826217	0.575458922	0.551001641	0.529364462	0.153776705
0.235690488	0.082731366	0.215568495	0.775850716	0.490091621	0.842278335	0.672129438	0.366313475
0.499025835	0.3552129	0.711096325	0.687577395	0.257009074	0.857513946	0.335733651	0.357011753
0.450929546	0.252936127	0.593700175	0.721180712	0	0.749290921	0.803696959	0.953442704
0.562759882	0.432226049	0.176150879	0.798179493	0.903018782	0.043902739	0.804422706	0.875184629
0.101850399	0.407428074	0.988106319	0.751657371	0.389231854	0.53195087	0.597366948	0.683630357
0	0.4166859	0.691832037	0.592765671	0.482078635	0.317924098	0.777911612	0.344821254
0.893686273	0.608435089	0.505971706	0.681619528	0.060579637	0.35565157	0.708200482	0.353655118
0.566730061	0.238403897	0.37012894	0.82755997	0.165171411	0.58318764	0.434321122	0.906393813
0.22256354	0.443191108	0.186452267	0.535263713	0.909089368	0.871856379	0.458976893	0.190889411
0.420281482	0.059269727	0.458377263	0.731253322	0.589678499	0.517147585	0.612129672	0.83284209
0.092556954	0.320736042	0.565315014	0.622436469	0.114559012	0.457295018	0.697296051	0.343177241
0.672853988	0.652407907	0.843230533	0.751162586	0.4771973	0.951636939	0.655838405	0
0.895382392	0.140322614	0.044112213	0.626503712	0.801929196	0.104343797	0.532778522	0.780200263
0.320073193	0.146820812	0.656901868	0.733109931	0.123934621	0.818298033	0.508350479	0.803060463
0.78915458	0.278326667	0	0.807429538	0.720926361	0.449953082	0.562495094	0.238241723
0.6797912	0.459120298	0.780224137	0.751465353	0.686252723	0.325217526	0.597490299	0.779839684
0.62270432	0.059522459	0.440444528	0.655294349	0.601451015	0.201035496	0.293098952	0.405697565
0.973308031	0.404343166	0.90942935	0.619102572	0.085204309	0.966260248	0.345878233	0.1583473
0.743612967	0.18087887	0.421073856	0.608503415	0.819943083	0.147486998	0.708728964	0.576769048
0.124414344	0.254078564	0.831920674	0.627082466	0.692903427	0.245219691	0.509619545	0.269805744
0.228155991	0.645961769	0.396009752	0.871747797	0.17781564	0.318375209	0.575039481	0.686642811
0.718574611	0.248863425	0.020209744	0.708741115	0.599343354	0.593154867	0.753243409	0.365648501
0.093587347	0.724520855	0.025810508	0.698323329	0.531185137	0.543740063	0.578171244	0.154470534
0.477107662	0.319604299	0.657155335	0.588855256	0.77741744	0.170749994	0.446032242	0.065771838
0.483971683	0.555143666	0.416089008	0.864909159	0.182880352	0.197996146	0.783436697	0.450521506
0.649500675	0.396034926	0.397628521	0.524989491	0.957984094	0.330241758	0.52112548	0.868788256
0.251469807	0.05072076	0.121474693	0.843142599	0.671154664	0.251420041	0.533801014	0.770631186
0.177314049	0.448383553	0.318822373	0.708423996	0.069517088	0.803421829	0.379235432	0.685028561
0.676696498	0.408656375	0.238256909	0.609339353	0.426040796	0.425119533	0.316690272	0.746042926
0.769246536	0.608478988	0.802814252	0.763042415	0.932589055	0.557708869	0.772268312	0.784968937
0.41967558	0.65535764	0.197026953	0.646133878	0.984149732	0.141259255	0.487685738	0.73780101
0.193587143	0.689580183	0.18602381	0.619221555	0.172910889	0.846569328	0.589364886	0.001978132
0.635585727	0.561591295	0.966731536	0.761372014	0.64833675	0.549781819	0.763959034	0.791029199
0.72577879	0.281056074	0.000911124	0.670169425	0.428008306	0.876110174	0.594128952	0.386324593
0.064088853	0.7107303	0.207839991	0.542836871	0.045243679	0.167487398	0.647208689	0.411749242
0.882566646	0.605207663	0.131648827	0.550879845	0.742522853	0.232472723	0.640329287	0.915443533
0.932866623	0.58783343	0.905680333	0.673344826	0.601653384	0.069783728	0.624972885	0.137010332
0.682064996	0.432665026	0.282847092	0.723962178	0.674660945	0.926046591	0.581368851	0.73913917
0.886318338	0.344149455	0.070637117	0.797608757	0.935675024	0.103693771	0.801329181	0.692754534
0.128352653	0.608017251	0.885522264	0.580710098	0.357670955	0.845889551	0.658473	0.177460819
0.787964158	0.33088629	0.016451105	0.676370309	0.932985581	0.778149818	0.462946168	0.70517487
0.256151168	0.181819692	0.490604045	0.692035353	0.128773044	0.909483063	0.656631472	0.820499283
0.338794473	0.1647502	0.461673294	0.673334197	0.73478796	0.100453605	0.715025728	0.012501112
0.344268076	0.393074182	0.809540225	0.800085536	0.194534047	0.506403226	0.618918662	0.194488468
0.125979902	0.707526048	0.64604591	0.705588346	0.302281698	0.907855592	0.688759794	0.885224156
0.176036603	0.06061064	0.106812699	0.776267379	0.192080702	0.438853824	0.579815758	0.505105033
0.959665769	0.751229688	0.366182211	0.746489489	0.246346079	0.41022555	0.801606664	0.492444542
0.670135473	0.361588525	0.545695924	0.704530503	0.570720264	0	1	0.132241508
0.597175789	0.463965786	0.910926666	0.698923512	0.812218578	0.015543839	0.680330287	0.71360183
0.853801984	0.073415981	0.985437898	1	0.146482915	0.634776592	0.680733441	0.33734315
0.615387151	0.650894402	0.605792437	0.635860508	0.958797619	0.252951907	0.808459902	0.136114639
0.451394933	0.169908299	0.735182302	0.84153709	0.350288254	0.617052473	0.804040865	0.408616244
0.126305203	0.722098561	0.110764193	0.752677579	0.309340802	0.548154443	0.650291988	0.584506338
0.319296359	0.40905547	0.291113423	0.656588065	0.175089488	0.333206031	0.500362197	0.073559881
0.845035916	0.005133012	0.58302339	0.803129745	0.56341065	0.322545944	0.799006993	0.829249207
0.704659739	0.474094572	0.67860533	0.785313093	0.6778393	0.474739653	0.46770781	0.554379539
0.717271831	0.668036342	0.689239826	0.673931403	0.61063396	0.216156275	0.595538685	0.214617798
0.078720236	0.370726133	0.420907231	0.851272722	0.098336723	0.06138866	0.624701995	0.373818812
0.591768953	0.677735759	0.150227351	0.787885606	0.410877359	0.505564958	0.532588104	0.982167237
0.303253629	0.559959994	0.893055007	0.563686481	0.304097047	0.720312997	0.42453597	0.509726181
0.325201176	0.606807928	0.734617466	0.57572327	0.06871818	0.943941609	0.604616379	0.09547736
0.873764944	0	0.39495094	0.724360812	0.793945185	0.291852211	0.756439841	0.670588622
0.741701706	0.673462989	0.660431449	0.680974469	0.141667346	0.176796375	0.9159514	0.719128024
0.569891159	0.729036857	0.292334744	0.584013261	0.616675048	0.836056936	0.596763239	0.862843865
0.993285668	0.423728512	0.19993361	0.830984829	0.121037087	0.820606717	0.594841635	0.250622223
0.697793042	0.596348524	0.994862182	0.543077083	0.701218399	0.75925787	0.600508211	0.277537401
0.739378291	0.167837246	0.07026773	0.756672998	0.865268685	0.38037036	0.663161927	0.332083592
0.679024565	0.073718211	0.758679805	0.91529315	0.753972809	0.982004522	0.536846838	0.799156206
0.224583529	0.093678538	0.431189913	0.636348601	0.752171198	0.027911729	0.716347465	0.762636496
0.92054342	0.749801167	0.436858958	0.763144162	0.280758101	0.816281083	0.626175627	0.665665483
0.206708268	0.470308558	0.916662073	0.729535633	0.470187493	0.90947264	0.652931878	0.962205608
0.160253418	0.241039208	0.826830314	0.714541282	0.445391404	0.287732003	0.624739957	0.004225801
0.188171247	0.63313302	0.320302509	0.798613137	0.562885276	0.306177365	0.872872745	0.030662765
0.534572671	0.536326206	0.538430263	0.685252778	0.907014414	0.020760796	0.812362077	0.87509695
0.786580834	0.653921199	0.594630221	0.701210269	0.64232112	0.363327984	0.648429845	0.122228341
0.657117718	0.581264702	0.563740599	0.641031817	0.373843806	0.316892229	0.479544598	0.575042009
0.828208606	0.092608852	0.701813839	0.775384713	0.696903742	0.480708361	0.516772118	0.35819495
0.636014295	0.705933632	0.290451449	0.699092301	0.654377007	0.67360907	0.698033658	0.379014628
0.613267673	0.712532014	0.125513551	0.7379748	0.343995945	0.860928744	0.409131919	0.062712559
0.881643859	0.194576666	0.43357898	0.983520733	0.894572555	0.462038173	0.733965486	0.575597308
0.870051091	0.239810313	0.419592376	0.685600257	0.280422109	0.034838199	0.833434573	0.018767246
0.805940426	0.592328561	0.857140664	0.944460752	0.75711931	0.03203498	0.703647666	0.464319322
0.040955307	0.304596548	0.746255384	0.790196742	0.927048375	0.983011443	0.59498925	0.62692207
0.572721629	0.079962792	0.475172924	0.649789814	0.947936018	0.38775168	0.501904924	0.973761668
0.928208209	0.525789851	0.078450549	0.641204736	0.81227004	0.822099004	0.643236627	0.492058068
0.191518089	0.32167431	0.904153448	0.82476107	0.679105901	0.52213607	0.584195596	0.961072909
0.322295895	0.286582212	0.584021337	0.648104999	0.559308704	0.264080937	0.507917519	0.662482002
0.681441869	0.188782969	0.964350532	0.607980847	0.458248669	0.860636592	0.477985706	0.78990947
0.870909487	0.12742956	0.875868476	0.634286613	0.517300639	0.205305609	0.81834783	0.6446179
0.424097979	0.417595041	0.448305649	0.788929937	0.845253901	0.781123279	0.582606574	0.441721917
0.477359952	0.27270074	0.400004688	0.83964801	0.899112422	0.150190413	0.609903299	0.48680753
0.942935288	0.010372548	0.418672259	0.727509997	0.038641179	0.237910736	0.826290605	0.145582926
0.985808441	0.456496949	0.048288821	0.498705623	0.695328776	0.039642437	0.573759958	0.931620288
0.050024452	0.658833213	0.923444097	0.811676583	0.906089666	0.208097717	0.45918801	0.142302872
0.741945145	0.230490469	0.671242343	0.623497261	0.292980632	0.440639778	0.683048695	0.886209566