0.18788066	0.421747598	0.156271806	0.567079438	0.375682419	0.805524765
0.25646815	0.355549886	0.185400691	0.853291526	0.073394745	0.835970103
0.151635408	0.294341632	0.230051824	0.050773508	0.139566092	0.206689481
0.238139723	0.451774932	0.156676406	0.153724756	0.305471465	0.503326603
0.35164818	0.403277054	0.24858453	0.731647011	0.087413045	0.840433123
0.130650003	0.518536092	0.22019926	0.74476103	0.019910088	0.074413527
0.243531632	0.248454239	0.219885048	0.433500974	0.110222223	0.091700465
0.137560281	0.55081645	0.19522267	0.785346044	0.245715585	0.487654163
0.264710054	0.560258175	0.322354789	0.820524526	0.313218783	0.615676881
0.27177089	0.412211028	0.193948068	0.10875429	0.282979818	0.859010932
0.241678297	0.318561339	0.334976458	0.698578038	0.200425627	0.889823594
0.242516076	0.344818268	0.139578682	0.16345125	0.17421957	0.292293684
0.155089731	0.417317256	0.121443366	0.442978426	0.2377197	0.658612024
0.181483749	0.236644123	0.198558449	0.610565672	0.070411056	0.03812516
0.251589293	0.240664609	0.241638845	0.034500684	0.338192563	0.134087913
0.160975846	0.145262917	0.278339668	0.747209677	0.214924915	0.555735134
0.205711463	0.305252292	0.084348815	0.131783614	0.246686696	0.608544694
0.329843535	0.24260825	0.360766235	0.271194016	0.05950261	0.00157873
0.197128919	0.340554746	0.230941744	0.088727546	0.378355394	0.274278992
0.262290103	0.320979177	0.321606099	0.024553991	0.297911287	0.79684621
0.220483361	0.221241925	0.090943669	0.969005566	0.261158051	0.596382536
0.271037181	0.219711801	0.274678271	0.393397088	0.166629003	0.303345028
0.04758642	0.242933564	0.237339382	0.746997443	0.132247635	0.663236136
0.333640034	0.414670979	0.196111314	0.606292072	0.351808166	0.694507611
0.283686393	0.311796702	0.113709209	0.312028443	0.317648473	0.309745497
0.286662782	0.481026321	0.321594825	0.700546672	0.235875075	0.220224304
0.316049018	0.087934405	0.011380572	0.661702734	0.253089683	0.269197658
0.187401162	0.312261303	0.240820654	0.09903545	0.193279883	0.833877817
0.256568328	0.228150942	0.308713513	0.677897511	0.25003069	0.368619238
0.170183216	0.420777006	0.283185583	0.551025951	0.273656711	0.062436998
0.08869271	0.467918448	0.142773571	0.749333798	0.35793762	0.188797423
0	0.527324392	0.162431159	0.655347883	0.244320219	0.815318129
0.199339206	0.334110305	0.215859613	0.928888959	0.137967517	0.222734885
0.085720926	0.559908185	0.263912719	0.680504111	0.255144966	0.559144848
0.263188524	0.5015296	0.249038773	0.27740403	0.312442816	0.291247698
0.380108274	0.23370561	0.300180304	0.222982222	0.334249119	0.400437909
0.17678319	0.443998058	0.20345866	0.790699197	0.092315515	0.876390361
0.085275602	0.295314363	0.213477145	0.437027511	0.312319323	0.64738102
0.242733575	0.659008538	0.377608901	0.151695221	0.20122629	0.891249872
0.258919393	0.61356796	0.176570322	0.490444503	0.205219923	0.234765507
0.197541108	0.336698373	0.280377514	0.767769502	0.293693174	0.633492765
0.182252813	0.322431424	0.317937442	0.094303159	0.154557504	0.327445177
0.100126277	0.333631631	0.429795852	0.318836478	0.111887091	0.723417399
0.03584979	0.306432604	0.211681921	0.584286549	0.198967771	0.210135152
0.206002841	0.396311806	0.28707618	0.4740822	0.132704895	0.375098639
0.145237746	0.490933623	0.295594917	0.896160321	0.238834577	0.005669247
0.315121138	0.384660842	0.19723265	0.973281613	0.30322548	0.279662285
0.167154219	0.433303786	0.348023712	0.680944097	0.394291019	0.825109962
0.196053764	0.701299535	0.18655249	0.950249266	0.212478182	0.995504593
0.240965526	0.460440319	0.325448589	0.479910483	0.34457619	0.056911093
0.284409452	0.317053681	0.150961873	0.134921462	0.219249917	0.303048387
0.199038632	0.093863363	0.186115875	0.178225054	0.276840347	0.079140708
0.321072014	0.243380673	0.151634618	0.811953804	0.299317928	0.158181106
0.172304075	0.381902008	0.202396392	0.041296186	0.187050396	0.005942932
0.251067246	0.281148059	0.380489009	0.962373325	0.320397714	0.198151787
0.17070975	0.554448869	0.272192356	0.854714608	0.302408469	0.170812935
0.206466481	0.608123208	0.369701199	0.713375524	0.318436785	0.879445934
0.325717889	0.220486499	0.187578901	0.613131199	0.084216614	0.56761987
0.235366601	0.322789308	0.323504641	0.995145711	0.232198078	0.955307551
0.248043729	0.418296996	0.26125726	0.724173816	0.414577974	0.10520435
0.277880623	0.717814171	0.409468062	0.594706285	0.330024768	0.494004704
0.392459206	0.395104821	0.195580601	0.947936818	0.30109021	0.958793059
0.167492595	0.370941843	0.295149064	0.459283035	0.358888236	0.11985293
0.255205238	0.210514297	0.237250034	0.630979248	0.287541479	0.778669659
0.190826039	0.463873426	0.425405725	0.138883849	0.332706248	0.783867197
0.322351864	0.363257028	0.298802554	0.219285806	0.268777375	0.044698827
0.241039521	0.413873193	0.208416786	0.326608259	0.190695205	0.691466852
0.314147374	0.668238812	0.317355956	0.684820104	0.234763812	0.892482255
0.301619692	0.472506557	0.325422079	0.2549078	0.492311731	0.197929437
0.168009043	0.406004186	0.159996648	0.906148984	0.299726958	0.215138681
0.206016938	0.245775874	0.339009257	0.325473163	0.258311797	0.90047363
0.338825148	0.468157963	0.315517256	0.528920737	0.315127684	0.593718508
0.225934711	0.223917078	0.279631866	0.690398372	0.159395355	0.987771612
0.144204043	0.377202317	0.260758129	0.425738199	0.276015614	0.330849071
0.171077058	0.510903886	0.470044005	0.73966909	0.089001432	0.315526369
0.289435739	0.290633532	0.316544233	0.372176367	0.25536548	0.355917066
0.22601605	0.2658425	0.092953817	0.657092093	0.304775078	0.631056379
0.152238767	0.528616293	0.215921971	0.435744178	0.138762612	0.048382989
0.29612166	0.409676218	0.276703034	0.197681947	0.103215183	0.122087437
0.093471345	0.384907093	0.272164274	0.137653292	0.269056861	0.63760436
0.079746671	0.309559656	0.061574403	0.604009148	0.197015188	0.820902422
0.395625591	0.271419424	0.329201793	0.307330491	0.170273694	0.353725132
0.219376305	0.342304106	0.389377177	0.311141228	0.162742756	0.56620483
0.235722258	0.510313446	0.267324303	0.960837285	0.343847596	0.287033904
0.168444573	0.238597474	0.297442611	0.848958814	0.272473689	0.538107668
0.255167664	0.332454039	0.187395073	0.769382447	0.316315365	0.837445666
0.151696383	0.459096978	0.338894651	0.083976243	0.14840122	0.223378388
0.253451752	0.326264755	0.150091362	0.878129839	0.20737231	0.836448439
0.015645501	0.259124828	0.182057151	0.977202122	0.246029045	0.702043715
0.211231004	0.191235382	0.096215962	0.749724704	0.274248806	0.88459402
0.106189332	0.13270197	0.41933942	0.835398915	0.237143901	0.478635877
0.337889597	0.306004187	0.259960402	0.317300707	0.26560829	0.891138263
0.304738504	0.236714667	0.353764437	0.324047103	0.269953592	0.359592028
0.273916878	0.183371888	0.295059891	0.449645308	0.470209001	0.685567422
0.329246761	0.500420796	0.253795059	0.412053839	0.37015256	0.887827214
0.123533721	0.520127551	0.213688405	0.962657882	0.406034494	0.609424791
0.127766531	0.453990318	0.417573564	0.37406618	0.187868511	0.954354158
0.188126137	0.447912813	0.144468068	0.398992691	0.268766289	0.017870147
0.397472773	0.548661843	0.332135121	0.080419353	0.343744328	0.437138102
0.386376248	0.355905104	0.226009942	0.720097528	0.324722642	0.795184808
0.172782721	0.343331227	0.262822551	0.970180957	0.261250911	0.802140426
0.113267263	0.469526943	0.240678552	0.300685082	0.223196481	0.405371722
0.208330043	0.422849295	0.379407169	0.302742435	0.243677274	0.859403379
0.129717472	0.150174461	0.253428793	0.146151691	0.334216102	0.303085562
0.169170452	0.298254003	0.060792084	0.667930978	0.235482804	0.117340991
0.362712908	0.561005398	0.30845188	0.320371112	0.19529328	0.331280199
0.157726457	0.406524489	0.2251713	0.445526063	0.329510985	0.062671004
0.198275415	0.254406094	0.259096877	0.013901293	0.089350335	0.955302518
0.239084102	0.209500836	0.313189363	0.7274307	0.236554961	0.986789169
0.313486963	0.538104246	0.339940423	0.873675779	0.280342956	0.411197948
0.305690328	0.533735379	0.279811667	0.092934311	0.335234742	0.123381973
0.076240864	0.199769381	0.281795664	0.108536592	0.187166739	0.847626003
0.227109397	0.582198991	0.205099965	0.161086499	0.247813577	0.576064728
0.257966857	0.170680587	0.451260243	0.665688457	0.209751131	0.831274235
0.272926352	0.662092626	0.28533172	0.596596246	0.221024666	0.307631055
0.231744132	0.381252824	0.105976896	0.311193948	0.144375126	0.394187834
0.152374803	0.243645641	0.08677929	0.332175803	0.312398648	0.105723957
0.210249742	0.36655279	0.241639739	0.112862644	0.295520054	0.865124527
0.163758031	0.132740579	0.438929336	0.524724488	0.306712369	0.631059295
0.321843256	0.379063697	0.218214446	0.072238587	0.272984025	0.107201691
0.258201595	0.622962757	0.19731608	0.291912027	0.222700534	0.68318266
0.226449579	0.308994706	0.235625846	0.146299287	0.274201455	0.995366211
0.24127256	0.428301678	0.191373277	0.558658352	0.259938484	0.095595581
0.282769257	0.457243707	0.203177467	0.603862215	0.348294789	0.073871003
0.386830671	0.61018496	0.301631171	0.42275757	0.175512359	0.64123436
0.317644947	0.483125787	0.240667747	0.661658997	0.244102351	0.511060765
0.18658763	0.337313734	0.37467375	0.078031174	0.382689615	0.807520836
0.363851133	0.319810026	0.15688406	0.308357096	0.375363561	0.8927242
0.319029697	0.353467839	0.280240424	0.613807093	0.289905291	0.737169462
0.205495146	0.207892255	0.169636475	0.638818618	0.391758245	0.090295089
0.222283738	0.434741884	0.161969539	0.870299508	0.291214667	0.729197668
0.194885764	0.576936755	0.19218841	0.726461187	0.044723589	0.249811173
0.26130518	0.462546554	0.17840242	0.209780724	0.426345829	0.024353018
0.241076247	0.563607838	0.20014225	0.289101273	0.341956223	0.838409878
0.394504144	0.446413016	0.343663157	0.465662411	0.420604019	0.832371151
0.329285203	0.360065396	0.223163578	0.168213913	0.27643285	0.726679907
0.2362053	0.281359363	0.25687478	0.676734009	0.363124625	0.687399038
0.156219956	0.17926484	0.177010441	0.491841036	0.250363257	0.613557756
0.18945545	0.315740088	0.215404072	0.820393705	0.249760461	0.16506951
0.265245687	0.246407826	0.354411388	0.092465867	0.228336457	0.222672284
0.283635863	0.50321832	0.188396961	0.896495953	0.256363611	0.589814739
0.28325312	0.315060555	0.228649312	0.395955354	0.146780104	0.845499979
0.313242508	0.553324358	0.304131821	0.135945401	0.201144472	0.121328049
0.304839143	0.412890694	0.350870118	0.888387285	0.325538708	0.399727355
0.303068141	0.470329385	0.207297129	0.431667741	0.348828792	0.076756273
0.219506016	0.593357483	0.228622922	0.220875406	0.141506174	0.314096631
0.259368161	0.371929912	0.219154686	0.707818784	0.367569646	0.677132776
0.088462802	0.334683214	0.098868437	0.142231202	0.249190579	0.902352795
0.276835359	0.318881946	0.267646601	0.712833349	0.204947	0.744373667
0.236332875	0.481366407	0.149309028	0.667804665	0.178554489	0.155013476
0.301565177	0.371724313	0.156094771	0.693068248	0.235229055	0.069184054
0.311627522	0.317594963	0.187439249	0.072975812	0.242042072	0.910895049
0.212778748	0.412514238	0.22453188	0.08553676	0.256113683	0.152353238
0.178432259	0.39566321	0.125617214	0.499991261	0.201853328	0.732500802
0.183331657	0.299486224	0.002378036	0.822207034	0.180980621	0.142531537
0.253395334	0.385538842	0.17825431	0.105800978	0.140176943	0.948232172
0.308998099	0.208889822	0.367029943	0.481892523	0.137812407	0.435593019
0.224947903	0.184890005	0.220528499	0.119931653	0.278533806	0.611677786
0.185890956	0.443118491	0.272023904	0.162470337	0.221206202	0.07691556
0.178393935	0.297273701	0.339877941	0.938691618	0.274073634	0.716999336
0.320414736	0.651962437	0.41459043	0.311928328	0.279949695	0.422889543
0.130402387	0.446225282	0.280924108	0.5125189	0.3833178	0.8922775
0.168617282	0.396331275	0.386143171	0.542923127	0.236406815	0.581593232
0.294178904	0.304372843	0.032191383	0.150459904	0.094550819	0.790046808
0.115482223	0.30979623	0.276762685	0.205404644	0.390279666	0.653277126
0.198223057	0.325568522	0.328373761	0.943101963	0.212967139	0.724348657
0.201040612	0.31333758	0.194347734	0.899099581	0.147666762	0.801666655
0.293068607	0.376125111	0.290875562	0.614244099	0.172151379	0.098556673
0.174954799	0.444539772	0.274233361	0.801883342	0.300609925	0.210754724
0.246811277	0.186562442	0.142353957	0.635059113	0.159328451	0.485423164
0.32236603	0.39775993	0.271376352	0.573465109	0.313107693	0.441366757
0.193560909	0.158286981	0.209262538	0.419622837	0.207866858	0.439564786
0.303925816	0.404963753	0.052504677	0.43538286	0.307837621	0.514921105
0.259448484	0.303330886	0.228310751	0.206377326	0.177626868	0.653786359
0.327040165	0.532827568	0.323219674	0.587997573	0.238080829	0.054100627
0.254312742	0.488580155	0.32539409	0.738604025	0.248036591	0.178787442
0.22394023	0.376283356	0.152057753	0.135121877	0.074148444	0.702742013
0.188689644	0.429142425	0.212970359	0.391350556	0.27130275	0.340565517
0.240083252	0.418057655	0.366449295	0.423125125	0.226504765	0.809953355
0.193685081	0.436740848	0.304131081	0.300218261	0.330161958	0.108025018
0.170685691	0.40835935	0.087192199	0.919614534	0.192704973	0.527821447
0.239543297	0.483751288	0.223480396	0.329272077	0.166051873	0.972016287
0.309335361	0.34602319	0.281449999	0.896122939	0.001154213	0.147683344
0.248867198	0.276451729	0.203098793	0.089445977	0.353320803	0.504615534
0.140350212	0.291661364	0.378541814	0.696818706	0.184019263	0.515993502
0.130832626	0.467453074	0.360067863	0.714484877	0.440453533	0.70008684
0.399768324	0.210115538	0.310030524	0.433579745	0.199222965	0
0.153254577	0.447909202	0.367943483	0.416508916	0.346722952	0.373471479
0.208390094	0.401945517	0.12063099	0.437838858	0.15060862	0.678204866
0.194835793	0.564014393	0.400838832	0.257017811	0.348118478	0.444325501
0.235150358	0.342081893	0.220233694	0.038754405	0.209696429	0.035956954
0.193467579	0.422659854	0.242545672	0.727408754	0.328722249	0.039127817
0.138999297	0.435288852	0.254707918	0.000385127	0.242819134	0.215795405
0.143881692	0.277156222	0.170539581	0.333641203	0.281018401	0.322377489
0.089627514	0.336870274	0.16760598	0.467382828	0.224549074	0.145876987
0.19844451	0.443354152	0.283182773	0.681951421	0.206988223	0.62398413
0.063135926	0.277545117	0.263975213	0.561513447	0.216400987	0.439088455
0.244264324	0.406975926	0.224724422	0.723849099	0.204875595	0.858087106
0.239208454	0.353210241	0.029084669	0.714168637	0.247186608	0.089021695
0.100783187	0.246890924	0.228943934	0.826472305	0.298179499	0.52705401
0.234731112	0.471669687	0.290973031	0.508687666	0.031363965	0.67703874
0.229983506	0.344969482	0.194775617	0.560080414	0.12903329	0.308469935
0.264028301	0.414094472	0.276607434	0.403411294	0.24775705	0.624879352
0.212603886	0.322051187	0.288866368	0.934504772	0.267502481	0.685136042
0.177223094	0.175439699	0.265069301	0.476012591	0.277766385	0.143280057
0.311371544	0.451120116	0.332761912	0.846652283	0.2704395	0.027576182
0.17372419	0.327651399	0.186169656	0.994584577	0.34825194	0.425596914
0.247564477	0.287959742	0.210659403	0.772189708	0.145420935	0.901951522
0.304731255	0.672648113	0.12912169	0.579673349	0.28008073	0.058617854
0.136542677	0.407971965	0.231103912	0.492283997	0.357237267	0.223149937
0.075064028	0.205949736	0.237191228	0.300354481	0.166738152	0.790352116
0.20249298	0.320257705	0.154049602	0.442052844	0.196212607	0.620052878
0.241766309	0.598952465	0.275962981	0.298775455	0.25370944	0.665854062
0.186607809	0.195266079	0.213871977	0.479673935	0.358977113	0.803632641
0.263263498	0.600375238	0.355529915	0.965330213	0.162593361	0.915084296
0.10283649	0.318137191	0.172750789	0.154254443	0.207182121	0.865527711
0.191090544	0.325328057	0.152610465	0.76975146	0.332700648	0.748293935
0.23372955	0.225837318	0.242684154	0.447592926	0.060499929	0.444772616
0.192227277	0.270675873	0.339838484	0.203018413	0.330547885	0.077975438
0.244430278	0.580120763	0.268601423	0.874816647	0.340685958	0.022247288
0.108069902	0.290934929	0.205880111	0.892413922	0.222798377	0.058082172
0.255091583	0.492983226	0.240104976	0.816979039	0.307099959	0.73084485
0.246910955	0.519445534	0.371365209	0.423063646	0.235940788	0.336560989
0.218296114	0.435682151	0.438800939	0.816835277	0.199128322	0.304851761
0.251846232	0.363633538	0.138807268	0.838345237	0.305132826	0.007232896
0.273227334	0.200567001	0.287898284	0.333118291	0.266880923	0.788905951
0.192952651	0.361084826	0.060736386	0.032032102	0.11861515	0.156975101
0.226530023	0.283578788	0.266615678	0.82769226	0.188116533	0.169860489
0.286950725	0.310021805	0.153654034	0.229080665	0.274563962	0.589361708
0.272306881	0.574106546	0.165358335	0.672116725	0.17084901	0.137066357
0.195531404	0	0.240762344	0.120400464	0.209940775	0.710145247
0.150990485	0.377852594	0.283777978	0.136942989	0.213718126	0.375877283
0.080191862	0.428447548	0.224123335	0.092057443	0.220771581	0.192491363
0.250522016	0.611675723	0.12422381	0.976517096	0.193767632	0.57312489
0.230346574	0.355416096	0.160635376	0.680708958	0.134259369	0.728932802
0.185639616	0.491479255	0.279461781	0.261974051	0.074379832	0.28406481
0.324022089	0.513579505	0.263309338	0.491623429	0.110991297	0.690752909
0.208587571	0.530300099	0.113043035	0.034911161	0.287892941	0.950092192
0.194867525	0.194248649	0.268013565	0.490305784	0.271432125	0.351058305
0.156536139	0.569797083	0.236929836	0.814447826	0.304779971	0.642204089
0.252607937	0.35440583	0.216572433	0.370947253	0.268534634	0.95738488
0.283172167	0.256749632	0.148348946	0.339039822	0.263477303	0.590586433
0.218426628	0.33871571	0.27615876	0.510260539	0.335165351	0.496895206
0.26703305	0.302206518	0.259268728	0.815796732	0.168750945	0.486934722
0.336663708	0.314392438	0.268475718	0.908339039	0.181629436	0.162368904
0.11602381	0.5426277	0.304625926	0.058395946	0.309580867	0.825901173
0.181351654	0.411457709	0.436894545	0.413773	0.309071155	0.06180443
0.201809919	0.163038653	0.382817203	0.031619149	0.042526833	0.731534265
0.244522007	0.292916467	0.222969986	0.013473446	0.259165374	0.472246771
0.083314694	0.357311335	0.209036259	0.6516499	0.163778245	0.487270446
0.20322356	0.466615233	0.326027134	0.032679941	0.220164664	0.488559681
0.262437454	0.309954669	0.146617681	0.779386617	0.348113368	0.803960118
0.202238366	0.193822853	0.080429335	0.101982634	0.352562271	0.942081084
0.18731575	0.252053022	0.432323708	0.682322863	0.266067907	0.123337185
0.173775927	0.399451887	0.081006978	0.019791055	0.227675546	0.447406787
0.220797563	0.448354035	0.273946041	0.029847819	0.141821266	0.840203775
0.270131019	0.41293607	0.310089408	0.195562745	0.30907464	0.470023349
0.100954914	0.19969178	0.226391024	0.331695316	0.395657527	0.152769585
0.173382001	0.475610351	0.206067265	0.033692679	0.395004251	0.111785566
0.270313341	0.358220395	0.136962819	0.213341317	0.094011137	0.19478751
0.20462944	0.371180388	0.29264943	0.388864766	0.162553079	0.106862463
0.187764959	0.312438112	0.16759641	0.890284195	0.3385425	0.217351155
0.274244256	0.360308076	0.411835338	0.116037343	0.004113984	0.218062946
0.372816667	0.361629788	0.325587643	0.474231215	0.295088747	0.502417295
0.207065686	0.419537834	0.070588101	0.700162284	0.29883859	0.208056374
0.223521963	0.559106661	0.162847835	0.891752364	0.134620141	0.738448642
0.199220711	0.239121762	0.234125963	0.514347045	0.216463668	0.119726342
0.308097848	0.492210381	0.248650417	0.807314414	0.252985167	0.497179974
0.392784058	0.438836343	0.171431129	0.504232231	0.213694749	0.537433086
0.196794087	0.369220694	0.212440385	0.449641062	0.133528499	0.992115042
0.276271228	0.395638428	0.226447653	0.20923587	0.284315114	0.275955044
0.273672539	0.240983482	0.235898049	0.432557423	0.062252012	0.813066384
0.235297374	0.53511061	0.327287718	0.460914967	0.084112939	0.151420383
0.100826496	0.274207344	0.25779388	0.95478266	0.319674877	0.513584158
0.030451098	0.611535177	0.164259966	0.07188328	0.239911031	0.689956079
0.182041741	0.550278697	0.203748261	0.056427249	0.368534676	0.194784287
0.267987848	0.511249471	0.406590962	0.906930193	0.259212464	0.601462499
0.131591762	0.525185656	0.203729029	0.946079011	0.292510446	0.015251433
0.181015343	0.430786221	0.32684655	0.373126797	0.207432037	0.345450268
0.1651019	0.136615048	0.314697873	0.512018526	0.422855463	0.406708514
0.288444386	0.691902818	0.226346498	0.076759375	0.260430399	0.262768223
0.147897983	0.178944219	0.36692216	0.229423925	0.38763103	0.003439375
0.301239566	0.360849329	0.0677905	0.36686153	0.165722821	0.365761698
0.207790926	0.323193768	0.168390356	0.768505194	0.235835734	0.395244693
0.267192623	0.555231858	0.345792818	0.771778187	0.196073304	0.979304644
0.312817057	0.487571191	0.295189623	0.435854474	0.198541775	0.601771831
0.193030449	0.431483155	0.370129113	0.618400626	0.116652287	0.729751594
0.354696052	0.167593733	0.315176546	0.72471467	0.433287728	0.75508634
0.221948659	0.341261523	0.136665302	0.178928661	0.243867567	0.883059118
0.268637108	0.476384813	0.252883042	0.59273918	0.262071639	0.946567597
0.32663652	0.338273795	0.23040145	0.94639665	0.340880895	0.931919042
0.126616763	0.288149045	0.34884112	0.662481941	0.222586142	0.614209926
0.289637381	0.552798407	0.198352991	0.518829089	0.298260271	0.11128291
0.306243547	0.40533158	0.156063624	0.796142537	0.119600698	0.651231297
0.218988341	0.30149579	0.317040212	0.33632167	0.110423593	0.610576613
0.158587411	0.37392692	0.400987742	0.049407254	0.424662901	0.977200422
0.241673607	0.675200407	0.379466651	0.42476697	0.193352732	0.54684444
0.312025947	0.316626059	0.290195211	0.856647319	0.202630216	0.537170581
0.314277583	0.643058004	0.186252413	0.543342679	0.094497424	0.765145921
0.189991713	0.270768365	0.264406222	0.631789771	0.244566287	0.6617532
0.18361575	0.603406412	0.240748163	0.99699539	0.413915076	0.347794169
0.186668487	0.191472505	0.247082963	0.14257286	0.414211519	0.780602886
0.209965368	0.434591701	0.30468362	0.905140737	0.224482227	0.198867179
0.253498917	0.301267217	0.271655817	0.060641262	0.090476196	0.865237052
0.388392874	0.486649952	0.251646227	0.051468332	0.262194175	0.709339809
0.282705767	0.417593448	0.164963917	0.091529034	0.208539177	0.395418388
0.25671385	0.471040948	0.175023021	0.321308907	0.265576513	0.355082502
0.098276925	0.295703842	0.184819716	0.743833835	0.389898248	0.759585141
0.224350894	0.608067671	0.185968204	0.294672004	0.38797417	0.451654997
0.183189753	0.519547983	0.39138485	0.536952117	0.335415959	0.148869498
0.241331445	0.297291139	0.278589757	0.763284836	0.286892769	0.435212545
0.276836119	0.422887318	0.332628732	0.346138624	0.385098908	0.125889926
0.278958607	0.399140123	0.418686952	0.298717191	0.247023503	0.644518464
0.266855562	0.474701601	0.186116846	0.531124605	0.122074029	0.921251667
0.293886143	0.218063303	0.365752546	0.119655019	0.313751913	0.523936309
0.294250265	0.294089737	0.252094917	0.416373057	0.220073904	0.916362755
0.280370154	0.571486623	0.259616495	0.398726846	0.015761713	0.171490534
0.162368406	0.427187843	0.282532931	0.595566731	0.122554889	0.856223188
0.154766615	0.378236256	0.333120723	0.299579496	0.311233312	0.305254511
0.205924524	0.452113983	0.338045579	0.26990423	0.277911742	0.391822835
0.198654011	0.565705276	0.281156915	0.165548173	0.328788494	0.036054451
0.099512223	0.341612682	0.291180236	0.117787115	0.36949337	0.433651848
0.186770569	0.345740592	0.324181258	0.695412903	0.294744442	0.469261104
0.020720772	0.332939951	0.150691933	0.648114665	0.195074607	0.080324292
0.29444092	0.632596348	0.278263975	0.647821241	0.357876143	0.546110939
0.137800536	0.388174965	0.249453507	0.647742414	0.26384232	0.423018118
0.316206906	0.319787002	0.257741588	0.126449705	0.288747287	0.868319982
0.280301434	0.502113805	0.33715169	0.030587435	0.187828229	0.949245435
0.277801695	0.379408368	0.257760368	0.012203298	0.273621576	0.655811607
0.299326366	0.472928283	0.220637816	0.99396514	0.23246365	0.108206845
0.289356015	0.493913691	0.377743605	0.017209014	0.276968148	0.657607032
0.103157318	0.49105442	0.16125652	0.743683929	0.412505341	0.74025032
0.251142193	0.733135203	0.405702966	0.444631333	0.347633711	0.463020572
0.185352671	0.316704301	0.233148557	0.025900306	0.229231072	0.335007183
0.230230636	0.23028074	0.197314054	0.912962827	0.129269547	0.586475647
0.103511609	0.399383493	0.301636915	0.526409157	0.152439557	0.487093757
0.246264051	0.397807309	0.355540486	0.901690932	0.284614946	0.826267566
0.2376737	0.451811799	0.076247498	0.953878287	0.229293029	0.681343321
0.214134985	0.425394656	0.152117493	0.294478395	0.065835049	0.262875781
0.20081398	0.522261352	0.191063045	0.791246092	0.283800361	0.533311811
0.19954128	0.202294435	0.403632831	0.38328833	0.095198683	0.819186397
0.285849706	0.345299054	0.218925995	0.124750582	0.15989267	0.138999155
0.194725914	0.420157251	0.191859145	0.985590901	0.430283844	0.647117035
0.172813189	0.454296644	0.241128307	0.404672273	0.21083831	0.772482931
0.221257003	0.373434783	0.407677919	0.44873054	0.404188318	0.979184821
0.277012954	0.337382392	0.158831768	0.99832572	0.285785556	0.847242414
0.119425286	0.398817564	0.207964439	0.207179558	0.113057619	0.302168286
0.314641375	0.345147237	0.380388266	0.830794374	0.309679574	0.507088513
0.213006124	0.354176835	0.27140754	0.362225035	0.21758941	0.668755598
0.209300556	0.180390818	0.233309729	0.423298395	0.326766943	0.993171975
0.138287845	0.343922924	0.223764489	0.342185399	0.190329553	0.402408932
0.10978542	0.360104035	0.257483329	0.580774965	0.230180038	0.231991148
0.11950014	0.576437287	0.195256597	0.822437464	0.245535679	0.153634445
0.287169807	0.449948976	0.143917972	0.11615528	0.264605074	0.494910542
0.185069781	0.238385648	0.279028859	0.918101893	0.269253891	0.580232949
0.314789027	0.143537813	0.282786929	0.897626799	0.21015059	0.690300056
0.324506623	0.237966891	0.446407876	0.203058287	0.213742656	0.56962973
0.14775789	0.423246621	0.317426189	0.415273267	0.25164952	0.211106475
0.180017196	0.488329761	0.272064689	0.161880551	0.328013193	0.113269667
0.275183951	0.410932737	0	0.94025969	0.180436828	0.7947895
0.220041974	0.429239623	0.226247638	0.871493328	0.317155569	0.904353491
0.236760687	0.234852659	0.301951239	0.937951185	2.77556E-17	0.673959124
0.18158814	0.216402756	0.175050456	0.038250016	0.107253664	0.357358948
0.288534865	0.510877846	0.347447836	0.423382389	0.352199873	0.826980676
0.278584933	0.37273402	0.086318136	0.711058709	0.121491441	0.146459318
0.321688809	0.543793052	0.3065922	0.203009724	0.328830945	0.518083025
0.162230489	0.383638497	0.211869728	0.687055797	0.227576623	0.098550205
0.160400206	0.31615513	0.342722106	0.685110535	0.285601106	0.156137635
0.371530949	0.307551828	0.300493666	0.679125224	0.301423881	0.189590415
0.232967051	0.206767687	0.17761539	0.387286673	0.473374243	0.28205844
0.192886282	0.299552908	0.094155507	0.21248305	0.357009139	0.968031605
0.290811749	0.460744959	0.256186172	0.924128907	0.344938297	0.416046066
0.125123908	0.354495548	0.425806906	0.360191263	0.292735745	0.742649959
0.212143941	0.422898987	0.466597432	0.271712921	0.227341792	0.672736117
0.150807261	0.282800827	0.224278847	0.440555466	0.24622743	0.87284672
0.328613625	0.331325562	0.341168968	0.84695353	0.281309503	0.214912342
0.304519777	0.723510157	0.236903826	0.643588861	0.181039699	0.546344605
0.214333793	0.365081452	0.282779196	0.333450232	0.162877965	0.237336421
0.221018114	0.19566585	0.309960787	0.470592696	0.252949386	0.914857572
0.175250218	0.441280213	0.247632366	0.07633283	0.294745243	0.391978251
0.17765041	0.453747784	0.282972145	0.773247237	0.450505064	0.170868048
0.223851215	0.472747874	0.067775275	0.338920984	0.123568015	0.044609907
0.088463893	0.166144365	0.35774624	0.60737201	0.360425838	0.566348493
0.337448209	0.317809307	0.301392804	0.20087733	0.314814858	0.771317763
0.10665795	0.705136079	0.087600889	0.206556084	0.211115516	0.649424925
0.219749875	0.251649845	0.168435475	0.606530198	0.447392042	0.542440549
0.301731597	0.420714246	0.174108686	0.714367602	0.366310624	0.850032276
0.155008863	0.462353463	0.431277148	0.361586905	0.165525539	0.860496249
0.161986602	0.334757906	0.166748071	0.090661838	0.287038837	0.85747907
0.176801907	0.296436946	0.178604227	0.653210941	0.260542257	0.284323065
0.280580124	0.400799827	0.218115898	0.158422669	0.192062848	0.978843112
0.209956155	0.615387862	0.249150859	0.091703913	0.154106014	0.342806371
0.339961923	0.414672567	0.46227469	0.856388942	0.260722557	0.700336859
0.255822372	0.240627967	0.222158877	0.326677497	0.315934729	0.996476969
0.261112177	0.375846187	0.237866308	0.785228469	0.151401486	0.585382273
0.286564071	0.585556256	0.176025687	0.939215331	0.22798868	0.333118316
0.107539017	0.252389187	0.246298616	0.373339302	0.271276916	0.143618014
0.28499912	0.298590026	0.264163098	0.680807689	0.241362601	0.90981224
0.253770493	0.411647945	0.374236758	0.178435605	0.270642616	0.253353147
0.346665824	0.296130097	0.312763507	0.118508652	0.275272799	0.452965
0.45283817	0.471162366	0.174048419	0.83456758	0.24637502	0.480172147
0.276687276	0.401096297	0.130324741	0.494579751	0.2325805	0.643933344
0.049006139	0.45920571	0.223784727	0.215885835	0.253007931	0.945846306
0.295896813	0.301043917	0.219214249	0.815918006	0.168187386	0.212985638
0.130705946	0.372024585	0.238068618	0.400749721	0.106716772	0.48670602
0.233618462	0.38934126	0.239616271	1	0.298729767	0.112073431
0.341610707	0.382639659	0.1960144	0.236701222	0.231652658	0.398187657
0.247797036	0.64893448	0.252769577	0.155517827	0.248287526	0.678308766
0.251715192	0.253505378	0.29620177	0.940317265	0.452014894	0.016189397
0.334987533	0.378059484	0.348675098	0.483430639	0.259965636	0.315303553
0.184567863	0.241058646	0.309544011	0.317758468	0.298390555	0.296372631
0.339001697	0.358776622	0.264784357	0.416179745	0.335169076	0.166009419
0.32020494	0.276489933	0.187230329	0.972457746	0.299992683	0.198889205
0.320046222	0.482430415	0.100858676	0.991640902	0.329509004	0.634443215
0.339391263	0.465485156	0.323701566	0.002420827	0.378124895	0.176304576
0.093043873	0.398808131	0.150805268	0.862619127	0.231376233	0.466120513
0.151365309	0.401918566	0.31037953	0.539389261	0.281649803	0.880780042
0.288105989	0.257555014	0.332262985	0.188444209	0.210324771	0.195874952
0.238771089	0.230117334	0.149236577	0.269186203	0.418222589	0.462078908
0.195819865	0.373227558	0.176492203	0.170668466	0.152249967	0.039891911
0.18524688	0.160981154	0.19406035	0.972359905	0.313070332	0.15350567
0.211853655	0.226765839	0.22807246	0.010030405	0.180811845	0.991688288
0.235964463	0.221795072	0.280408319	0.55048206	0.127644261	0.937520591
0.254299771	0.340979146	0.042324371	0.151620814	0.18716865	0.970331868
0.100478742	0.524237645	0.222791001	0.028445866	0.217009185	0.292734763
0.242937851	0.242491385	0.332079526	0	0.206135396	0.721292921
0.17020872	0.283481414	0.184430595	0.335466492	0.270481285	0.496614227
0.237070227	0.295117389	0.271074788	0.051202199	0.304944148	0.565420499
0.284923011	0.23880377	0.072329426	0.608256552	0.245157964	0.357367272
0.159903699	0.500923886	0.212436624	0.30621517	0.291983656	0.280066357
0.188770164	0.325578653	0.104731929	0.737626896	0.19444056	0.264173704
0.108416214	0.418041785	0.262010071	0.562044341	0.272144888	0.620593222
0.19470713	0.296120449	0.424686172	0.912173181	0.279363787	0.516574816
0.254632576	0.544905113	0.172423122	0.847462125	0.144228983	0.381693081
0.322008204	0.443174164	0.283531237	0.231742544	0.261615119	0.373846192
0.203326544	0.376997172	0.10792121	0.612409364	0.386656982	0.831657155
0.243172862	0.404590088	0.233398214	0.37116979	0.183389986	0.344459003
0.063386323	0.54327869	0.117667957	0.96518617	0.463663788	0.570616627
0.337668549	0.372851478	0.233461824	0.657744889	0.334226433	0.219732182
0.313743201	0.241423682	0.233481983	0.994794256	0.248526636	0.078501516
0.26204177	0.370843909	0.173528681	0.921405443	0.278431977	0.228357334
0.147280938	0.386587855	0.275285107	0.468989882	0.409991755	0.955733304
0.074616836	0.537659292	0.337499563	0.716443794	0.247471279	0.060639137
0.160990456	0.379321238	0.243255694	0.574256504	0.255572821	0.420601247
0.189102849	0.563365851	0.285708259	0.598606183	0.300347867	0.438024092
0.105448266	0.594915114	0.276005735	0.703884306	0.312495506	0.50927942
0.19689121	0.523715764	0.066981955	0.151729653	0.129310114	0.711182505
0.248219205	0.457968018	0.196639181	0.094983689	0.291950606	0.274931124
0.28173808	0.141528443	0.173729434	0.430151015	0.19768629	0.010951933
0.125801012	0.352866472	0.182311023	0.960323239	0.150140202	0.064953818
0.221600376	0.399821758	0.183342488	0.345432276	0.358743913	0.351453299
0.254233287	0.450598744	0.081524249	0.583771611	0.294236502	0.11549467
0.254227535	0.405484951	0.368506569	0.673426436	0.183501276	0.277503061
0.239979765	0.112624988	0.219268377	0.537505524	0.211854236	0.378320036
0.186748353	0.309941966	0.225536326	0.111952159	0.211758595	0.026311685
0.038596455	0.38560483	0.227827178	0.469369929	0.11392226	0.649913137
0.242434856	0.417858365	0.223098177	0.512061401	0.134449119	0.509897124
0.13182908	0.304682206	0.295111103	0.342423046	0.124837234	0.432974077
0.107962735	0.30114745	0.363493995	0.88514619	0.146614274	0.160096041
0.064418155	0.181293424	0.246732162	0.642932208	0.283071335	0.538739512
0.258602275	0.320590085	0.258689294	0.033236907	0.19794037	0.747896725
0.190077311	0.262250051	0.152031074	0.951614141	0.220789323	0.567867533
0.077768307	0.300581516	0.13933147	0.090746793	0.195083551	0.839005914
0.21600699	0.478803612	0.315216301	0.8561881	0.29552636	0.479807239
0.185374172	0.472426566	0.257725521	0.835981113	0.07817859	0.545617815
0.179303334	0.362773556	0.296066092	0.629758517	0.130506747	0.430085263
0.281560906	0.566594115	0.274120305	0.437691264	0.23658542	0.402319094
0.141904224	0.40578992	0.286743477	0.454847482	0.256233528	0.240264063
0.121413476	0.370571222	0.106248604	0.187557486	0.330029238	0.704190598
0.341776165	0.383614672	0.211833713	0.791116033	0.255032405	0.272036268
0.276481553	0.300073869	0.261173575	0.212854903	0.244249082	0.228621056
0.161290825	0.29742412	0.125332259	0.421260859	0.230063609	0.629979882
0.226860424	0.447867589	0.257476681	0.703100423	0.113024963	0.30306277
0.234195728	0.479476197	0.141225189	0.553987961	0.383304692	0.467787783
0.162088725	0.185129443	0.187505851	0.797283494	0.359594752	0.134533017
0.280728119	0.399115969	0.210392724	0.816926327	0.273996203	0.315725944
0.168961542	0.377160911	0.319051299	0.253185054	0.209932541	0.364977652
0.265903059	0.181768634	0.334467058	0.950078692	0.282713652	0.431516
0.242917137	0.413232643	0.15710671	0.914227057	0.382257184	0.719156197
0.305506084	0.562072059	0.39198681	0.551339689	0.165161024	0.24437115
0.087733877	0.363810388	0.115184136	6.95987E-05	0.374323909	0.386117098
0.280075934	0.377247313	0.372935286	0.58871308	0.171669406	0.872657921
0.085991505	0.254316144	0.242342189	0.49602284	0.249093271	0.6700747
0.262277058	0.070769331	0.178249456	0.629141358	0.098003176	0.058352343
0.262784837	0.3077139	0.171450311	0.903754404	0.285966117	0.561031162
0.241051446	0.478414562	0.145660781	0.555471925	0.083654092	0.090213383
0.275447466	0.373303266	0.155841494	0.118581273	0.170626285	0.549087169
0.197240931	0.348971205	0.289605494	0.018809468	0.302007274	0.526646892
0.141968651	0.453849092	0.294161838	0.521305114	0.351162415	0.625980055
0.087557091	0.40439458	0.231630229	0.715200399	0.418867539	0.326675306
0.238237091	0.522047678	0.131500887	0.664690126	0.12970283	0.884336238
0.149179592	0.33395657	0.156838079	0.176371437	0.196250372	0.374236789
0.225578831	0.495533113	0.309061288	0.038375537	0.288008147	0.066504221
0.276599623	0.343630283	0.211834539	0.265274222	0.119683661	0.689856577
0.174715317	0.355510763	0.22398695	0.729494933	0.307401876	1
0.080521836	0.367383311	0.246203513	0.24989411	0.215277735	0.917716438
0.197724326	0.581716147	0.173235376	0.497611756	0.137058237	0.067787322
0.172019485	0.406006271	0.199632442	0.555732312	0.212334428	0.753490268
0.243813418	0.449652643	0.145453414	0.036148995	0.249939975	0.234575178
0.261058894	0.514899729	0.224908962	0.054375477	0.357619837	0.989422318
0.480537839	0.840500237	0.772941651	0.414605343	0.647395828	0.620484392
0.862081044	0.734310609	0.637748041	0.394154108	0.783325417	0.45182893
0.740520537	0.430706372	0.567737294	0.53589911	0.619825402	0.651728931
0.668797413	0.950351024	0.696779832	0.401620092	0.623198478	0.493423494
0.279177406	0.871136614	0.584256692	0.365974886	0.611023162	0.246157482
0.790517208	0.782728816	0.753216785	0.461615596	0.770586045	0.565261417
0.83786649	0.924849444	0.618768134	0.353105753	0.71718874	0.306044566
0.544605326	0.781070235	0.632707017	0.428868098	0.712958489	0.443494249
0.700484516	0.868582514	0.691001483	0.472571163	0.724635238	0.51196382
0.611307116	0.744642983	0.634897966	0.58435532	0.729708801	0.513292105
0.308308888	0.923183848	0.568279303	0.426504558	0.70980652	0.521446421
0.80358802	0.582935273	0.544378343	0.389410842	0.705721202	0.345433296
0.881310679	0.487866019	0.711356566	0.616164117	0.696139019	0.544674204
0.273607507	0.993639356	0.596316796	0.556740354	0.740846896	0.540139789
0.993686262	0.705885348	0.647188212	0.314422399	0.616281755	0.571748857
0.955168184	0.663493338	0.620622798	0.628539535	0.620667642	0.509641244
0.762125493	0.518352218	0.797830376	0.515404438	0.590419859	0.502204787
0.597144027	0.397504041	0.780247341	0.371444275	0.857700898	0.570523266
0.904139378	0.70561618	0.64578228	0.570439814	0.905165938	0.566465366
0.63367451	0.614834739	0.634104937	0.528019758	0.611377598	0.366784519
0.442046054	0.399036486	0.573228311	0.387103883	0.763900497	0.432346134
0.358068881	0.758427592	0.609674236	0.410849292	0.653769236	0.555358456
0.26390785	0.782622445	0.657272869	0.43068879	0.650780574	0.636925259
0.883351204	0.549156093	0.682317436	0.603627525	0.703072004	0.582605035
0.28630161	0.911557442	0.620489577	0.457022284	0.689488154	0.50503692
0.375461028	0.430295256	0.603693858	0.377310158	0.718073143	0.483850451
0.862438697	0.799068385	0.780030798	0.441508333	0.825151677	0.492732237
0.844904882	0.614796305	0.586558919	0.599684107	0.630714303	0.604999696
0.443778114	0.758316718	0.579934502	0.5356474	0.58393161	0.394901967
0.267308909	0.816867914	0.7455942	0.445962565	0.830022562	0.375625114
0.417506286	0.964371537	0.679733251	0.455125963	0.681480051	0.484578438
0.310635058	0.613550659	0.757586797	0.557023649	0.57633502	0.559174173
0.910154624	0.434027607	0.592131502	0.437692214	0.74946563	0.404339085
0.92940468	0.920283442	0.662501267	0.202537607	0.678739178	0.495520064
0.738226873	0.579199586	0.636474466	0.438635587	0.715613207	0.427772596
0.964201019	0.67004234	0.615050432	0.297593326	0.837443083	0.523452284
0.991663893	0.59455236	0.703474205	0.452479424	0.796008833	0.523277355
0.996061374	0.803298336	0.585287122	0.553997023	0.881806926	0.489663819
0.896149059	0.540639231	0.756137645	0.461720929	0.586596877	0.257703247
0.398463895	0.422134206	0.735112139	0.49384711	0.548894521	0.731102482
0.904797424	0.760658313	0.824745759	0.400865659	0.780195231	0.435822451
0.953347824	0.718041572	0.615879337	0.489322002	0.76694803	0.448431263
0.871931259	0.43296587	0.920400381	0.48952971	0.764359885	0.409114966
0.452119045	0.659589995	0.576932748	0.505032291	0.706970809	0.33184991
0.946076265	0.457718088	0.763782397	0.440836983	0.813417361	0.561750868
0.248834492	0.921726685	0.660061422	0.527215333	0.796055898	0.610351037
0.93808675	0.704139104	0.517182849	0.5449043	0.641393905	0.422221183
0.586343062	0.628410223	0.679256254	0.359145597	0.752984891	0.579254381
0.89773283	0.997157414	0.595891827	0.438487255	0.712766982	0.741185741
0.448261387	0.727941868	0.562698833	0.606759349	0.846660432	0.350253494
0.73354828	0.759689996	0.634617011	0.599925991	0.953460215	0.383868705
0.675175699	0.479468024	0.666852526	0.456613317	0.710008913	0.680293341
0.51839597	0.508373793	0.72810439	0.529452993	0.644776619	0.659891802
0.354764891	0.846551835	0.774532951	0.611863762	0.675071756	0.389991783
0.798366347	0.841515369	0.721199029	0.489029817	0.780801667	0.426679585
0.808059648	0.618649688	0.647084188	0.390638499	0.732545431	0.597214882
0.96711474	0.505834024	0.729456592	0.397437533	0.874379087	0.485318851
0.643344821	0.767994674	0.564860022	0.508349507	0.580882867	0.534782835
0.626519442	0.578858666	0.957021843	0.524963334	0.836628588	0.447479667
0.997995949	0.421614936	0.799805411	0.488451566	0.745333743	0.651585155
0.603007869	0.484219659	0.766856504	0.53324984	0.79939038	0.399079325
0.72501735	0.866854451	0.702173469	0.424413164	0.655355446	0.545090842
0.555207678	0.721075804	0.539933069	0.535460057	0.792602168	0.49986465
0.717613242	0.614792538	0.739185832	0.623872235	0.646946895	0.618105864
0.898090074	0.855598367	0.582141659	0.517602177	0.7789812	0.468885983
0.408124524	0.81269603	0.665200238	0.32061251	0.877688085	0.480765488
0.931956399	0.525035257	0.78823278	0.55778127	0.602010825	0.602071474
0.482365303	0.727191575	0.740330251	0.636923643	0.751420618	0.407050972
0.440465221	0.922775053	0.793844591	0.34910031	0.678056874	0.50643767
0.544388821	0.889347331	0.616263939	0.44132185	0.696081939	0.672243179
0.502051796	0.970515957	0.653338384	0.393087787	0.658177929	0.49161843
0.817737356	0.752909052	0.7895988	0.521078554	0.77453112	0.450855701
0.367119182	0.415083921	0.652735963	0.50323448	0.787664603	0.590738219
0.40183701	0.51587476	0.685496802	0.641558884	0.592101932	0.529988357
0.227198549	0.881693019	0.651576609	0.468866186	0.849816863	0.585905555
0.325316564	0.525882879	0.767723327	0.567747944	0.700328992	0.706260634
0.475444209	0.622075672	0.660030262	0.356408637	0.638455193	0.467364502
0.471326974	0.947636828	0.769818647	0.42729642	0.855794546	0.548744284
0.692247324	0.418603086	0.531415897	0.517892008	0.671941761	0.530164677
0.793840458	0.945033938	0.740082153	0.45103862	0.742890627	0.520612927
0.918582241	0.914118449	0.826579731	0.456994266	0.762607228	0.474979156
0.33224091	0.820369266	0.680791776	0.325132223	0.716627321	0.429842732
0.376152193	0.673884934	0.684517771	0.487322325	0.806980892	0.653101224
0.409450746	0.863065326	0.745555846	0.355475841	0.729156046	0.464480857
0.265866647	0.982883253	0.581378263	0.476138062	0.69521009	0.279311349
0.274190836	0.952966386	0.711759595	0.565852509	0.790662492	0.526391287
0.554699751	0.873127255	0.838489493	0.43793196	0.698547189	0.651752346
0.578327511	0.439215146	0.7285949	0.54674315	0.717893014	0.430980254
0.687463039	0.877786756	0.540134353	0.307341937	0.734483559	0.529343495
0.838397704	0.689593709	0.57912163	0.390086635	0.59889302	0.429469926
0.978360748	0.81943976	0.761345019	0.649522059	0.675188466	0.634861445
0.541876447	0.680147691	0.583235687	0.752057605	0.711131387	0.459779136
0.513617255	0.749709067	0.806502056	0.403692866	0.746616745	0.259217513
0.919059981	0.819655748	0.688504091	0.484544893	0.671542377	0.562601361
0.378052521	0.82164297	0.639901943	0.608994967	0.681491107	0.511724471
0.690430855	0.608727668	0.612987426	0.549815873	0.610110402	0.469809803
0.257079578	0.692884422	0.736637412	0.414694618	0.712096194	0.430205429
0.585255788	0.887890762	0.804936114	0.643526423	0.694554463	0.396391769
0.900916903	0.862404058	0.785002984	0.455955702	0.819170662	0.595547472
0.418993109	0.649457593	0.504986603	0.547129093	0.654582558	0.563575511
0.993279914	0.959410983	0.564918634	0.418069908	0.86525673	0.391302395
0.244786232	0.815642215	0.714880431	0.436052242	0.667831688	0.558767832
0.247133825	0.925828594	0.552374364	0.354698578	0.613568615	0.511290425
0.547208198	0.694929135	0.658645251	0.599905991	0.701820186	0.525563114
0.606029127	0.462721598	0.653537546	0.435316048	0.695926867	0.385567172
0.310184122	0.395134019	0.517606923	0.266884681	0.84509035	0.487820103
0.932728638	0.499560869	0.675649172	0.444336869	0.595923692	0.545229423
0.448486758	0.518304778	0.538657564	0.487599084	0.653485062	0.483089188
0.530790231	0.951522334	0.681978445	0.484992411	0.817571429	0.463396001
0.881095646	0.762372588	0.724127625	0.42747135	0.811057063	0.439294956
0.538762225	0.977289552	0.641731904	0.595084313	0.738229628	0.468765276
0.329668626	0.419659675	0.618536599	0.490728484	0.662015884	0.285392773
0.378006154	0.932635193	0.622789221	0.572002134	0.781303019	0.50797533
0.76185317	0.953410596	1	0.28300749	0.543523619	0.354576554
0.565838096	0.659724969	0.695728062	0.402435507	0.773632149	0.576522572
0.625749552	0.526565488	0.60143403	0.328914003	0.765694623	0.361896694
0.411164514	0.889872438	0.770461941	0.365296492	0.847812047	0.543969754
0.304379412	0.859355625	0.675447654	0.451815946	0.618307442	0.609079539
0.539410161	0.677098351	0.517308967	0.652886933	0.624300505	0.345254026
0.830237809	0.447921225	0.696838366	0.749875714	0.776646085	0.440360542
0.37466482	0.557864466	0.751081166	0.39849527	0.804400742	0.557571037
0.618140154	0.56996189	0.666381269	0.608920404	0.713490495	0.400132845
0.995820813	0.428859439	0.822288612	0.344377536	0.73063529	0.466559864
0.925863485	0.782406695	0.768371047	0.54471472	0.865397609	0.665714967
0.236900603	0.423690742	0.648438965	0.337668959	0.815942364	0.60984119
0.546911318	0.85901442	0.731974712	0.519583238	0.784879557	0.629282968
0.568494012	0.838369486	0.698150928	0.591510662	0.861403135	0.448041904
0.345641789	0.592786926	0.75958171	0.51577136	0.637936226	0.63801474
0.982655939	0.975877691	0.793862543	0.486273532	0.754839789	0.515152136
0.663759349	0.413714037	0.577702533	0.461395146	0.568587281	0.483667094
0.960375796	0.425309485	0.579641512	0.417837458	0.787799922	0.46729125
0.375271763	0.456594222	0.780211025	0.428058355	0.658927238	0.634637771
0.915548512	1	0.894608909	0.46618032	0.595483022	0.443616511
0.303984229	0.855917191	0.620123528	0.449808398	0.62450749	0.401886268
0.324205148	0.958978395	0.594991386	0.457950169	0.718498135	0.560911594
0.659147456	0.988432421	0.784524267	0.611795657	0.959068886	0.59348404
0.687952915	0.507149469	0.631257591	0.377059352	0.717732501	0.374909605
0.523007899	0.609016661	0.77403934	0.498236398	0.582343077	0.520804842
0.93416394	0.984107222	0.640027015	0.642213451	0.696238572	0.488818593
0.348595953	0.567810205	0.717185277	0.542824692	0.673253035	0.505314159
0.38703542	0.657047288	0.753773559	0.512050695	0.751861115	0.491493395
0.911226623	0.764710491	0.787657775	0.568130456	0.82305151	0.520031761
0.461972445	0.62133566	0.578609814	0.663113176	0.681276733	0.417956276
0.462471377	0.959780218	0.717757129	0.412226957	0.73911786	0.395352792
0.723623803	0.535457004	0.703493504	0.442947727	0.657915059	0.517910408
0.778182381	0.603239348	0.873311545	0.409137251	0.778803766	0.596295673
0.989652845	0.944528462	0.67437536	0.457510981	0.36040117	0.46611072
0.881046551	0.954049167	0.82720341	0.415127211	0.686065106	0.385043681
0.912159806	0.941115875	0.529735875	0.295323503	0.633813179	0.594129266
0.30504049	0.840570956	0.717387805	0.573138308	0.689499339	0.532909724
0.581880466	0.953932252	0.746226342	0.444211793	0.767462973	0.331702021
0.422110318	0.988268318	0.698548132	0.48919872	0.86215729	0.569388529
0.262367953	0.687253149	0.609103983	0.535559932	0.77567651	0.39794113
0.968136015	0.800785805	0.795066429	0.512550835	0.714039849	0.337891007
0.558769045	0.50337483	0.646131156	0.342429505	0.649626436	0.482179747
0.3259538	0.954310828	0.673189369	0.617048734	0.766921178	0.481159891
0.282105671	0.52407888	0.640430614	0.478070456	0.448947053	0.467873366
0.888245086	0.666112059	0.818097539	0.497511946	0.789519299	0.380390008
0.804101193	0.939039077	0.692882641	0.633499869	0.74284673	0.317410006
0.976705362	0.921891646	0.646879039	0.45316621	0.645797859	0.541749083
0.968150657	0.513096466	0.721705154	0.684646808	0.653492303	0.641573752
0.573235029	0.6407833	0.656621463	0.415499021	0.592431438	0.433511792
0.479116914	0.670416349	0.657444864	0.326468519	0.673116753	0.599508801
0.989070401	0.556911796	0.699878042	0.538359377	0.61369428	0.397901552
0.602182288	0.644859941	0.678541846	0.483528741	0.739162639	0.432484884
0.269295388	0.668189519	0.786479704	0.640535941	0.669206533	0.497815445
0.367567815	0.834011153	0.591970386	0.519552369	0.752637829	0.623421823
0.5508188	0.950286681	0.684686254	0.463946225	0.617974546	0.352679261
0.747861108	0.763643978	0.617241862	0.372588975	0.870808802	0.312748748
0.368965358	0.603145914	0.658650724	0.332327128	0.829727245	0.355109224
0.39189004	0.892131841	0.701671436	0.428470197	0.865513994	0.486201841
0.430477962	0.469556875	0.587553547	0.583928527	0.631086622	0.491384568
0.964417782	0.471696492	0.752326038	0.388210163	0.599038569	0.489348418
0.381152711	0.979817156	0.833930955	0.517426009	0.605035762	0.525206581
0.374592498	0.87836496	0.527081323	0.503992098	0.867958611	0.432058625
0.915668896	0.532965653	0.778142381	0.487909064	0.865812654	0.664355635
0.565351901	0.551211519	0.794526747	0.29582504	0.719399758	0.608979563
0.476484922	0.866429914	0.752148097	0.583696876	0.61476836	0.300745869
0.338966708	0.760525787	0.644866746	0.446545239	0.904120491	0.400639322
0.366965279	0.643189518	0.718140096	0.520338055	0.629799701	0.571884109
0.380452471	0.591046022	0.589740493	0.426312643	0.766042211	0.51662581
0.245840059	0.633834643	0.720601685	0.2775965	0.847289722	0.571621869
0.724642159	0.653708697	0.814924414	0.44053131	0.709659802	0.65992319
0.250010984	0.53610016	0.676536124	0.26199599	0.599919412	0.604805092
0.347275157	0.755487301	0.760143108	0.460888385	0.62916597	0.560341177
0.589982805	0.761130561	0.601556515	0.457187416	0.771383416	0.252651442
0.589661473	0.838571029	0.748498144	0.252781582	0.707244935	0.225235018
0.34706164	0.93425617	0.774914755	0.4944636	0.777161614	0.429663597
0.660290631	0.530821646	0.661103854	0.533640545	0.827636166	0.365206797
0.635454764	0.90911428	0.613586127	0.498159265	0.737388622	0.640856937
0.819786692	0.887197706	0.686012798	0.629661986	0.687090608	0.641023164
0.311593465	0.485012648	0.682774609	0.293691312	0.770168912	0.648251979
0.562829164	0.634211121	0.623918399	0.529076425	0.586696486	0.444414258
0.477151466	0.409217629	0.582725585	0.529178444	0.661284753	0.433259714
0.859322141	0.430305572	0.785626631	0.646687267	0.795692026	0.396391716
0.859871265	0.91264601	0.648549724	0.486969471	0.745232788	0.298969077
0.402111805	0.859966389	0.787924758	0.58196323	0.810060932	0.444728394
0.527721033	0.880313816	0.743914485	0.582193299	0.695602943	0.391178932
0.873981894	0.614889389	0.830721065	0.696041816	0.79678099	0.611685061
0.802664929	0.718327602	0.622691097	0.534169955	0.831063925	0.667401616
0.74935455	0.705213437	0.607769838	0.393227174	0.753400578	0.468824267
0.338687086	0.552227092	0.684855072	0.405962021	0.656054491	0.421314467
0.243197569	0.658880572	0.774779506	0.562758423	0.721554893	0.513251512
0.358652732	0.872801675	0.696093303	0.717786575	0.785690922	0.389830571
0.264209361	0.844418986	0.688753892	0.417699308	0.887761841	0.619756733
0.386511706	0.799196932	0.563174668	0.469224679	0.557059126	0.488763887
0.79298109	0.530921027	0.654716457	0.51641384	0.864649132	0.570839434
0.577933057	0.952028595	0.781709801	0.632948235	0.750113486	0.527291693
0.304854478	0.560422428	0.779600686	0.598124163	0.676178812	0.513596672
0.68335625	0.412310862	0.719597768	0.464436316	0.871294656	0.593511727
0.784417286	0.653035577	0.740430034	0.637728733	0.710155402	0.536454116
0.990628955	0.679569751	0.610388383	0.474830972	0.547428664	0.643194319
0.710230383	0.943178015	0.69154097	0.707639443	0.668335295	0.416595484
0.609257969	0.460754682	0.750614131	0.480386508	0.815180651	0.593712352
0.454076675	0.642206685	0.605988558	0.451981381	0.701669926	0.364756791
0.837106588	0.49501015	0.672356199	0.394796924	0.80109744	0.596454725
0.978301247	0.516320361	0.583003433	0.407348528	0.618351968	0.390374475
0.582650598	0.942464502	0.75194513	0.328316065	0.736558714	0.501815858
0.313002299	0.980883919	0.697606205	0.539796596	0.779909469	0.429179104
0.665110172	0.498130688	0.866532363	0.647392852	0.72918258	0.385216023
0.967727848	0.41693052	0.812824116	0.415316313	0.580674304	0.523024464
0.329242706	0.656715491	0.793590785	0.548578907	0.523782976	0.524101678
0.611996766	0.528581118	0.806875545	0.529530432	0.645910674	0.702502357
0.840193678	0.804856994	0.801553436	0.430865174	0.580692144	0.569808195
0.283426766	0.820399852	0.631605803	0.486047228	0.644401087	0.494269381
0.539309143	0.953800568	0.871635019	0.516108347	0.760818103	0.603845746
0.221849421	0.682218718	0.602537895	0.40098176	0.803035594	0.530364068
0.419533685	0.550595682	0.860027315	0.406587098	0.64783696	0.484111855
0.892000155	0.608583661	0.761480277	0.78149	0.569574665	0.504802623
0.250494559	0.607714728	0.670885856	0.462197387	0.823079998	0.719425561
0.654919716	0.598170935	0.79365034	0.423555583	0.73470641	0.561193821
0.294785393	0.74446868	0.770692766	0.286113275	0.789624056	0.668523299
0.281230863	0.887976459	0.642347625	0.607844316	0.713310048	0.462735687
0.660399416	0.773859243	0.71668253	0.53974119	0.67895304	0.495387352
0.803255015	0.44004928	0.628458838	0.647707776	0.658169991	0.447279083
0.774344505	0.571959847	0.725447963	0.252971891	0.675839684	0.459059651
0.89905439	0.840737994	0.730321149	0.420412709	0.692397449	0.465836421
0.267365704	0.763628408	0.647892638	0.528899431	0.713329549	0.429834002
0.773862147	0.619022222	0.727499975	0.441299435	0.676074573	0.441987081
0.651125962	0.430937502	0.713647952	0.677332793	0.760270918	0.516726804
0.321313842	0.673529304	0.715966284	0.577014718	0.582553612	0.50574102
0.450233338	0.833118853	0.635303994	0.517277398	0.807484233	0.520977776
0.873793138	0.615614985	0.604105397	0.505328174	0.664476284	0.407067606
0.671902419	0.731959906	0.670767873	0.580162801	0.661077948	0.539619983
0.908817841	0.480822828	0.698043226	0.433910467	0.636383468	0.476684025
0.91430415	0.994979346	0.615235474	0.506895937	0.67764954	0.398528273
0.521916711	0.451475281	0.693636029	0.419364691	0.740490402	0.408120211
0.463338021	0.822114796	0.504704374	0.535906426	0.665918701	0.589529565
0.264438761	0.834848507	0.580146365	0.260604041	0.644142014	0.537761755
0.649519227	0.503095229	0.824411123	0.414590602	0.82167816	0.600703367
0.245292227	0.758800765	0.770106816	0.578672227	0.576308886	0.676164949
0.793553764	0.823327973	0.736094079	0.59755649	0.73420115	0.709864923
0.465039974	0.540225508	0.747168873	0.7119141	0.787603511	0.277610844
0.78053995	0.738730448	0.559547757	0.678956661	0.783991918	0.489909335
0.66214122	0.488161482	0.633182299	0.574617048	0.660577242	0.30847384
0.780305981	0.948004358	0.646503674	0.44572981	0.829171414	0.43623203
0.495597893	0.413407879	0.757544301	0.552394395	0.549297109	0.56478426
0.244149128	0.546989325	0.72754266	0.528469004	0.73293654	0.579824062
0.610950415	0.974010628	0.719691452	0.666663672	0.624406137	0.407550863
0.601807269	0.449773421	0.690495719	0.394408665	0.62655982	0.336840737
0.580716695	0.461632873	0.744170361	0.545040806	0.827623294	0.465147895
0.43994497	0.80419238	0.685590796	0.287930949	0.816211944	0.501817792
0.933916695	0.396949351	0.616719538	0.399406403	0.809007163	0.530212372
0.897786317	0.689055619	0.683266439	0.457779826	0.7915388	0.377703653
0.814665646	0.746380721	0.702215327	0.433419939	0.601348446	0.361213617
0.591329946	0.641806457	0.623229561	0.448640575	0.664420655	0.445678439
0.419485398	0.984315007	0.720662282	0.404397312	0.668089031	0.487738465
0.737165831	0.66503316	0.703769859	0.385201959	0.812018837	0.598282523
0.416101211	0.927059959	0.736160092	0.609981712	0.644991728	0.410513831
0.420362839	0.4838234	0.715155716	0.538161128	0.679337422	0.535232413
0.990504809	0.923948502	0.762513703	0.510134931	0.803026442	0.416759737
0.258127062	0.865729855	0.694777473	0.586724427	0.633275966	0.375568982
0.72712995	0.892535498	0.627713551	0.632820665	0.883963175	0.601528012
0.636827845	0.534674496	0.761960853	0.579768499	0.74207176	0.456818373
0.85976258	0.844231798	0.670188267	0.452266675	0.842527522	0.337581684
0.634446837	0.711187538	0.742101831	0.472870751	0.720030879	0.383765253
0.916363415	0.99186159	0.647032441	0.691012416	0.675165196	0.50238391
0.916652164	0.742389866	0.670876091	0.603012644	0.70519725	0.623476227
0.533632995	0.87402907	0.651632076	0.45053336	0.706343517	0.525139097
0.372629484	0.994816744	0.628371979	0.499212201	0.685319881	0.355371827
0.268690195	0.724773232	0.692390617	0.569361588	0.766657251	0.486254987
0.949114443	0.603259747	0.600499753	0.61705954	0.770572834	0.319529538
0.275457151	0.95467924	0.704413434	0.478904469	0.695978244	0.635548922
0.879096858	0.656755757	0.703319148	0.505813948	0.723487537	0.554194112
0.261993112	0.434684675	0.756221114	0.577001526	0.696496014	0.621781952
0.782380015	0.56558273	0.63329005	0.429761897	0.666708322	0.529655074
0.378103112	0.801737745	0.876737553	0.507692915	0.780195747	0.585220433
0.696106421	0.962574764	0.709264696	0.488112305	0.853572141	0.499604387
0.89774694	0.616363964	0.650894925	0.593757952	0.787010255	0.421090044
0.794433989	0.503719572	0.895219949	0.381656436	0.605052425	0.555479244
0.546278575	0.462009412	0.791972164	0.497379752	0.842031404	0.648454123
0.814148722	0.983750746	0.719173466	0.485729784	0.807031067	0.64394152
0.690958355	0.872412531	0.661174444	0.429691605	0.661325186	0.466795233
0.887989177	0.464328527	0.595813352	0.526399703	0.711404473	0.52691515
0.496648998	0.890693104	0.670263437	0.536250218	0.689279319	0.386304011
0.811703706	0.474793405	0.527834011	0.557455054	0.574800974	0.665347937
0.365695473	0.980154656	0.739943391	0.367155819	0.741224274	0.45434521
0.803725643	0.953217411	0.566983393	0.681569739	0.653093133	0.432366109
0.628354561	0.670908161	0.691247763	0.438709313	0.839643861	0.450079782
0.470359975	0.583655001	0.675164638	0.381692203	0.734952402	0.638394801
0.904073322	0.552536246	0.726897886	0.41200241	0.610897822	0.513102967
0.874032389	0.529179543	0.632616929	0.483884907	0.942029303	0.317985552
0.992637562	0.519480156	0.70040434	0.442816713	0.727984051	0.42696008
0.661285353	0.733100437	0.895285437	0.585871207	0.664854623	0.551743379
0.570941886	0.612103461	0.592387938	0.550113652	0.803874002	0.496437211
0.266987841	0.924437169	0.798060618	0.530678461	0.780210339	0.442886122
0.755056037	0.614873729	0.733901646	0.506590011	0.688489259	0.558773172
0.478195398	0.450938571	0.756536302	0.559025556	0.821905057	0.456337505
0.356535307	0.470425079	0.865291908	0.678025914	0.769755319	0.510348659
0.579637781	0.939269757	0.673071683	0.55420464	0.86407359	0.365295497
0.253209819	0.85212484	0.597133857	0.367164668	0.733137056	0.44256396
0.968211642	0.424943289	0.686982997	0.525225407	0.703220928	0.424720444
0.257025523	0.854110546	0.773745351	0.697765422	0.759845242	0.351541699
0.869524788	0.43321387	0.772693542	0.465050805	0.696017638	0.578549007
0.382686788	0.441435367	0.643447379	0.493837525	0.717507719	0.52561786
0.535470971	0.487526889	0.648798756	0.525320983	0.79400251	0.607146869
0.99949775	0.798528708	0.846445326	0.508472416	0.76068499	0.629781454
0.95354942	0.552291163	0.768221233	0.519597561	0.691830136	0.479878705
0.243694666	0.543400681	0.722417471	0.409524153	0.906945127	0.480731359
0.491815287	0.639984919	0.617523214	0.428952019	0.478216584	0.645207541
0.281713063	0.673603728	0.627397811	0.429445606	0.688007693	0.63893267
0.927681326	0.964786367	0.663177133	0.341987152	0.770122101	0.571160351
0.519326169	0.490739416	0.699443858	0.536896267	0.599513225	0.345119247
0.458956072	0.45111035	0.739284743	0.563175061	0.640364737	0.424315038
0.26834361	0.648926138	0.785592294	0.422003687	0.676886409	0.49379444
0.483970064	0.991142446	0.723742251	0.547290963	0.602263814	0.396719786
0.524005754	0.468399256	0.52168716	0.678700525	0.696475847	0.605757269
0.745507874	0.557553844	0.588527912	0.639840912	0.682576624	0.5202159
0.370954427	0.98700278	0.720603847	0.223977852	0.688630707	0.604139877
0.965843303	0.896508489	0.686996392	0.312373592	0.740030206	0.567922361
0.673002347	0.427768107	0.730394518	0.540851742	0.848294538	0.464623691
0.855400549	0.751039412	0.729004319	0.344743397	0.665282332	0.614003929
0.729616582	0.865043242	0.628400172	0.617903291	0.910589697	0.614879074
0.904283181	0.705430154	0.624624875	0.437057311	0.786811569	0.496984764
0.397576501	0.858279653	0.572022498	0.432408449	0.580694529	0.548073525
0.791098273	0.838449548	0.540889322	0.425572768	0.802541402	0.506201557
0.236468961	0.770338357	0.768057928	0.479889076	0.841981068	0.505798516
0.247665964	0.503952097	0.790553959	0.522667762	0.842796091	0.53953535
0.354233794	0.949617172	0.6133441	0.354027854	0.805936593	0.361041099
0.723587251	0.53474357	0.69269681	0.562063307	0.723769858	0.632780634
0.468832697	0.781009547	0.738371983	0.403589222	0.949817135	0.539414289
0.494638517	0.451776529	0.600877771	0.519790144	0.718749141	0.414626694
0.678571714	0.686347853	0.683080051	0.668338162	0.776830975	0.418305282
0.778517378	0.539922719	0.678321929	0.466445509	0.720713352	0.422281615
0.696408289	0.808512968	0.671169389	0.370399931	0.749945738	0.524769079
0.302081407	0.543727187	0.630291402	0.510628694	0.731034201	0.550438961
0.696617413	0.495548629	0.57647752	0.457674321	0.581369931	0.638269609
0.844356032	0.504502546	0.767791276	0.625874808	0.783757298	0.341855426
0.261042436	0.544104191	0.661280658	0.418503076	0.489660064	0.353976572
0.613624442	0.920024947	0.65468599	0.443660024	0.526042179	0.636817211
0.879703259	0.571414232	0.657828674	0.536265738	0.801324401	0.483219504
0.965207772	0.753126818	0.707216966	0.439773682	0.760187303	0.632853383
0.783923895	0.870412051	0.679699885	0.311870766	0.717137923	0.396555309
0.310044921	0.428034555	0.826745012	0.550469906	0.648761059	0.400051278
0.608096722	0.758787509	0.754461304	0.603736333	0.749552907	0.569257883
0.88663811	0.422092143	0.798643956	0.42012221	0.692529338	0.402487407
0.532531783	0.435464564	0.670109383	0.530856105	0.797396039	0.662846045
0.275515548	0.708877861	0.593660135	0.62374297	0.70077226	0.34615054
0.978498409	0.964705152	0.699930017	0.562143557	0.736053078	0.547642851
0.971792276	0.742334921	0.748944765	0.505500714	0.710060591	0.394151652
0.903823283	0.870982486	0.559929039	0.512407026	0.800214541	0.807145276
0.818484326	0.867104076	0.752283726	0.586307441	0.673421432	0.577105476
0.854286785	0.59376379	0.822403394	0.464723697	0.671537653	0.419228263
0.502376484	0.984829133	0.714241959	0.559380675	0.881024245	0.462319018
0.95358393	0.924878135	0.719622359	0.369294511	0.784622023	0.560948007
0.75357585	0.69089652	0.608618775	0.491130869	0.598454198	0.382184587
0.725471622	0.393851477	0.605239224	0.385040322	0.671048501	0.366897784
0.305560567	0.858801737	0.790090075	0.416574165	0.676825361	0.377520064
0.870286435	0.613297792	0.730765169	0.771830761	0.660092709	0.421782974
0.780147851	0.903408878	0.559223619	0.333619641	0.835218194	0.624374221
0.403823993	0.394739071	0.529014069	0.708169177	0.863875575	0.672823212
0.821756722	0.636169839	0.485385288	0.626797732	0.688229092	0.42273248
0.636881472	0.855533262	0.788380495	0.621599092	0.606860646	0.583461198
0.837130667	0.866259672	0.748662036	0.508192742	0.55134736	0.543118335
0.379283011	0.425625731	0.717685704	0.48619306	0.757528869	0.532197483
0.804123317	0.53534253	0.678473896	0.557653875	0.624603965	0.546238248
0.333479026	0.40336401	0.646016413	0.469501063	0.976502823	0.520724019
0.309879181	0.868903114	0.640653067	0.575941595	0.709078248	0.387222513
0.97485541	0.549389645	0.780546271	0.571697607	0.729424481	0.424481979
0.402702732	0.392736238	0.741312972	0.456124722	0.80814035	0.252600204
0.545124998	0.73615288	0.648842385	0.512292088	0.772108976	0.520688052
0.677422782	0.492457853	0.780301735	0.538236326	0.696030201	0.285091947
0.875569863	0.909047267	0.577363233	0.515811706	0.518888754	0.482312282
0.601024681	0.908621807	0.694328358	0.579459622	0.731081291	0.419948836
0.890885965	0.725488073	0.623814997	0.487420136	0.833627984	0.454171216
0.857455649	0.76197486	0.655981654	0.373620797	0.78677901	0.393129631
0.64355866	0.921606161	0.636803746	0.485416195	0.667490364	0.482803456
0.504105196	0.643493486	0.642614475	0.40371777	0.694358532	0.274539102
0.451286233	0.968683194	0.623500543	0.483461657	0.60068274	0.566939654
0.681273831	0.897633807	0.63353633	0.459430178	0.674401809	0.563176552
0.516123878	0.795289781	0.8594478	0.635996322	0.581117675	0.550379644
0.952353302	0.45779265	0.699487777	0.460084256	0.825443686	0.699290691
0.251111229	0.603564515	0.841835969	0.528798836	0.624968419	0.58293833
0.640348134	0.553841534	0.733400084	0.342964974	0.686592705	0.659606401
0.435341294	0.848793027	0.655403016	0.630986015	0.701392341	0.628890449
0.463183565	0.996171753	0.6675495	0.471010771	0.668607067	0.496957355
0.865198525	0.450919365	0.669151322	0.244504988	0.755513594	0.483544175
0.757613758	0.688781684	0.680478011	0.596779179	0.867033717	0.259324453
0.840196125	0.400429981	0.866401087	0.489445896	0.796748304	0.434309168
0.977002665	0.73802489	0.810433426	0.375893766	0.744377602	0.630642827
0.72055346	0.78012941	0.578344307	0.542575497	0.579975451	0.474641879
0.645664655	0.666379446	0.636985237	0.569124227	0.870493608	0.539824083
0.750778944	0.423696813	0.698113997	0.579129221	0.92091613	0.72855662
0.868688192	0.774868328	0.795347699	0.482421168	0.551283298	0.359975697
0.516786497	0.415870033	0.810053165	0.662395886	0.762390351	0.591992711
0.81267669	0.660662666	0.768277027	0.423602455	0.501878368	0.474174402
0.508715224	0.947636739	0.724836362	0.474833252	0.81093498	0.681253343
0.659052504	0.786539498	0.729446624	0.441788097	0.749472161	0.491088794
0.672813821	0.775994359	0.756487192	0.571647174	0.785104667	0.410684255
0.691771074	0.845806768	0.739284326	0.442774716	0.725995008	0.489282078
0.856072518	0.650814985	0.649990751	0.729425455	0.780434925	0.476762923
0.458002427	0.778602613	0.678629064	0.572092775	0.785442234	0.585235825
0.28083233	0.743033736	0.710259484	0.464508278	0.597299521	0.625564767
0.898022353	0.520367252	0.679990136	0.550374171	0.575533707	0.37141404
0.437903088	0.672955572	0.668848117	0.380561197	0.760144916	0.513487433
0.930723608	0.411816368	0.699855133	0.391881581	0.880176464	0.469995769
0.896203402	0.549293499	0.713752887	0.405458058	0.577141613	0.647138886
1	0.458418527	0.600259806	0.542081522	0.731380259	0.398131683
0.327811934	0.708088098	0.739436664	0.404364975	0.75325061	0.486800589
0.931805049	0.613574909	0.743712298	0.488843222	0.695792236	0.462104784
0.357924058	0.848779337	0.876189727	0.374678623	0.542294709	0.610629994
0.229004407	0.967488013	0.601084287	0.491828577	0.549327126	0.401985271
0.447987008	0.612299258	0.765004787	0.578535549	0.777653939	0.35570139
0.614086886	0.555502519	0.791899596	0.337166525	0.782698646	0.568418528
0.328181064	0.625865259	0.925050684	0.508768259	0.803757781	0.577320354
0.497927138	0.527132861	0.463559131	0.535382718	0.669639001	0.363978354
0.782258886	0.896287671	0.738937973	0.398823346	0.773346613	0.503891881
0.277529035	0.706335662	0.611597953	0.493926672	0.712969132	0.512222143
0.227827715	0.657832668	0.575687939	0.511289055	0.594243821	0.404993645
0.897144075	0.711582944	0.62825484	0.554383711	0.579035155	0.414331624
0.757102084	0.448392753	0.632548726	0.503609985	0.773222215	0.755361253
0.707977579	0.706763554	0.687681921	0.416984776	0.899205493	0.379045099
0.245608319	0.802644702	0.704667628	0.407043735	0.71710071	0.361154003
0.231784801	0.480855113	0.649073021	0.602033952	0.594623412	0.582308908
0.984424347	0.684567347	0.710279349	0.529165798	0.811920974	0.484768365
0.38899985	0.922018776	0.744543221	0.418754012	0.86198505	0.595649736
0.572222376	0.80918736	0.720433088	0.442341022	1	0.579675581
0.271944959	0.802845813	0.608897224	0.631371227	0.611149669	0.507329979
0.992477243	0.533400928	0.724419182	0.40802839	0.759098047	0.483322096
0.752233633	0.679850888	0.626983601	0.485809509	0.651759614	0.551243594
0.374441868	0.47819064	0.69540671	0.445743662	0.843815171	0.50109192
0.780634697	0.500146704	0.539211387	0.590924218	0.651148553	0.462257918
0.322531197	0.407490626	0.819925096	0.234982532	0.683619997	0.457117952
0.748502504	0.858049753	0.7168694	0.438813884	0.767686509	0.481403922
0.247433061	0.978778102	0.673047897	0.672311012	0.706603224	0.470386423
0.884062265	0.711052331	0.739291351	0.488190604	0.756679449	0.435035412
0.924652764	0.65319287	0.674179289	0.416840395	0.715561131	0.668568856
0.269622645	0.463361552	0.62619376	0.57273127	0.687635903	0.587289316
0.845333758	0.983606738	0.793397067	0.482489784	0.794563945	0.452837845
0.601353187	0.401399115	0.783410466	0.417142524	0.732018972	0.348571055
0.389560818	0.56006062	0.478825586	0.455489813	0.633789958	0.605205167
0.974114681	0.522939553	0.82271607	0.557522318	0.755091841	0.385014602
0.767083787	0.970769918	0.826532816	0.54212219	0.907590105	0.501685233
0.343901449	0.902097107	0.499807896	0.491881282	0.959168421	0.710070766
0.257951759	0.781179099	0.690977595	0.404016267	0.73869703	0.567302558
0.664375982	0.514923819	0.735720562	0.742098207	0.76185149	0.478465962
0.999914332	0.695364994	0.679091412	0.564796203	0.709932485	0.653402554
0.36222066	0.605816167	0.806821037	0.576883399	0.658531375	0.676729927
0.331731218	0.758286982	0.794630832	0.504884029	0.651650427	0.43030066
0.594462297	0.580899245	0.79556797	0.523090332	0.700293444	0.669168665
0.265307037	0.761351183	0.587768086	0.626836459	0.709410112	0.57685121
0.798080806	0.503574828	0.733333406	0.485782351	0.86393528	0.583305478
0.92612353	0.745274905	0.652189262	0.66423112	0.516320432	0.581251357
0.553796197	0.550329573	0.683774089	0.477180195	0.645638566	0.47014271
0.939380046	0.785251841	0.602411541	0.378811474	0.696640256	0.300650548
0.952344301	0.755313129	0.540996532	0.679148247	0.651478075	0.546558548
0.896858773	0.834553531	0.925761045	0.453740782	0.682815969	0.587536178
0.627784763	0.918366368	0.878023205	0.466120255	0.625912447	0.547170649
0.369493942	0.85479765	0.685680824	0.637685886	0.750217174	0.490331092
0.56560624	0.435437387	0.74835326	0.406109916	0.681406861	0.477259939
0.598227167	0.413356182	0.602507932	0.463967914	0.610477536	0.471539484
0.492282605	0.902466997	0.460605766	0.592436011	0.735706252	0.420383051
0.90324362	0.805556586	0.805430677	0.409903317	0.651730195	0.468529423
0.546057998	0.706404442	0.580713669	0.327748322	0.814310196	0.400289214
0.429482591	0.919477469	0.685762644	0.523734156	0.846721194	0.531990101
0.331132654	0.643668064	0.84265147	0.578243279	0.676381613	0.456232443
0.448585137	0.654187961	0.753503178	0.356712896	0.794037116	0.586362954
0.240457505	0.472017238	0.662064869	0.643233424	0.766438235	0.464686977
0.643645441	0.950618736	0.652107564	0.339297392	0.751275427	0.595219436
0.337818988	0.857031975	0.452111283	0.516465735	0.744772327	0.689444585
0.88535087	0.609017469	0.597373192	0.414037903	0.698527259	0.587899696
0.958828811	0.879965824	0.837114833	0.600411347	0.838610596	0.484854726
0.908891865	0.936444608	0.455825279	0.702458555	0.653117204	0.471546391
0.670139499	0.391752481	0.636351126	0.586979408	0.788913224	0.468595599
0.952674379	0.861567137	0.808096473	0.417019134	0.615348	0.591568927
0.704728835	0.545032735	0.599206198	0.390432143	0.68281597	0.423386793
0.410637646	0.778606163	0.62256949	0.608844486	0.689241152	0.506320469
0.658645648	0.47414926	0.696984469	0.498797675	0.743040434	0.679170042
0.357323847	0.509680183	0.609756916	0.455986358	0.723689035	0.285815497
0.409605346	0.420237118	0.61512324	0.410138189	0.812215274	0.466810165
0.227214131	0.946360319	0.688194221	0.424731339	0.795885304	0.591418393
0.725218668	0.676610333	0.738965703	0.467899424	0.768766979	0.601659014
0.422116259	0.807463372	0.833665471	0.568624719	0.671353107	0.604098232
0.653759814	0.688166694	0.561236759	0.403677912	0.607938143	0.61131788
0.637880652	0.767793596	0.524162718	0.365116789	0.723449189	0.518344303
0.912773637	0.669479823	0.502466316	0.410920206	0.67897598	0.527869709
0.616793148	0.477350963	0.689387134	0.357511526	0.796059534	0.567482868
0.577772076	0.43046136	0.695368212	0.615168023	0.675707985	0.545957508
0.989038846	0.881317263	0.638269354	0.514605558	0.607192438	0.466532114
0.560276009	0.508873602	0.629502971	0.546447197	0.768409299	0.560387642