0.375798157	0.485848341	0.192618011	0.068728048	0.772191197	0.670863059	0.251511163	0.040326067	0.829770172	0.936032403	0.027597981	0.517292561
0.802453615	0.554831689	0.169211864	0.812011475	0.351600189	0.649289684	0.549991428	0.195298382	0.974839046	0.779199831	0.140235874	0.134574435
0.287027801	0.395683935	0.106465903	0.208098544	0.275715315	0.700001738	0.212107032	0.219241758	0.809619747	0.76344054	0.271531019	0.8280866
0.561287132	0.447043618	0.10250801	0.438865409	0.404611974	0.608474262	0.292681196	0.510516853	0.774584079	0.959252432	0.259328724	0.174565451
0.777486699	0.897468633	0.092776827	0.111336803	0.628150842	0.674685193	0.915113407	0.051123065	0.907112303	0.787416253	0.376962841	0.789504238
0.969461228	0.043923545	0.108721118	0.05082391	0.629267011	0.714744465	0.694634095	0.032931123	0.841482244	0.886685265	0.551605667	0.65697497
0.159487807	0.762719507	0.157238896	0.678431178	0.782279381	0.606369641	0.550911966	0.33188744	0.801066198	0.899598572	0.081500428	0.242430402
0.19442618	0.614750051	0.129692916	0.130352974	0.139980596	0.558384286	0.206957933	0.380862342	0.885919102	0.562702028	0.512986158	0.449907652
0.209083089	0.331286407	0.081389184	0.770661687	0.023849698	0.6758005	0.836694556	0.097125374	0.834746529	0.771988671	0.275906646	0.551185038
0.547852485	0.389734014	0.106426873	0.253454946	0.796181121	0.782297041	0.508689579	0.228032468	0.842849266	0.742033791	0.614982219	0.210131922
0.241514586	0.997054417	0.189508782	0.988193065	0.853490957	0.725238769	0.959869773	0.529227348	0.783393312	0.936477478	0.471570931	0.388424915
0.58533935	0.570337549	0.265255774	0.751294463	0.798036678	0.722083077	0.683881866	0.437164001	0.768879411	0.835833139	0.342575905	0.132484991
0.722896824	0.305251877	0.156109941	0.789863852	0.855103238	0.678608	0.381899953	0.01571457	0.754085051	0.545436398	0.528426169	0.419651221
0.576708961	0.563263252	0.121139579	0.757197914	0.968437928	0.743292734	0.016896877	0.474606373	0.775722499	0.806117384	0.34400211	0.002794551
0.435152274	0.132809774	0.145196407	0.653598741	0.719128765	0.667112491	0.312792496	0.416843051	0.742890154	0.671349501	0.017872216	0.902193795
0.486158983	0.652833301	0.137677606	0.361899514	0.603682841	0.540839129	0.745513847	0.044897103	0.957175962	0.58086693	0.351003198	0.513902111
0.940171767	0.150940406	0.211709065	0.075300386	0.71318482	0.6471069	0.283502303	0.573223575	0.947466516	0.78153768	0.290485107	0.889876761
0.828402619	0.739134428	0.088421681	0.099003645	0.019998463	0.726029536	0.952405288	0.523561263	0.746498335	0.853919263	0.099565652	0.061640966
0.854667705	0.867246664	0.164796179	0.234657483	0.160908071	0.555691951	0.703330994	0.54142089	0.613354501	0.532018788	0.314685092	0.917107879
0.720413472	0.229561718	0.147069931	0.072711154	0.384829241	0.584322729	0.529645225	0.207120791	0.70969936	0.744400587	0.003154566	0.699086988
0.330668754	0.117716267	0.189326539	0.019991891	0.922256466	0.593357043	0.887679815	0.058278832	0.871227417	0.568734183	0.052904852	0.783051437
0.764355213	0.747762261	0.14015847	0.1281148	0.814172254	0.489049899	0.035538706	0.388617381	0.834457765	0.873482947	0.30212804	0.3037459
0.900739984	0.620995983	0.182618185	0.373008194	0.887001169	0.632559517	0.975084962	0.384520405	0.805149137	0.494124146	0.441152292	0.973867812
0.724167117	0.576948094	0.155212417	0.38972869	0.039640738	0.618502722	0.312202468	0.417311569	0.823775343	0.859815574	0.421154054	0.257810173
0.114771291	0.280085576	0.21541031	0.39051385	0.663709064	0.660209122	0.931395664	0.043074857	0.842703515	0.610412768	0.284225536	0.056312319
0.746530522	0.474890281	0.122227564	0.561483781	0.025348398	0.648938644	0.632976239	0.043839041	0.951462353	0.685642999	0.270851606	0.539038734
0.404776533	0.50244277	0.212373593	0.566976498	0.889459149	0.661132617	0.305296305	0.522258201	0.714628076	0.514533243	0.640929348	0.958972284
0.101291593	0.011135447	0.256182241	0.267979282	0.664346781	0.683990277	0.34601241	0	0.839083367	0.744736637	0.019063263	0.876661773
0.774480398	0.04103416	0.174115416	0.777555167	0.415904677	0.727609289	0.810190774	0.369217347	0.868294145	0.66194499	0.299683006	0.434082936
0.669109676	0.118980313	0.117581517	0.778612963	0.068211389	0.70992035	0.782679323	0.529563934	0.703524531	0.554795756	0.312298998	0.015008856
0.348581179	0.970940764	0.165570533	0.38265665	0.636571429	0.697693828	0.160234214	0.284688492	0.85822358	0.521157441	0.174320029	0.439045649
0.354424801	0.31016719	0.183896017	0.847795111	0.01755049	0.758067791	0.121069113	0.064139262	0.78513552	0.893106727	0.084400789	0.363311671
1	0.442349492	0.142782623	0.952838066	0.766808473	0.574499508	0.237440159	0.219364342	0.68987083	0.578084036	0.287047357	0.420112467
0.649997422	0.092014915	0.176325192	0.034696439	0.852761957	0.593342536	0.052317478	0.268012459	0.815332083	0.546745738	0.31806657	0.318648225
0.029466851	0.122089319	0.041925673	0.222354007	0.964431678	0.59213885	0.883846594	0.483125795	0.860188759	0.821012863	0.221997372	0.997835308
0.198627511	0.512959359	0.176038828	0.123191631	0.254814685	0.54388137	0.497861451	0.324280934	0.609949893	0.743520551	0.372774684	0.371639209
0.488244393	0.79178508	0.132402614	0.615757889	0.847816585	0.709203698	0.896584211	0.337725977	0.915728119	0.492593227	0.116903376	0.292512149
0.868000457	0.610992877	0.156562533	0.064187342	0.821654526	0.546637989	0.243697745	0.5084538	0.797991746	0.957348298	0.188300761	0.860506915
0.623600872	0.796110993	0.211135184	0.66823314	0.838871122	0.557877059	0.369067004	0.359109417	0.793566776	0.979246318	0.597575451	0.485239563
0.164479841	0.387329571	0.117908208	0.731968675	0.155667124	0.720785619	0.350496147	0.320093576	0.770154005	0.497502287	0.247169155	0.50851688
0.28725903	0.910214738	0.078171699	0.061257953	0.07816044	0.668381762	0.385238315	0.524927676	0.714570993	0.927723091	0.462738317	0.026826961
0.303738227	0.602286524	0.02166589	0.607534914	0.959731233	0.700992157	0.888712324	0.3827103	0.916678959	0.780258384	0.635615217	0.013254659
0.837235632	0.784641379	0.104271834	0.105013187	0.682813801	0.706314122	0.56183947	0.176403157	0.732171651	0.597868308	0.4808228	0.846457706
0.773218344	0.444624787	0.157062711	0.730104329	0.769711409	0.737307099	0.429690517	0.216878328	0.743628638	0.64691131	0.306917612	0.442426595
0.841852605	0.223432039	0.170960764	0.178427018	0.488093513	0.592730779	0.073674379	0.284852182	0.820774503	0.680204632	0.410453876	0.507403791
0.621661205	0.031360941	0.127037513	0.62118605	0.518758859	0.78989774	0.284353657	0.055523126	0.766277175	0.597482903	0.639601027	0.797849879
0.238013004	0.065181781	0.126596555	0.896343925	0.506541473	0.574337547	0.585166936	0.298010399	0.801743684	0.526981377	0.380746967	0.782123086
0.910070388	0.991719088	0.184951197	0.895214777	0.16531506	0.627280977	0.409184427	0.361215872	0.770587298	0.789846031	0.62136124	0.83062987
0.57025402	0.742081992	0.124369068	0.621660206	0.477721844	0.620606878	0.082780642	0.17733012	0.709382901	0.596965002	0.408018241	0.349096952
0.816043111	0.205149481	0.093490102	0.797089265	0.641472133	0.703252575	0.911646476	0.450432009	0.617742213	0.775781037	0.49450677	0.865312636
0.7075282	0.980135935	0.16805667	0.808954916	0.888708825	0.760093052	0.015182156	0.375464554	0.824322051	0.981764912	0.607422788	0.62033785
0.017686393	0.619849813	0.060687014	0.310672551	0.848044064	0.74494778	0.682561133	0.340588499	0.713683023	0.644983751	0.473012413	0.400374569
0.017742494	0.840525848	0.162460081	0.24398793	0.413692477	0.657628668	0.297506162	0.087801127	0.82955995	0.775087031	0.417917879	0.148187816
0.665848912	0.583383883	0.256391542	0.439917671	0.417948215	0.70471074	0.551601821	0.522003172	0.681007495	0.698357618	0.362572311	0.321636773
0.640961795	0.891499023	0.23532711	0.003128181	0.904433761	0.592430631	0.411542207	0.335401603	0.802739345	0.850765697	0.549876723	0.953254484
0.424408537	0.522432511	0.111268953	0.923833435	0.90796944	0.661975726	0.473115973	0.243535174	0.904208876	0.731544772	0.399461207	0.38453859
0.974887764	0.90631543	0.224983776	0.308474682	0.24040839	0.628816734	0.884841527	0.327179432	0.765712271	0.788679196	0.496411405	0.834387741
0.477781286	0.373389108	0.136558386	0.269737573	0.87695972	0.698811428	0.485080802	0.26245625	0.762473947	0.605094753	0.490044021	0.427899257
0.334308776	0.129520908	0.124855506	0.136733762	0.85659448	0.684389617	0.092484902	0.264796568	0.869874857	0.615547708	0.524254201	0.69982537
0.760334043	0.220558936	0.099523364	0.879156227	0.72654706	0.712224075	0.885191493	0.270016276	0.777192917	0.816071317	0.574494499	0.146892529
0.437850557	0.372192492	0.194165633	0.725397017	0.062042067	0.587736778	0.815047689	0.041059095	0.709684261	0.538250981	0.332730306	0.484919785
0.71664562	0.742595192	0.170057403	0.342883893	0.857388566	0.691154858	0.007449237	0.485554895	0.746914723	0.983212985	0.103622001	0.108461305
0.169650108	0.70112467	0.133188067	0.25127751	0.106724253	0.546450778	0.083962201	0.274100736	0.823531318	0.626260216	0.409926097	0.068080174
0.338582212	0.769479661	0.081927393	0.752063204	0.362198919	0.677725348	0.549153787	0.437868717	0.782671651	0.77646892	0.394267584	0.682447841
0.550299288	0.682258606	0.100426411	0.035968521	0.760618116	0.741907361	0.512879976	0.032820707	0.676908205	0.636304498	0.163147579	0.707393447
0.944862895	0.995483947	0.237541036	0.640230339	0.076361461	0.729363553	0.78847908	0.435007004	0.677914867	0.993258199	0.345268799	0.435569091
0.454362142	0.684645255	0.113541703	0.27334747	0.899378616	0.623369799	0.641462069	0.468480128	0.922896708	0.656314026	0.339220472	0.671232938
0.040890794	0.400818987	0.200891521	0.342286294	0.505929672	0.773591503	0.194853808	0.477473686	0.778139786	0.866474902	0.420898648	0.799569699
0.767796492	0.865013518	0.190485946	0.729065894	0.660184677	0.576456958	0.415294036	0.512254871	0.78787829	0.736761781	0.021844418	0.330069689
0.907411305	0.19354762	0.125986944	0.794809674	0.212706139	0.636720749	0.973405005	0.432540976	0.723135583	0.979475445	0.541927849	0.246329549
0.77307085	0.982762963	0.128576392	0.982150805	0.125611331	0.63661242	0.631173112	0.358937915	0.784299932	0.807639335	0.318062958	0.767711554
0.123676439	0.98068658	0.105345687	0.525329066	0.455901597	0.63016491	0.093323891	0.371082761	0.826526567	0.769819725	0.401250379	0.075423138
0.370844915	0.310603588	0.052256633	0.455539804	0.539625945	0.565423251	0.895388656	0.435955536	0.716755967	0.865693683	0.00304623	0.26338589
0.480179665	0.813109746	0.071053081	0.338898058	0.50626933	0.631699646	0.138195299	0.366662377	0.840955733	0.893746156	0.616387825	0.39345188
0.602577126	0.563456357	0.156073634	0.438367031	0.677946572	0.62419091	0.560974981	0.460907231	0.866142893	0.898305457	0.038180661	0.992064368
0.887974735	0.516993273	0.124811593	0.202873361	0.724406352	0.708381817	0.27965139	0.408029754	0.817440787	0.975671287	0.003872777	0.251814443
0.960955579	0.368682875	0.211125025	0.195464257	0.875879699	0.580118085	0.302623719	0.216448076	0.868123258	0.741503002	0.299104025	0.177836931
0.07013509	0.092543722	0	0.283857847	0.373477512	0.666768054	0.859085716	0.573057058	0.759303254	0.574755675	0.617143264	0.394921686
0.618159318	0.693867723	0.177808192	0.900849812	0.245642152	0.608625562	0.617031015	0.249021912	0.742817571	0.532932265	0.213198284	0.889021661
0.717280724	0.484439822	0.188372606	0.231695266	0.400327599	0.703651775	0.037860454	0.16877876	0.603069195	0.848593027	0.408100949	0.674621483
0.26294485	0.633919188	0.163820228	0.36144384	0.559560404	0.597610223	0.983495363	0.424077219	0.803259531	0.85875285	0.329298421	0.097089169
0.873350856	0.576144187	0.150382726	0.077531536	0.98209559	0.656672568	0.719897255	0.103499596	0.78544615	0.800765962	0.171580592	0.219321875
0.126280691	0.074489243	0.165319866	0.467544597	0.878086014	0.674328456	0.277807313	0.482336904	0.761424601	0.712833751	0.119065052	0.090523624
0.228623133	0.356671966	0.274759352	0.763124951	0.470297139	0.688532991	0.791342639	0.213980816	0.738903111	0.528669204	0.039922591	0.188021547
0.64925174	0.701083695	0.182484618	0.135641741	0.847900661	0.698634872	0.999926302	0.297034576	0.662030551	0.740915774	0.24763986	0.906190548
0.95082258	0.445914929	0.131533159	0.479341812	0.274188638	0.716308037	0.018251857	0.356832339	0.756542231	0.862974251	0.467949188	0.610167301
0.056872937	0.551401799	0.148447415	0.765043756	0.659348202	0.70851122	0.210242939	0.391034604	0.917188686	0.642160831	0.537080728	0.816628589
0.620529271	0.06033852	0.162344279	0.092874723	0.64302333	0.706752214	0.867877292	0.152075705	1	0.614398115	0.257100402	0.475503077
0.506360872	1	0.180350922	0.760978892	0.690037094	0.53904738	0.782266607	0.287518124	0.772339335	0.661552257	0.211717015	0.628362704
0.095986899	0.588901442	0.134655835	0.271924369	0.821179597	0.694578356	0.25310398	0.383389336	0.713097774	0.968096262	0.625070055	0.026588151
0.989759056	0.683599322	0.176283049	0.822661748	0.185500363	0.674566146	0.063089057	0.33703881	0.899082878	0.651089027	0.637711199	0.362583977
0.885168751	0.57585472	0.115334953	0.132216349	0.319384634	0.749442168	0.393971443	0.334126037	0.811175078	0.525110423	0.227388599	0.438159869
0.094082067	0.084303644	0.11718948	0.231031357	0.24482321	0.601169093	0.738503702	0.569753284	0.840027893	0.798906251	0.227778626	0.057952904
0.050218545	0.350602924	0.229793628	0.838417385	0.565747675	0.701428682	0.271557359	0.227197802	0.858030301	0.630222839	0.555285352	0.646361611
0.653042284	0.255099217	0.144891808	0.935267732	0.810825398	0.677264648	0.473528899	0.475201086	0.871672686	0.841628275	0.294495996	0.786824746
0.080675874	0.546611831	0.148767631	0.412716058	0.767317301	0.688882058	0.200630399	0.55934797	0.775871748	0.847083359	0.368513531	0.425527053
0.242454187	0.738848407	0.146887749	0.439134425	0.783878333	0.712551831	0.981407242	0.305041142	0.808944124	0.598167061	0.252593836	0.513834875
0.726786765	0.92128345	0.13970295	0.384031712	0.704073698	0.700872167	0.478070216	0.276174809	0.675769709	0.791963877	0.621400296	0.86539398
0.244343381	0.239272231	0.147987756	0.937775774	0.928614563	0.587594691	0.74356208	0.278887156	0.879455903	0.819358248	0.302837649	0.547668881
0.927383789	0.639676432	0.196019311	0.072250171	0.334275303	0.702638739	0.562810648	0.061558261	0.815919031	0.545836091	0.469719609	0.738918059
0.703928276	0.545619431	0.136573859	0.720768788	0.711080728	0.687316106	0.732578086	0.471491383	0.729653815	0.717265065	0.591524676	0.012241322
0.805086686	0.923490304	0.136501748	0.907860741	0.297627328	0.651212169	0.627509715	0.277527805	0.800480569	0.822163774	0.020086273	0.895381707
0.172460994	0.524539646	0.118005996	0.782451774	0.567527132	0.568815437	0.189356759	0.243137556	0.858890634	0.782253368	0.543730319	0.597507631
0.032711764	0.933071497	0.210435101	0.976940032	0.371205288	0.641024027	0.448134479	0.422469742	0.728446368	0.639151171	0.050526221	0.184607868
0.669107509	0.895636028	0.238817823	0.355197113	0.302205687	0.734622385	0.88436814	0.194475947	0.829404463	0.890564613	0.383314614	0.672259685
0.006704912	0.673779427	0.043646713	0.671118653	0.982340858	0.741400633	0.364429388	0.391125457	0.854060913	0.620589693	0.045883408	0.793360183
0.348922292	0.790497507	0.170613689	0.868044098	0.342465765	0.760210198	0.804877175	0.255186118	0.805722351	0.866915389	0.070108738	0.484559018
0.126060909	0.313946653	0.144268441	0.999012023	0.531087221	0.669582866	0.13800424	0.436074305	0.755123509	0.535383182	0.551134433	0.213567388
0.788776137	0.675574075	0.138434302	0.787987282	0.697611289	0.625237281	0.918493509	0.018780053	0.795095964	0.992267194	0.62928755	0.254969389
0.606358328	0.993602876	0.183294046	0.973598823	0.786244972	0.717518637	0.417574453	0.309335847	0.749470601	0.716191329	0.641363989	0.121882221
0.646322164	0.859924216	0.175530296	0.427398169	0.188725928	0.619026611	0.386818947	0.156703099	0.741791674	0.896768268	0.348723153	0.580234426
0.484461835	0.860033184	0.109979211	0.374447274	0.577234094	0.689887795	0.268309933	0.270922037	0.939834531	0.928642111	0.361780415	0.398666364
0.373624218	0.985591815	0.160391726	0.57614424	0.458730843	0.679816623	0.809660369	0.412881391	0.781080349	0.785649134	0.202219472	0.087419986
0.840808816	0.063881394	0.165022843	0.141655699	0.094096526	0.744139042	0.52537184	0.389890749	0.622827589	0.530750483	0.429491206	0.307970324
0.485044973	0.266893349	0.155903234	0.19177538	0.929948699	0.72117545	0.150658126	0.039835038	0.742860631	0.931359526	0.540079216	0.786459442
0.970196949	0.745269743	0.161007156	0.097728432	0.431435142	0.731238517	0.093162826	0.18716598	0.816748777	0.675455683	0.583407777	0.804700829
0.057596319	0.220006235	0.217739358	0.794820173	0.565355039	0.625837117	0.86429447	0.122666118	0.85597247	0.781845807	0.179725423	0.724870924
0.946608642	0.883551329	0.214818661	0.878111198	0.070207153	0.602711565	0.642229577	0.529302757	0.787781018	0.939221663	0.429515425	0.496281915
0.929365425	0.518291289	0.177363484	0.922651101	0.56020096	0.546245397	0.854108782	0.385540899	0.760291597	0.734440702	0.378529679	0.581572319
0.136718422	0.732276638	0.087935394	0.279546876	0.38215887	0.66786915	0.63736148	0.203978044	0.823621031	0.50709692	0.016603589	0.119225635
0.188437998	0.665589296	0.117888594	0.722588013	0.563353152	0.631336991	0.932178856	0.020656837	0.901677481	0.742354934	0.607223594	0.544538595
0.017935359	0.130273512	0.068124915	0.431657432	0.534297845	0.643560049	0.480497096	0.158168254	0.765341263	0.81002291	0.048797966	0.915021329
0.396805949	0.663301123	0.142186141	0.469480212	0.982893694	0.61860014	0.305071039	0.425810968	0.754475685	0.693188303	0.066911023	0.486129009
0.351500393	0.703743443	0.174265318	0.19514231	0.563453111	0.641448852	0.580910846	0.010873629	0.768764096	0.946919671	0.369535875	0.204928627
0.137409628	0.309942149	0.209452164	0.881784946	0.808917362	0.667167283	0.429907539	0.466413552	0.723295414	0.809690769	0.585744607	0.859787978
0.04747317	0.046927453	0.147651526	0.628846715	0.75937863	0.649537068	0.831558327	0.377401937	0.787330464	0.511170634	0.409696799	0.154622837
0.667784445	0.55830559	0.12840492	0.043462263	0.727981392	0.596144265	0.577348413	0.290904659	0.822028371	0.596069041	0.402986423	0.892631319
0.289909245	0.866863537	0.076136597	0.460456472	0.942511139	0.620679426	0.669141831	0.316293255	0.82972351	0.969242933	0.029844878	0.441883633
0.209428851	0.174816317	0.094294692	0.646960365	0.919523086	0.665991424	0.470602493	0.447104024	0.811511908	0.776535806	0.388671483	0.035332059
0.706851639	0.702058102	0.099045672	0.932160191	0.258824774	0.682306656	0.082378003	0.441659542	0.856532273	0.683328776	0.604311372	0.309485796
0.099765914	0.713190511	0.119753873	0.607167917	0.649764814	0.558791165	0.905184485	0.392161458	0.741543047	0.70403412	0.447564286	0.882887126
0.573511188	0.897132391	0.138541037	0.876422895	0.521447857	0.640922238	0.674794626	0.44315266	0.816203979	0.706718725	0.565549505	0.884545111
0.266006998	0.681017617	0.1373575	0.969880178	0.912968176	0.512844465	0.479996098	0.363485404	0.823555141	0.771184316	0.540060168	0.872752892
0.786524524	0.470118946	0.130235741	0.960453086	0.2573427	0.703848743	0.476267235	0.084149541	0.859771596	0.738309751	0.136762753	0.664500284
0.176231307	0.841026816	0.194183149	0.665307081	0.652259032	0.618263239	0.083120574	0.396268073	0.675335866	0.864584089	0.344548515	0.819173139
0.619154941	0.180799388	0.209392258	0.172087208	0.614157905	0.753701259	0.368347227	0.329645116	0.862864146	0.542935298	0.488304244	0.312802994
0.981679919	0.603557035	0.161641681	0.655477522	0.54698148	0.642742644	0.415562555	0.560391769	0.761692262	0.840528252	0.173235348	0.995344963
0.536720508	0.742148234	0.051448188	0.887171496	0.87662036	0.560259286	0.08042083	0.429331664	0.773053767	0.721905083	0.218568255	0.336243777
0.72906534	0.141776824	0.108413965	0.739791702	0.685747359	0.726768526	0.090785636	0.280834368	0.807556314	0.949552129	0.025747139	0.502523112
0.678982978	0.480882977	0.121008788	0.629127569	0.969706299	0.594994407	0.917425856	0.301462217	0.740461892	0.517797435	0.049403655	0.390616672
0.471960514	0.635394741	0.139611622	0.340661727	0.089547822	0.666513566	0.355670495	0.556098513	0.892371095	0.956270961	0.170440106	0.793846979
0.318881717	0.732833051	0.17094015	0.804992709	0.781271029	0.56506604	0.169076389	0.080930111	0.661314453	0.900898259	0.346533687	0.094599997
0.685386468	0.971568327	0.127786449	0.567903224	0.598813104	0.627761959	0.559035192	0.268523883	0.856093347	0.774208401	0.320965981	0.455396919
0.632506967	0.159139629	0.144105737	0.075575747	0.12915143	0.623860364	0.670068726	0.472611169	0.901564411	0.716991847	0.505293356	0.664009998
0.888240437	0.626212786	0.185132477	0.023477727	0.769862185	0.766968718	0.813523891	0.179739713	0.788130239	0.800697767	0.000911112	0.34215371
0.242885616	0.888788498	0.16213975	0.317042311	0.184981894	0.604582059	0.313917383	0.251252751	0.724894156	0.950674298	0.574528127	0.665308996
0.438265678	0.847601707	0.159930472	0.469623334	0.384551579	0.696256578	0.070104742	0.380970568	0.713197756	0.54300976	0.244799645	0.053356512
0.183349392	0.654795619	0.041986479	0.336920093	0.926049962	0.547496011	0.752966632	0.238230383	0.752354188	0.808116691	0.276213062	0.754683861
0.542451938	0.437586106	0.147850991	0.820879436	0.614702496	0.480914981	0.192613511	0.555338529	0.816530222	0.779223247	0.443863893	0.841905328
0.326585617	0.257898995	0.123971832	0.550853706	0.551172441	0.678914314	0.438531446	0.20548344	0.761136377	0.996434597	0.295944494	0.853463158
0.846105519	0.502747153	0.172032445	0.336958966	0.530654133	0.679930992	0.775807224	0.230524301	0.839884476	0.894357037	0.076118386	0.148476518
0.590017456	0.401504366	0.12816184	0.926994708	0.645801063	0.767966522	0.730414817	0.328566678	0.591295287	0.820806703	0.630750738	0.294270343
0.892355547	0.967676108	0.093622852	0.75512108	0.652677196	0.671257893	0.918086633	0.108004064	0.845365076	1	0.303801603	0.23625853
0.725278276	0.875723174	0.158612502	0.009972302	0.277916857	0.634735558	0.63142251	0.447319565	0.830292945	0.651861259	0.339058195	0.819699122
0.283523243	0.93412582	0.103621638	0.33593155	0.81262753	0.751647439	0.619149614	0.533114822	0.748949423	0.840205547	0.185299158	0.550787613
0.846464815	0.293897317	0.139097528	0.903111467	0.974501754	0.704630078	0.372265086	0.328622414	0.736528767	0.789961405	0.216032052	0.89416191
0.800168337	0.361696601	0.184444721	0.745494555	0.813114372	0.503121004	0.736430474	0.095960765	0.966939963	0.65966701	0.241799905	0.52548433
0.996820938	0.072591857	0.180962944	0.863669238	0.345674622	0.532259635	0.214096111	0.193551803	0.825833659	0.49291942	0.488238975	0.002324053
0.602082142	0.46369396	0.188192353	0.999330787	0.609914316	0.666541345	0.966085691	0.05947281	0.716404472	0.979555042	0.220315345	0.736494126
0.19536765	0.495670909	0.168482243	0.955139336	0.945536551	0.743711469	0.509920308	0.348726334	0.657134516	0.686384974	0.211613186	0.823709449
0.072884986	0.449198822	0.159515539	0.721451013	0.058701287	0.642205498	0.58278278	0.03484561	0.821257292	0.793456738	0.236601957	0.538213547
0.31958318	0.729950995	0.096087751	0.587437741	0.828938	0.770841947	0.729313527	0.56202189	0.658774863	0.737154008	0.491520947	0.520796607
0.896017709	0.601940193	0.170349863	0.159505761	0.29401479	0.706741091	0.447608502	0.310866321	0.809820307	0.666516079	0.587462099	0.927365914
0.027652581	0.636779604	0.241855053	0.06509494	0.519001403	0.552194455	0.357213372	0.235603366	0.693550215	0.944903882	0.539980782	0.879884277
0.918502141	0.013916565	0.120586414	0.417739416	0.933277471	0.769133871	0.279583599	0.130653013	0.63088533	0.534320915	0.579786357	0.349513702
0.866202772	0.601271453	0.137887622	0.201397679	0.910705125	0.523075375	0.33252549	0.208021269	0.773971107	0.944571382	0.235381832	0.349758132
0.812498373	0.464878198	0.31364851	0.359355828	0.595910709	0.680484512	0.623082893	0.877130166	0.241178691	0.675474706	0.814246129	0.228677488
0.973439466	0.736548581	0.339422551	0.773197482	0.601089574	0.660176356	0.19757481	0.967575242	0.496539526	0.682514959	0.504847452	0.273761729
0.722487834	0.175167917	0.950373148	0.180237696	0.32773795	0.704642244	0.047262124	0.897660345	0.287876225	0.609073173	0.519001073	0.213870071
0.788130712	0.393291737	0.371146497	0.541148729	0.006835329	0.877322958	0.844368803	0.840218729	0.648483133	0.740038672	0.630096186	0.222589132
0.7747533	0.104763486	0.295554145	0.815783029	0.848032845	0.888530047	0.300040148	0.788453123	0.335749181	0.577538895	0.444413221	0.23100297
0.301503586	0.025809418	0.173459903	0.919643729	0.664512882	0.785838466	0.855670945	0.868365815	0.619862717	0.746156736	0.528094028	0.197111245
0.448005661	0.197578786	0.43154233	0.635194416	0.717676887	0.728968965	0.235926341	0.91037302	0.551470127	0.803850938	0.489127848	0.211884245
0.381766776	0.073994872	0.227470695	0.569592909	0.968379742	0.820028814	0.761944927	0.897098429	0.26190149	0.519646626	0.772611214	0.247336484
0.314225003	0.494038366	0.984184252	0.049554977	0.923956449	0.770869152	0.655668942	0.797057413	0.772447468	0.744364618	0.757220558	0.303636438
0.987396991	0.46358637	0.278917504	1	0.301586507	0.894350391	0.303869885	0.921109687	0.764288701	0.501615942	0.46353217	0.17229165
0.632355802	0.552448577	0.801212044	0.404436359	0.907408123	0.74679455	0.552880986	0.858274903	0.195855675	0.566906282	0.675835599	0.264231701
0.937477881	0.451676243	0.203194886	0.655315388	0.775931186	0.830563298	0.837553078	0.880542451	0.281139311	0.998026446	0.693966729	0.256783853
0.758664724	0.9076292	0.233804481	0.677301629	0.671678675	0.821941721	0.081206937	0.852752036	0.494029557	0.802139526	0.798171415	0.141718435
0.817245554	0.23295465	0.210647067	0.907823026	0.6607614	0.957294758	0.686955301	0.84554759	0.506786318	0.692632461	0.717299651	0.251905638
0.7447592	0.3257495	0.833434908	0.897219253	0.164659194	0.985519213	0.371539493	0.852101863	0.414376855	0.608896131	0.508508752	0.265852716
0.956689153	0.61336848	0.798516334	0.113603642	0.27436338	0.761990142	0.974278482	0.792224173	0.147331761	0.641712411	0.411072689	0.222814902
0.341540978	0.181986475	0.477436039	0.388836642	0.177356953	0.879604896	0.408347965	0.851130322	0.270957738	0.800014012	1	0.307319338
0.91617541	0.985763723	0.358313618	0.114990201	0.916602919	0.658080428	0.155377377	0.823104744	0.217576592	0.766222311	0.529565025	0.299281449
0.778384464	0.622655018	0.610067103	0.458004	0.895571337	0.982433529	0.371694279	0.835271307	0.582915569	0.917138481	0.62349914	0.33068826
0.767000978	0.571898446	0.737385824	0.136432608	0.599843047	0.974902565	0.393804447	0.840014265	0.37348919	0.802225367	0.802684122	0.267453661
0.164201935	0.360491572	0.930514763	0.21843509	0.917580278	0.689192241	0.082829384	0.801071331	0.087203535	0.975115859	0.994860005	0.225961296
0.320646631	0.65567223	0.67984799	0.306981424	0.668611752	0.963467996	0.882857124	0.892816436	0.682238676	0.710345078	0.937750633	0.262906902
0.201795057	0.152589993	0.256745761	0.317051176	0.405095533	0.676258702	0.875237339	0.973494069	0.33145907	0.591300357	0.512413233	0.224666636
0.90964284	0.541503674	0.720004514	0.787657605	0.932195368	0.926377401	0.313015635	0.953860198	0.004846971	0.802970349	0.582562964	0.344347312
0.5323777	0.949024005	0.519519221	0.649257359	0.750634087	0.733718466	0.37218401	0.895316856	0.074035982	0.588975864	0.796558344	0.194487048
0.460089356	0.513033262	0.345333705	0.624338637	0.812031074	0.659586087	0.637415289	0.861952034	0.667590827	0.921065547	0.723536584	0.179788648
0.346187086	0.911098574	0.852782593	0.815977125	0.814226447	0.94501944	0.049195316	0.95936251	0.40385122	0.578080573	0.721350795	0.236523252
0.325199725	0.159795081	0.774685249	0.929474912	0.360576493	0.997237057	0.595728404	0.867900045	0.659946535	0.968710338	0.720874132	0.251306274
0.35661803	0.546466515	0.221121689	0.221628802	0.185698441	0.958181748	0.792796203	0.939693312	0.623592829	0.877964329	0.599768875	0.20449218
0.961777497	0.346637536	0.708281717	0.86092416	0.844949592	0.695635585	0.257935361	0.938663918	0.714225071	0.874323516	0.531811001	0.246098736
0.255340144	0.274130247	0.289513384	0.523893038	0.87569099	0.667878441	0.925817597	0.78956847	0.243884973	0.768476047	0.760648559	0.258362265
0.50335084	0.089209327	0.58998312	0.015669977	0.696372583	0.933346566	0.601883786	0.889726722	0.214156193	0.68782886	0.864419522	0.299563387
0.962295939	0.251731832	0.815856145	0.138739638	0.747505208	0.962632407	0.373134493	0.839018139	0.672600149	0.909523206	0.739571217	0.275975371
0.531344013	0.090233871	0.553818957	0.756991883	0.81273016	0.918851763	0.93569948	0.84100723	0.25848131	0.779402758	0.597758058	0.241503932
0.347493395	0.637853946	0.379496894	0.01405106	0.291474533	0.968545658	0.912734687	0.808300677	0.692152041	0.786222271	0.811143659	0.230333341
0.36851031	0.045382879	0.14848684	0.212864983	0.937582358	0.958363276	0.135005361	0.85012926	0.151943001	0.771377152	0.759598503	0.248994276
0.784142835	0.853739949	1	0.543917559	0.005305993	0.80196477	0.578632509	0.883697253	0.612394302	0.805084828	0.571019376	0.220244587
0.132115935	0.404581012	0.475473468	0.135674172	0.468430917	0.945293258	0.864356371	0.92797999	0.436983765	0.921668253	0.458573656	0.269080596
0.551821158	0.614149463	0.715590279	0.422213445	0.815493347	0.76435084	0.916511964	0.821797067	0.679421048	0.938478017	0.651484959	0.251230417
0.426421652	0.133382238	0.823500937	0.018197497	0.491560669	0.873364659	0.066544481	0.838745891	0.508895243	0.697654332	0.891759033	0.231989352
0.159281108	0.087403616	0.787963627	0.189887067	0.041505896	0.831348358	0.484919062	0.89217142	0.650649025	0.674189298	0.582765828	0.289544741
0.30042382	0.502770717	0.446126748	0.684214174	0.239259013	0.861039893	0.282495417	0.84120511	0.529949787	0.726411239	0.792486146	0.264582856
0.480958792	0.422394688	0.254490239	0.214852867	0.16377435	0.793179586	0.312179012	0.95844128	0.411665314	0.630114809	0.345334814	0.257858111
0.623200365	0.716651507	0.428816388	0.505012911	0.77504094	0.663876101	0.690357771	0.868531249	0.582069343	0.816161506	0.763372676	0.189137874
0.630346864	0.799396802	0.802375947	0.433249467	0.454267129	0.741666506	0.12518857	0.819585085	0.068307623	0.596139665	0.611742854	0.335427958
0.177203393	0.44689755	0.483176586	0.367086554	0.48437375	0.940142663	0.986329183	0.929364712	0.264786215	0.549707513	0.634384814	0.271200309
0.134951265	0.946544294	0.387663037	0.036853649	0.839803481	0.841356732	0.70402524	0.803562911	0.001502395	0.899898108	0.46649003	0.143156499
0.226980982	0.186624253	0.172526527	0.765670885	0.158585937	0.669422717	0.916000572	0.82714014	0.013226768	0.942142024	0.629131511	0.195191302
0.009945857	0.034170998	0.218016249	0.390455568	0.488959823	0.769180017	0.582105193	0.845452601	0.13627564	0.563035318	0.563321769	0.221609271
0.276431149	0.53526325	0.209945296	0.359644809	0.132819524	0.761609756	0.296944934	0.879994937	0.122046101	0.547538625	0.71251153	0.25832706
0.508484194	0.579337782	0.747828172	0.798738101	0.05874142	0.743844087	0.329939109	0.917590611	0.110562563	0.567503257	0.579575872	0.321334667
0.41145561	0.428788459	0.897850238	0.30346277	0.767568105	0.959046591	0.97420872	0.830292048	0.428630973	0.655348218	0.806189898	0.186074067
0.919263652	0.933706953	0.999474488	0.075312789	0.617363418	0.821822183	0.367297404	0.806697463	0.572083469	0.625871181	0.69622013	0.26086658
0.736140243	0.006149837	0.998829504	0.984410112	0.336515924	0.831199468	0.61206925	0.797284266	0.012684691	0.593461723	0.900181676	0.308557659
0.566428381	0.568614743	0.516590747	0.302876669	0.116620213	0.840443323	0.187085282	0.942842891	0.772721806	0.979908981	0.624434896	0.242035726
0.049406522	0.84211412	0.653047006	0.645264897	0.782873468	0.852687033	0.226203426	0.876110932	0.522449149	0.868638629	0.848758107	0.24704279
0.872113468	0.372923141	0.443508063	0.502715972	0.290598876	0.996579915	0.175350026	0.899316701	0.653975569	0.757959245	0.644076795	0.310619964
0.746874528	0.436018465	0.182160572	0.393138114	0.731496045	0.948015698	0.363676365	0.777581615	0.74643236	0.702697291	0.633034711	0.178485082
0.593152772	0.690918514	0.934640357	0.457392859	0.522164357	0.916415306	0.956538298	0.97955533	0.125186506	0.803055966	0.589659149	0.286462045
0.363970967	0.660409339	0.32863642	0.3927229	0.023643488	0.757343409	0.140145963	0.830498209	0.58152215	0.545468681	0.506871937	0.242991852
0.023793564	0.527791674	0.779984795	0.876599205	0.661938033	0.837868825	0.910083551	0.868025287	0.425335464	0.924344695	0.8364652	0.200708011
0.555853414	0.973975983	0.428901948	0.556194785	0.613869565	0.862721849	0.510067545	0.902233793	0.596746587	0.746861167	0.61345264	0.299083603
0.284334605	0.14075716	0.761445514	0.604201572	0.075420616	0.82696522	0.183012586	0.784994263	0.749188273	0.874210049	0.558491547	0.187049351
0.426229029	0.931876515	0.892950554	0.851610118	0.893068862	0.844642659	0.373729281	0.788951415	0.347884367	0.894734408	0.762377485	0.266387877
0.253569732	0.299161837	0.871099794	0.635585571	0.936778191	0.937620607	0.485542726	0.863304848	0.154984239	0.830201403	0.694332451	0.200980582
0.969750824	0.596030085	0.28310524	0.923712163	0.041780681	0.795728253	0.458582924	0.930468649	0.071768401	0.74325846	0.557167434	0.33085066
0.054897876	0.168063753	0.930665348	0.29039448	0.074507506	0.726554829	0.803338452	0.845010595	0.021738793	0.910868022	0.861013975	0.295940979
0.13255058	0.600723889	0.889988786	0.244369203	0.572172632	0.77771445	0.793456573	0.776057833	0.256284828	0.808791892	0.623069981	0.294290198
0.673220507	0.905183412	0.843770972	0.986238276	0.047006808	0.910381096	0.225835732	0.772692833	0.365137184	0.737503844	0.882425389	0.303984746
0.366959818	0.304073503	0.37415885	0.633281165	0.477984899	0.738950444	0.071004759	0.867704602	0.44157339	0.510907255	0.568304266	0.285425121
0.400916444	0.765094737	0.790598971	0.071134861	0.400466924	0.65709605	0.931802984	0.835281149	0.171379856	0.761468656	0.664390177	0.220311526
0.530842792	0.340958609	0.301848404	0.142143935	1	0.858177737	0.972053181	0.903872417	0.675428366	0.655422002	0.715075872	0.219331101
0.926176124	0.767234718	0.848375086	0.85501183	0.594159346	0.896435864	0.372373911	0.811252125	0.477942715	0.874267005	0.509023163	0.247084815
0.086511604	0.818185567	0.411194115	0.847237054	0.808274599	0.684981935	0.380942313	0.862261872	0.604175924	0.658256293	0.571150665	0.223618281
0.771433983	0.240199397	0.734222329	0.867362785	0.498739285	0.665777716	0.900081853	0.894299564	0.76516504	0.510349309	0.604494909	0.261144982
0.238409786	0.74272706	0.408440342	0.318499798	0.135404025	0.745014557	0.078611809	0.934673214	0.308014069	0.68220068	0.756306883	0.269874959
0.608474405	0.81193007	0.800020234	0.84155822	0.72450873	0.901903263	0.113330643	0.870813121	0.002403605	0.9620879	0.430525898	0.152189795
0.19951864	0.467996647	0.211504229	0.293068931	0.651633841	0.905923256	0.989554588	0.897296824	0.241482627	0.591023691	0.490482955	0.277538772
0.184437092	0.354087131	0.754942916	0.01932354	0.070688501	0.7898768	0.271528955	0.748516256	0.188543697	0.738434553	0.96047421	0.227434018
0.176919017	0.448156895	0.337081015	0.578218058	0.109578871	0.721534278	0.652821322	0.945958635	0.147427224	0.9615506	0.626633973	0.12387823
0.748189741	0.393481637	0.748723372	0.814990729	0.806915561	0.691069705	0.143657004	0.842432594	0.721920242	0.851921241	0.723684201	0.269468587
0.65914607	0.09840701	0.982673781	0.282787237	0.712037653	0.750861002	0.215781797	0.822426809	0.271524658	0.888038349	0.602820068	0.170829614
0.191313044	0.553625295	0.645322248	0.393584625	0.832777432	0.764611068	0.65827046	0.855709349	0.730321361	0.868528543	0.883525731	0.305141897
0.795817207	0.974357599	0.539165892	0	0.330685883	0.987889313	0.757580788	0.844531285	0.670738132	0.838325219	0.726537118	0.207144537
0.270428299	0.648972901	0.93988953	0.33008781	0.118244541	0.769002425	0.712471109	0.708210754	0.052117903	0.865726875	0.639441883	0.181414839
0.581360707	0.469975887	0.4816194	0.991894681	0.972811224	0.870992085	0.464424107	0.72772458	0.002510677	0.86230137	0.61178966	0.340209249
0.637253616	0.23120927	0.537577758	0.424038221	0.28924245	0.675916279	1	0.918339683	0.556318396	0.560146178	0.649388971	0.202997211
0.572658094	0.830715241	0.589692108	0.626630766	0.656183432	0.708709161	0.21751264	0.827473981	0.143404932	0.623568732	0.502246028	0.308680476
0.630862768	0.770688397	0.823712059	0.816786682	0.991241698	0.881572453	0.84300573	0.792034252	0.791391297	0.683230868	0.547087189	0.277688076
0.60575745	0.817475208	0.854996745	0.974776384	0.804418224	0.758801744	0.081280393	0.811835736	0.145763177	0.821045251	0.875320351	0.234145536
0.71106942	0.612042234	0.57955029	0.834307283	0.814763884	0.739360171	0.232154991	0.866084591	0.128934199	0.665027126	0.73904961	0.217235793
0.781203459	0.722520503	0.990448964	0.280215964	0.620851876	0.98849847	0.420874986	0.886043827	0.328433385	0.964767185	0.454836696	0.376317197
0.553360092	0.586929245	0.595575516	0.603474932	0.716867319	0.723656034	0.65645981	0.940636425	0.378541273	0.54848748	0.626008269	0.266197766
0.042548622	0.158306082	0.777596279	0.061914192	0.929592966	0.809968997	0.662596842	0.73250879	0.119717093	0.941055324	0.735837371	0.302929839
0.292431884	0.625338488	0.767214512	0.150418892	0.393893421	0.791017109	0.679578327	0.920884428	0.553416952	0.827680828	0.605931732	0.142982204
0.809395031	0.931680287	0.982035662	0.68441739	0.119762941	0.828346757	0.386676238	0.839056021	0.673677324	0.675401118	0.753953773	0.234183181
0.364305222	0.757745842	0.37330213	0.173777846	0.470349651	0.782918838	0.287816818	0.840965903	0.728709052	0.810162179	0.594022479	0.32995746
0.312320825	0.227738938	0.822887655	0.201870528	0.209692926	0.699521356	0.877634929	0.873697048	0.324664962	0.694343883	0.646754661	0.15347279
0.195336859	0.867065203	0.815487233	0.756844839	0.139086262	0.934361272	0.446086309	0.752647224	0.281053266	0.656910369	0.484730584	0.196918016
0.844585187	0.812041257	0.748800267	0.369413125	0.605103164	0.740562189	0.412949201	0.882965886	0.40859067	0.970434285	0.992316268	0.270343203
0.646499208	0.597675103	0.882553128	0.551799104	0.357689428	0.867611449	0.417160295	0.975936529	0.775686412	0.639100183	0.847440404	0.218092495
0.379062234	0.798939548	0.308992694	0.893241594	0.515250532	0.931055794	0.471415911	0.87545957	0.652976861	0.963748096	0.785651415	0.299031559
0.872700328	0.494010385	0.600408633	0.083369364	0.511602828	0.850893547	0.074674384	0.92117043	0.233046435	0.605853828	0.421859248	0.193167173
0.02582231	0.44979695	0.733136486	0.208790526	0.096510046	0.909257646	0.717611421	0.933914184	0.197279363	0.814780494	0.521016572	0.30943748
0.575579769	0.668272968	0.457493907	0.394434041	0.670204587	0.696862538	0.737221026	0.856954964	0.238815325	0.823604222	0.681927073	0.232759728
0.41665654	0.522181882	0.685251979	0.612308001	0.639345831	0.712824748	0.814411426	0.935583139	0	0.613882289	0.570186893	0.322204743
0.114098156	0.347566042	0.332363705	0.479996814	0.780151185	0.921598273	0.356845251	0.92666577	0.487500244	0.979563844	0.766162288	0.350119182
0.141867565	0.162034316	0.920834309	0.928946066	0.843138691	0.924020597	0.84703157	0.908700502	0.158371854	0.68740711	0.725656143	0.234512413
0.604887316	0.072436102	0.202761866	0.596254125	0.058833662	0.939374516	0.567989077	0.821951255	0.503264293	0.747368251	0.880211905	0.271876985
0.11571287	0.418346375	0.895706677	0.56690317	0.365311995	0.846264397	0.027999269	0.880498475	0.532495095	0.623829147	0.784400307	0.230350286
0	0.040434314	0.694543944	0.775541065	0.488120665	0.853760278	0.032699795	0.829893051	0.352744354	0.71411796	0.684694786	0.223324446
0.492413142	0.655343715	0.887918278	0.673753844	0.097443108	0.867106543	0.930513837	0.853344087	0.45536081	0.559758766	0.752183209	0.252832433
0.389295528	0.300392345	0.914206887	0.220381469	0.004168834	0.910482001	0.593959841	0.868872578	0.562855888	0.690825297	0.689272645	0.291817964
0.121022662	0.963146382	0.697120664	0.321367464	0.463433127	0.932016447	0.642015859	0.897434452	0.020139291	0.513111641	0.74604365	0.32236331
0.647421096	0.528807547	0.323218473	0.113293237	0.186595243	0.695294593	0.036088962	0.860921484	0.153081782	0.955160055	0.593897307	0.240681729
0.890355849	0.799225321	0.58954051	0.172914691	0.491710945	0.848016395	0.942325868	0.876006959	0.78945149	0.896622453	0.732657712	0.251859527
0.783365095	0.772443368	0.383482125	0.73845757	0.607453542	0.76173281	0.954157864	0.906032588	0.703395899	0.55262981	0.450906279	0.181802987
0.335432261	0.184720716	0.886936878	0.670224897	0.404979457	0.74751138	0.061788235	0.853471149	0.312910059	0.739522445	0.762041694	0.213286523
0.337167269	0.114731088	0.963886655	0.833492953	0.600972904	0.957636701	0.566496008	0.921273045	0.542433567	0.605241432	0.625460798	0.224120451
0.776066094	0.367355595	0.245925039	0.024170416	0.450981991	0.689036707	0.869782388	1	0.606365196	0.909143565	0.507617438	0.195933472
0.511568663	0.507345955	0.366968263	0.064241017	0.408072454	0.986274314	0.565426611	0.887969185	0.224270915	0.746109953	0.651608693	0.26490658
0.581623415	0.883084064	0.99443446	0.191941251	0.58350813	0.991174331	0.75033813	0.847696891	0.557446819	0.992217486	0.479505243	0.210660738
0.411823059	0.273118378	0.796956918	0.104977297	0.252003535	0.949682009	0.512673169	0.817749551	0.063942635	0.877590381	0.701817251	0.244968096
0.964337342	0.223024793	0.854703145	0.825916415	0.260495816	0.670872442	0.141577127	0.857029205	0.103790898	0.656311824	0.471348506	0.282501902
0.457051725	0.317930399	0.456553389	0.146307842	0.019482816	0.974502815	0.201074756	0.883287877	0.288419372	0.887420917	0.559891489	0.284516023
0.076932671	0.676445892	0.865217736	0.625353415	0.045823568	0.901395871	0.931556079	0.863908394	0.555826768	0.841775437	0.437014409	0.14086236
0.802869095	0.225135087	0.269181527	0.572060085	0.484935152	0.889849231	0.538260978	0.86084869	0.290510979	0.719708064	0.72755547	0.365253816
0.410751929	0.112243746	0.792797857	0.919469322	0.830436135	0.860891883	0.420784529	0.847468444	0.660323274	0.498375437	0.572922861	0.201351503
0.009333722	0.519175581	0.848397764	0.294699771	0.135456	0.709698929	0.660136275	0.882398605	0.790303934	0.62103975	0.895300229	0.312746448
0.978213853	0.474945616	0.799363064	0.743094822	0.197551448	0.723787715	0.008272893	0.858012776	0.552316338	0.725838241	0.598428023	0.334527778
0.013984559	0.127826708	0.688577713	0.110797773	0.952095461	0.688626906	0.57448139	0.749349726	0.667664438	0.516423926	0.532624464	0.247055279
0.803085961	0.686438305	0.185173534	0.119790287	0.667882562	0.824917307	0.104337976	0.86515286	0.579282078	0.803691174	0.765286169	0.226840922
0.655518931	0.252307286	0.485202027	0.277187185	0.207082918	0.989726263	0.94593504	0.788214763	0.713264459	0.944122255	0.396863264	0.150543694
0.081685954	0.472541755	0.152550317	0.221282383	0.964692869	0.875821637	0.727697278	0.783305767	0.621612216	0.690375868	0.76228015	0.277280817
0.331995686	0.017652153	0.55995246	0.616593044	0.313425152	0.910203833	0.195227255	0.88107532	0.424244318	0.603637191	0.565891374	0.285437148
0.477681268	0.067990339	0.740957453	0.209722987	0.436171098	0.862458497	0.47403013	0.807389037	0.686692051	0.563687624	0.525452578	0.266203088
0.274631192	0.330787169	0.964796724	0.78600618	0.010715408	0.97948471	0.505658386	0.910994121	0.745787149	0.676336459	0.622715055	0.21069289
0.240739407	0.864053714	0.284408439	0.586780463	0.797521642	0.911118037	0.123447852	0.750014242	0.713710556	0.953710189	0.529882017	0.293058865
0.761710413	0.566689962	0.809945127	0.316665621	0.057563346	0.994699889	0.854565207	0.753818757	0.003310213	0.574381428	0.658506566	0.254225247
0.085604031	0.177242613	0.60303326	0.808913465	0.861518678	0.863022773	0.515097144	0.825954076	0.527732417	0.593372383	0.612426585	0.282230307
0.847574812	0.64676396	0.326264628	0.363532319	0.186497838	0.822842486	0.763745181	0.817835392	0.683748618	0.587275521	0.500190781	0.32534855
0.791073076	0.8947558	0.704538244	0.260238817	0.497581932	1	0.2384452	0.897360529	0.198041447	0.571116066	0.98837297	0.286447604
0.815316999	0.013907831	0.674010779	0.704450363	0.300441201	0.992649175	0.578799132	0.89866451	0.320738708	0.746579321	0.777383879	0.211472752
0.547720592	0.709189469	0.64661277	0.713701622	0.513294833	0.822385326	0.051278955	0.808328114	0.676032237	0.968805719	0.736419453	0.184247295
0.906408611	0.726769481	0.916498595	0.352343813	0.850748483	0.982130408	0.458458972	0.890080454	0.691754228	0.852024839	0.638350592	0.221365993
0.46301159	0.083673662	0.149824982	0.760246077	0.411895977	0.833361843	0.156195491	0.934595624	0.165601533	0.858405316	0.848891277	0.236961312
0.093888804	0.875685463	0.915596212	0.407312448	0.226989459	0.945672496	0.464596995	0.712983749	0.63962936	0.922240403	0.467094808	0.299186152
0.312888637	0.599264398	0.271806261	0.564559385	0.262864877	0.891018109	0.761520934	0.774846088	0.163798608	0.67847867	0.623235994	0.181576801
0.011209398	0.784340116	0.298981742	0.148085145	0.93832116	0.967141856	0.872783518	0.875103825	0.469758887	0.569038663	0.604615104	0.278642549
0.19239717	0.927380718	0.894962824	0.61977208	0.437663685	0.799082851	0.733719702	0.746635806	0.640250902	0.491999787	0.760920622	0.191962096
0.38574431	0.301919298	0.545722295	0.585128224	0.789114314	0.775571633	0.998922634	0.767856449	0.243885278	0.701285317	0.805867323	0.199263231
0.647803762	0.671978617	0.82292213	0.269948235	0.725022502	0.991629931	0.41791713	0.775817023	0.257014275	0.62490369	0.68765907	0.309482024
0.945986161	0.834484407	0.395346388	0.728362996	0.02287987	0.699103906	0.865193637	0.903654187	0.66724638	0.991600884	0.629543352	0.295809814
0.084639844	0.023467595	0.469663859	0.972018683	0.381339709	0.719003646	0.598590994	0.882164914	0.395340782	0.66725586	0.6423234	0.274506863
0.986498016	0.713031289	0.722322454	0.271355748	0.416187537	0.982175892	0.906949779	0.921275555	0.754969156	0.90211566	0.588473864	0.313962204
0.437791801	0.161174202	0.19769258	0.915968733	0.636586958	0.681827539	0.71280917	0.902536363	0.089584733	0.982334804	0.743600508	0.281913468
0.448865774	0.41105217	0.53222643	0.488887589	0.483287891	0.987547255	0.734082518	0.824095192	0.461396377	0.797434369	0.463292091	0.316092537
0.152008721	0.073727517	0.776612081	0.749448016	0.746876754	0.857915004	0.297391456	0.922487605	0.638643158	0.587671844	0.59771258	0.341435676
0.504954229	0.411470785	0.168547245	0.64859778	0.187968668	0.925860899	0.75649026	0.792949542	0.159178876	0.586716597	0.667856611	0.191174321
0.913077001	0.181987787	0.405611536	0.928585717	0.157160106	0.86553264	0.672838078	0.894373972	0.780478308	0.938243692	0.777598191	0.353664653
0.504946592	0.153146785	0.215919036	0.799450197	0.354739441	0.928619829	0.654795517	0.920208459	0.394566661	0.884062704	0.613192296	0.279788386
0.622342006	0.012206042	0.198591886	0.039740335	0.176916861	0.683989915	0.654909382	0.887532398	0.201438748	0.798499815	0.64687476	0.328664924
0.627264481	0.502992347	0.25386716	0.280748215	0.674993712	0.789397782	0.852138807	0.879036153	0.122901971	0.57533678	0.59662795	0.265096357
0.547974637	0.375294231	0.240036714	0.566286452	0.214344741	0.717708833	0.703438746	0.870645856	0.470437398	0.81597629	0.700894737	0.256833222
0.963286871	0.436347159	0.641266313	0.878158195	0.744703176	0.942840257	0.273611592	0.877530403	0.20089395	0.960081711	0.732339592	0.194862814
0.463171708	0.273952221	0.440371697	0.097286716	0.488003285	0.902645533	0.227278229	0.801512043	0.490603035	0.748086387	0.733800599	0.239749768
0.64052006	0.423614619	0.510346063	0.039453928	0.803674818	0.7016021	0.194732675	0.814065899	0.449041043	0.907129583	0.575646443	0.299582069
0.482388818	0.354343287	0.149526077	0.771616513	0.013735026	0.232051143	0.32586207	0.500591711	0.274429327	0.099173665	0.389837102	0.712654599
0.975380638	0.369615722	0.218270526	0.592430424	0.559954257	0.165527681	0.0914013	0.138268679	0.25182407	0.185964965	0.256206007	0.627747819
0.890822955	0.395709397	0.191498275	0.932759299	0.730541447	0.148260846	0.652691611	0.206545094	0.150257669	0.100101461	0.141046392	0.607919928
0.742375201	0.531550443	0.690783254	0.996174184	0.216790962	0.060684506	0.081238807	0.292603479	0.293176609	0.165132855	0.536525877	0.120530525
0.723507557	0.949261779	0.681494289	0.632235283	0.296461124	0.304569616	0.5296388	0.351137655	0.27627771	0.092190716	0.36101022	0.15208138
0.036466943	0.520434694	0.463869759	0.916203116	0.34796793	0.198721659	0.734089488	0.246736374	0.249754775	0.099025785	0.321754367	0.433670082
0.593545077	0.939738115	0.48466481	0.484127814	0.909134197	0.139563111	0.081826951	0.127926118	0.30375375	0.036352799	0.4969159	0.926351565
0.216297067	0.795892684	0.520520541	0.503187327	0.539483071	0.258069402	0.944678395	0.373821487	0.188146567	0.162934168	0.352390023	0.391697331
0.244036901	0.003974495	0.596895498	0.828634135	0.200271266	0.333086827	0.986758545	0.358624667	0.270056292	0.265233714	0.610853483	0.001497513
0.284085366	0.583689367	0.631545389	0.262971075	0.747848149	0.240076646	0.223582271	0.363394919	0.259117411	0.238341114	0.180458427	0.867986477
0.028559042	0.213836411	0.607775806	0.583269977	0.937159713	0.214483628	0.033871177	0.343620134	0.142612332	0.088681777	0.277838144	0.545561314
0.236593246	0.829146053	0.258328394	0.883698949	0.09207985	0.208644276	0.473022465	0.091185952	0.142537671	0.28586424	0.179226578	0.5925228
0.656127491	0.842976278	0.880265238	0.405517693	0.650948322	0.243765105	0.243709523	0.418927103	0.362796696	0.15736963	0.264049277	0.867999377
0.190518691	0.319266725	0.527942709	0.743618841	0.447680165	0.130983139	0.371924477	0.097022243	0.170620249	0.11538174	0.371765624	0.772033704
0.751364207	0.759057616	0.247494492	0.561546482	0.450017782	0.125510321	0.545782669	0.010508098	0.181128957	0.086829074	0.191703788	0.945188328
0.142225567	0.078527914	0.722641518	0.270464639	0.774558224	0.286492119	0.826120165	0.387849548	0.152155602	0.109434666	0.295659599	0.406601804
0.159961337	0.351027494	0.184890432	0.64861988	0.30875261	0.078632957	0.810606487	0.336200188	0.126944512	0.098578717	0.26225311	0.3447845
0.872624718	0.866339142	0.58977066	0.672689353	0.176370417	0.085892468	0.87740765	0.427780321	0.21069362	0.150408219	0.337541888	0.996697958
0.280915162	0.931632751	0.305392412	0.35122506	0.942427099	0.249993152	0.513858924	0.14442779	0.310517771	0.072610995	0.053124718	0.281698563
0.134637449	0.180583667	0.682613156	0.957066339	0.13578996	0.235458283	0.409677658	0.479529319	0.251689641	0.17838285	0.022406873	0.043060257
0.628217649	0.618895137	0.264200038	0.133195486	0.473287678	0.30950116	0.399113694	0.103594129	0.253833293	0.094703064	0.58428852	0.929367614
0.622817229	0.840558962	0.433270137	0.433742527	0.740149186	0.154113494	0.5529289	0.410657308	0.266741329	0.183233343	0.390202507	0.285777233
0.818417854	0.430846482	0.362502977	0.35737266	0.87061182	0.169956329	0.145629861	0.393229243	0.202426776	0.143398262	0.361425755	0.957390411
0.052695881	0.572311562	0.210921252	0.498812288	0.879353959	0.22520376	0.985257006	0.561699727	0.246087761	0.125115196	0.388632793	0.050130368
0.355823898	0.353458729	0.962552526	0.720344246	0.588654765	0.172024427	0.052100432	0.250898385	0.254572222	0.163787068	0.457383503	0.734650376
0.513992671	0.54468281	0.417601868	0.772382721	0.034907352	0.066001824	0.266472484	0.070578569	0.192067273	0.13191466	0.328716505	0.336126654
0.623809785	0.503161084	0.976801182	0.15156429	0.6345508	0.220218409	0.682121881	0.447966452	0.266822198	0.076149533	0.162415678	0.859191877
0.995594927	0.18406867	0.791816426	0.724755143	0.284001753	0.286223336	0.507303545	0.312840985	0.297937651	0.185368032	0.324722591	0.060790002
0.391589469	0.220257907	0.643880494	0.026107421	0.903606601	0.16441561	0.835954113	0.196205388	0.149607647	0.104441672	0.210570737	0.252890655
0.006219568	0.935474027	0.384642245	0.819434524	0.69325159	0.069008795	0.462858286	0.152332277	0.363794345	0.047482525	0.092189584	0.889849214
0.430353411	0.398819401	0.603904109	0.608319337	0.367068451	0.133773683	0.553957999	0.091918883	0.319329737	0.166433655	0.198234286	0.091058569
0.238273129	0.914077918	0.898125646	0.478198853	0.461699766	0.086423301	0.726653182	0.229215915	0.302638208	0.103657688	0.205691387	0.703208357
0.3233947	0.647139864	0.172576158	0.486733347	0.454087371	0.131598315	0.866018664	0.28388272	0.171470031	0.134990953	0.317115456	0.952330082
0.191046785	0.761288036	0.921563977	0.855739239	0.702201172	0.253679235	0.216162437	0.275305558	0.176862339	0.082546721	0.230089965	0.987656857
0.882456514	0.972222624	0.457475421	0.799397937	0.936998876	0.173139618	0.916823946	0.255514209	0.2705554	0.164354538	0.362375032	0.945798505
0.304837437	0.416966275	0.747463933	0.050833297	0.702566493	0.155370062	0.427238924	0.098035266	0.170972947	0.185530993	0.135245963	0.539509258
0.999019402	0.583135121	0.410061711	0.851951993	0.938851281	0.136069985	0.800702116	0.417941324	0.253593218	0.134768425	0.436091296	0.436146661
0.984944079	0.65070421	0.957300969	0.671328666	0.119555876	0.097994853	0.103332376	0.378432169	0.354057256	0.138204929	0.47149715	0.691202017
0.329223756	0.177236559	0.538109844	0.261328623	0.77966194	0.198070774	0.948337666	0.51546792	0.165080763	0.187079016	0.281245524	0.286200306
0.592533702	0.13845297	0.798155822	0.536639742	0.324454937	0.151995597	0.094543576	0.437585753	0.012084745	0.189079772	0.442429274	1
0.733755895	0.237683665	0.278822615	0.333785568	0.006591011	0.152112129	0.15284427	0.230413426	0.283193875	0.110922148	0.619467014	0.421024846
0.847938522	0.600685146	0.767296368	0.822197945	0.454320634	0.1776184	0.403276155	0.369493568	0.177621407	0.037939731	0.208420716	0.603781593
0.626300605	0.712941133	0.146990748	0.857270016	0.206333697	0.229890994	0.236683505	0.450175275	0.1506397	0.109808455	0.249385157	0.344115284
0.432334091	0.229457098	0.255036276	0.873831702	0.235525936	0.128083069	0.763403621	0.567118208	0.187613577	0	0.288902931	0.179740486
0.421406979	0.522541005	0.467927379	0.765804481	0.342431534	0.19036228	0.709310407	0.338153662	0.370875856	0.166947238	0.064274821	0.16140539
0.081630595	0.459517786	0.993469772	0.486460874	0.645419651	0.1919517	0.365859854	0.491664269	0.301263788	0.102801963	0.390839265	0.558570135
0.17194974	0.104100133	0.387124906	0.227974527	0.451555925	0.267014178	0.842715639	0.478882399	0.186110102	0.062824217	0.621184534	0.081981708
0.402294916	0.010945011	0.259457761	0.439395653	0.42760433	0.167293671	0.968103494	0.247698142	0.367022473	0.059637141	0.135727443	0.739155331
0.700400045	0.768856195	0.560657229	0.581898548	0.719826031	0.047615821	0	0.10832239	0.257236884	0.093647048	0.574044213	0.452002343
0.866063829	0.432875558	0.739652715	0.131140865	0.12161425	0.272495813	0.834932135	0.000746642	0.217937409	0.075448257	0.090821428	0.095049474
0.628005196	0.741111733	0.524194188	0.803985553	0.43957916	0.078338818	0.840981989	0.045513601	0.199167289	0.102868514	0.171304109	0.540361356
0.764459744	0.327392475	0.239060492	0.308707097	0.938490735	0.179041112	0.554755084	0.000304041	0.092173042	0.115496995	0.280024421	0.980093178
0.588200724	0.425664203	0.836425468	0.554425525	0.608774342	0.165051131	0.10917161	0.56746603	0.225857653	0.201862333	0.163927887	0.737640439
0.867288565	0.264512261	0.90808289	0.319137823	0.018531724	0.216090119	0.633572205	0.351960147	0.147847113	0.132680178	0.32993107	0.092572241
0.233936366	0.011462339	0.986691287	0.25092983	0.60888843	0.163029347	0.225693311	0.351026189	0.374334432	0.131343858	0.602481512	0.588847987
0.249667409	0.219612269	0.455359555	0.62162995	0.525949344	0.145076504	0.536450794	0.192384401	0.223903215	0.232763531	0.313713475	0.698243895
0.495989892	0.301211827	0.174243098	0.629421527	0.492227627	0.133270352	0.45036855	0.446816594	0.159143479	0.136870669	0.451759624	0.045628993
0.995613693	0.917060776	0.18005514	0.944026223	0.024362528	0.225464107	0.259193621	0.500593614	0.056561434	0.136981703	0.06993469	0.923827212
0.333365274	0.147830379	0.983818771	0.637661314	0.369690676	0.125573819	0.318014782	0.276314367	0.303421326	0.140615165	0.509526107	0.720964003
0.101619235	0.563640338	0.256899345	0.995381208	0.342694527	0.233094119	0.682015449	0.113225288	0.099069162	0.137092666	0.021793823	0.995640886
0.767629986	0.5760937	0.586558049	0.322285869	0.122061385	0.178870667	0.12248212	0.433580326	0.276298465	0.202957051	0.166724504	0.545001518
0.295772026	0.098270158	0.869973012	0.132549514	0.142358421	0.176832229	0.386278664	0.515206772	0.315034042	0.11001616	0.18202896	0.334454059
0.793397581	0.917607183	0.719312831	0.207135403	0.43268276	0.121255952	0.551026092	0.457710753	0.331302822	0.090220559	0.324862333	0.554469636
0.648856654	0.028302969	0.347884012	0.816002441	0.341954926	0.156927704	0.914175458	0.342376628	0.345939922	0.117201269	0.530835844	0.705243044
0.534035204	0.651663008	0.928640001	0.303744391	0.572873198	0.17473542	0.667822486	0.459379954	0.203303647	0.246704333	0.532746834	0.893959885
0.824218003	0.836055954	0.876182425	0.620928573	0.155103455	0.115537244	0.334608595	0.368589609	0.240879443	0.119216464	0.269386559	0.719062178
0.508787051	0.637313232	0.84669466	0.331422588	0.779555514	0.087230927	0.994185184	0.468841457	0.321324279	0.116921542	0.360885864	0.723651471
0.192315451	0.05528687	0.409583465	0.694276772	0.252248018	0.22287894	0.74781735	0.233209842	0.276855351	0.075248518	0.268380182	0.839188516
0.817969201	0.687724806	0.791338419	0.387969943	0.470436463	0.055997182	0.388675844	0.19959588	0.397834646	0.123208355	0.136061745	0.600711253
0.435253266	0.836937725	0.464027246	0.373580518	0.925269725	0.17331717	0.922075313	0.085499415	0.273794244	0.091992613	0.534368031	0.507676734
0.248554351	0.796584009	0.669620225	0.373862435	0.489389592	0.168231019	0.37437042	0.162474174	0.253607987	0.139497418	0.535535311	0.308079573
0.119443442	0.246364422	0.556086509	0.459819139	0.090164256	0.056726774	0.311531667	0.251477765	0.327805175	0.103675546	0.308090744	0.616208445
0.37301841	0.550283022	0.32401411	0.276910543	0.828274341	0.097971975	0.108350268	0.250396987	0.170450728	0.144258452	0.253711881	0.607782671
0.00911356	0.373632631	0.958339874	0.737096267	0.623546002	0.006032257	0.799318011	0.183758104	0.2117949	0.182549949	0.235379139	0.268887429
0.35092974	0.972804546	0.569499349	0.225222862	0.199054842	0.276128747	0.057913553	0.345033761	0.027261323	0.193884114	0.611906778	0.654214389
0.916051513	0.007143443	0.20025937	0.401735059	0.592729747	0.106659721	0.018578205	0.133053101	0.262911035	0.052262825	0.629803335	0.532243268
0.419240488	0.194384234	0.143236146	0.800665845	0.996456053	0.154857437	0.970671391	0.262267783	0.383274061	0.190559853	0.3587506	0.786331577
0.8207177	0.204061563	0.98441207	0.447821421	0.197771542	0.1639538	0.197945437	0.196749981	0.256438527	0.170060606	0.423500478	0.559330796
0.241079026	0.33339148	0.336795246	0.707319245	0.298287452	0.166435135	0.270779688	0.468627415	0.314952537	0.18107751	0.459336681	0.040042952
0.778034908	0.4596608	0.635212628	0.721485668	0.449826595	0.063757458	0.984127973	0.351633995	0.251370287	0.10369251	0.55571942	0.593723117
0.999603194	0.183729343	0.442226936	0.910368379	0.650582512	0.179746534	0.786725099	0.060909133	0.409299589	0.040288073	0.262609076	0.097521494
0.316070902	0.863705126	0.626331676	0.012417824	0.248587747	0.189996649	0.712412642	0.163265551	0.274297481	0.152347923	0.588356902	0.285260919
0.121782411	0.374105344	0.806486079	0.217966786	0	0	0.140883435	0.187104977	0.297492953	0.159191333	0.533728946	0.356879902
0.915321447	0.176781228	0.298308218	0.450366367	0.269523833	0.251966638	0.785498981	0.239360377	0.093576561	0.177425279	0.406611697	0.074940405
0.655355403	0.615407953	0.709838455	0.949723536	0.063450298	0.269847602	0.125126058	0.39864726	0.265534362	0.081081526	0.490176718	0.931717817
0.730248642	0.22024375	0.328135938	0.007068831	0.049171935	0.27079929	0.58143238	0.457917104	0.218586049	0.169502725	0.505463244	0.791416656
0.16959852	0.811502711	0.989978904	0.980698717	0.947504477	0.116599627	0.515720301	0.25085858	0.328984923	0.202635637	0.301740607	0.908473191
0.997830908	0.126482811	0.608325652	0.723186567	0.712385354	0.196983854	0.179334855	0.443584917	0.200586129	0.169759761	0.132116043	0.266468326
0.320530917	0.626747083	0.294770707	0.180075576	0.866723161	0.245032644	0.9638877	0.02788283	0.307991355	0.154379421	0.451092012	0.919636402
0.674811271	0.176439582	0.379915331	0.599228032	0.85814432	0.148933757	0.474157985	0.43900419	0.387123969	0.141593945	0.363602806	0.484502508
0.878380021	0.541727316	0.189087083	0.195383767	0.363343532	0.135991439	0.877662662	0.009207941	0.3261433	0.148606161	0.167817739	0.021014495
0.094525632	0.006611092	0.385984628	0.848257755	0.343438032	0.290133648	0.605445025	0.505403729	0.358205039	0.136637949	0.316047421	0.161291371
0.305463855	0.493262405	0.665063396	0.429208612	0.308644115	0.154003258	0.71063909	0.358500127	0.279133991	0.198625571	0.018294926	0.155747304
0.256055492	0.024952142	0.604639594	0.363121299	0.762266637	0.07381157	0.632479898	0.362413055	0.288051296	0.099362886	0.123341281	0.534851132
0.877296588	0.339882868	0.742716897	0.455775413	0.883119046	0.076022959	0.780439821	0.430303988	0.148347576	0.116146282	0.39851905	0.41198751
0.393979918	0.975880675	0.924280165	0.726825825	0.114780758	0.069606746	0.551249475	0.361988414	0.232583261	0.123711924	0.457753241	0.095613175
0.12974952	0.607646758	0.410124815	0.687919328	0.665496294	0.188343034	0.499449684	0.366216797	0.300722429	0.185734328	0.473771819	0.94932166
0.31414348	0.778407451	0.631363575	0.026334477	0.217092269	0.263978069	0.432004678	0.468382345	0.235188858	0.09694186	0.133146762	0.978746295
0.892957102	0.747206259	0.588320521	0.967618379	0.245743292	0.165917548	0.250901999	0.445213237	0.04842748	0.089621813	0.263947496	0.58352801
0.703616861	0.979303219	0.345757128	0.05247356	0.64572062	0.224383765	0.171574076	0.339746134	0.292536262	0.13011592	0.543118717	0.168527493
0.107201921	0.962079272	0.631762387	0.66700755	0.630198774	0.08830037	0.382478068	0.519484383	0.171009535	0.130311487	0.070389797	0.936146241
0.940947128	0.668628799	0.620315522	0.629150998	0.264723015	0.226112449	0.977917504	0.095796587	0.13781487	0.140892176	0.125495566	0.236245635
0.6524339	0.824175836	0.840853017	0.816299807	0.793914299	0.23868677	0.365684207	0.070258537	0.096458885	0.094144044	0.537922344	0.742170917
0.499130239	0.344712376	0.206641301	0.491740528	0.920704913	0.094283098	0.590350725	0.532027977	0.281289452	0.150167566	0.222279956	0.652310625
0.611851857	0.113742854	0.689068927	0.780525688	0.256255662	0.326836137	0.767136708	0.157864665	0.213562697	0.230640691	0.487424966	0.776638677
0.063330453	0.498041275	0.71989147	0.222725905	0.277389188	0.264356909	0.987257253	0.407058277	0.298372927	0.110107539	0.56690842	0.659511834
0.422936139	0.199400643	0.574642215	0.674320509	0.298567921	0.328616573	0.730882434	0.405156406	0.152144172	0.089631561	0.184501186	0.545887872
0.15378633	0.834527732	0.679979249	0.551030336	0.397554167	0.178822002	0.238687221	0.249001244	0.292040171	0.059614727	0.094819665	0.632288168
0.290120162	0.126175827	0.257148553	0.552611385	0.835075679	0.136670531	0.692754255	0.469535729	0.234377949	0.058440117	0.237189198	0.802174051
0.905076008	0.803654826	0.214899894	0.44758421	0.982470098	0.142183306	0.124397119	0.486737882	0.291485746	0.19815079	0.213898935	0.931389379
0.355675029	0.634751211	0.386970994	0.497867424	0.092792121	0.172191364	0.229014531	0.337851348	0.243424458	0.056739048	0.087569438	0.630872487
0.179574965	0.193891684	0.810748886	0.389980131	0.081329434	0.318441511	0.372832143	0.479854948	0.281733394	0.10417239	0.318577014	0.50725631
0.657549918	0.68358713	0.858085351	0.720153622	0.233791555	0.08566442	0.85553544	0.360906592	0.076076829	0.186345077	0.315346746	0.804768948
0.606027265	0.918204207	0.54678418	0.531009388	0.051024467	0.206217329	0.280719914	0.494944917	0.223919165	0.128922511	0.373578963	0.473993266
0.508552263	0.601636345	0.571208881	0.525821915	0.329836521	0.10420827	0.160687791	0.193124362	0.150449295	0.151857139	0.598793563	0.195519964
0.357550604	0.804996161	0.656160274	0.396459918	0.475955353	0.082524596	0.13010026	0.572931593	0.316498459	0.153199257	0.556832616	0.794315342
0.325663078	0.754315887	0.689156325	0.376719067	0.75524377	0.272496597	0.346016114	0.056559761	0.158886709	0.187377037	0.031288952	0.980770598
0.479287616	0.574287074	0.258776712	0.450925759	0.366888294	0.174039784	0.273620545	0.424342412	0.324322075	0.070759337	0.277603046	0.297339126
0.611598304	0.505788268	0.266751022	0.773020097	0.967961887	0.101923563	0.699993114	0.520860226	0.107465291	0.178300641	0.064287055	0.805583594
0.717027814	0.364221201	0.7399852	0.897807842	0.034401002	0.131587131	0.423156112	0.410198918	0.091089972	0.152812561	0.550931549	0.889551914
0.121642851	0.327233597	0.295730621	0.055696747	0.325008837	0.164764601	0.887752606	0.49292759	0.394036422	0.107982093	0.03568988	0.40671978
0.544629392	0.970849644	0.922363646	0.298574749	0.842755848	0.071150423	0.983568081	0.355455142	0.169549802	0.148248524	0.425174118	0.220920838
0.502702342	0.863507491	0.907492856	0.575187973	0.661044699	0.053749749	0.804390911	0.222244048	0.191684766	0.144442633	0.319561876	0.642109555
0.434920289	0.634366671	0.913694564	0.368911804	0.977301131	0.140384488	0.088098907	0.069121634	0.313757765	0.142418017	0.613876156	0.898436116
0.115802442	0.60426489	0.698888495	0.343475727	0.199372278	0.118560684	0.03496799	0.4454101	0.141034114	0.253913501	0.441088509	0.822679735
0.102309771	0.241851325	0.803006108	0.118279982	0.948771226	0.253640721	0.661938191	0.017015658	0.110997846	0.127187201	0.05244005	0.379700078
0.761215065	0.948596894	0.758969997	0.861974423	0.158426179	0.294092722	0.423569171	0.285056898	0.272897721	0.144331354	0.343796512	0.488055707
0.71615724	0.746184912	0.724189369	0.361753841	0.914423905	0.230456912	0.927311901	0.388483367	0.28785057	0.117727206	0.384274623	0.21139143
0.60365123	0.096200422	0.400660023	0.44633687	0.88567624	0.086035172	0.285395001	0.454836433	0.132728455	0.154949209	0.35654176	0.415821686
0.190648759	0.99662948	0.501318875	0.516142242	0.742732301	0.17963253	0.469587837	0.287225309	0.088187217	0.172959729	0.557442394	0.590910704
0.487718731	0.203161498	0.251621533	0.632993972	0.057809527	0.229702765	0.698232339	0.300927766	0.403985245	0.104362926	0.297437179	0.749084252
0.427215182	0.982490592	0.363454379	0.300662234	0.721983682	0.155643885	0.18388987	0.229487303	0.256869965	0.253075775	0.634968845	0.62369714
0.859853784	0.768734192	0.857511153	0.145996768	0.724616242	0.21174128	0.292385533	0.117799021	0.169265646	0.214447225	0.243104083	0.974386571
0.743495864	0.579894054	0.933629779	0.59928052	0.020957709	0.142730769	0.760611748	0.118935534	0.13719318	0.109626682	0.166119202	0.216529904
0.335088963	0.494134165	0.866359638	0.236801118	0.069161329	0.096554752	0.858717585	0.528441172	0.345806366	0.128087163	0.482620178	0.71724546
0.613134024	0.184296416	0.615132929	0.166865594	0.359926271	0.199369612	0.306495173	0.315217048	0.245126806	0.123036505	0.299383934	0.535415728
0.8362577	0.802469775	0.598235967	0.685415978	0.737727672	0.218192712	0.089483371	0.093408783	0.231937265	0.100045341	0.516283906	0.386132933
0.515133666	0	0.623735422	0.569398196	0.213302447	0.100236767	0.963637468	0.031610139	0.169869752	0.196655307	0.490979979	0.835129763
0.011098484	0.457213504	0.331458194	0.181930626	0.954991462	0.055462833	0.489944729	0.261824017	0.244490162	0.183285583	0.06786889	0.297769847
0.298028294	0.431138755	0.39837327	0.400976466	0.345221991	0.20192639	0.584315949	0.083391164	0.223817515	0.029528095	0.637319146	0.977012164
0.384407702	0.189835446	0.323888859	0.113945648	0.140225152	0.155405873	0.571271755	0.272006231	0.175446853	0.137745226	0.373514583	0.487952432
0.941099776	0.857350136	0.459476479	0.341960338	0.781575015	0.223300158	0.842464717	0.368413312	0.324619888	0.100479722	0.373304002	0.000667318
0.039421739	0.492581514	0.738275629	0.798176437	0.074109651	0.151465232	0.114081231	0.442507143	0.225321425	0.211265259	0.205398706	0.054334517
0.575518468	0.538891346	0.681156147	0.743734349	0.914812589	0.223566468	0.487216704	0.50450304	0.242856962	0.110324718	0.220657627	0.526935939
0.816420901	0.652269726	0.759863532	0.396035379	0.358424547	0.215486774	0.50675197	0.457599946	0.125533298	0.174291886	0.135754489	0
0.03213226	0.529634872	0.70210961	0.717998222	0.903177214	0.222550619	0.52182167	0.092713627	0.304863159	0.129223082	0.344766535	0.578421254
0.758511574	0.639604779	0.887403868	0.854228628	0.539564535	0.252707826	0.467805843	0.142784443	0.177898016	0.09206837	0.068886195	0.204475581
0.524383063	0.460609034	0.50294068	0.066825737	0.255697929	0.141619821	0.471345558	0.056660219	0.20223436	0.12281331	0.388025357	0.849404963
0.856265425	0.791128057	0.50279369	0.062546545	0.056964314	0.158366474	0.037862223	0.27441647	0.254004163	0.074293306	0.026380926	0.573031435
0.958495406	0.008212347	0.242681356	0.185382766	0.115725176	0.136310336	0.213771504	0.515756932	0.190884319	0.204209197	0.084146585	0.652983733
0.844965211	0.567929663	0.504102604	0.767827546	0.20930197	0.110191882	0.987713074	0.206065968	0.137526577	0.136304743	0.104213778	0.728026966
0.669912664	0.305708781	0.602097902	0.646787999	0.567009413	0.310506176	0.740337414	0.294738094	0.341551231	0.114151537	0.557552502	0.801823834
0.001404313	0.955476595	0.408194424	0.554587277	0.289606705	0.189895537	0.937044747	0.514218258	0.193866336	0.11089955	0.09023614	0.463590773
0.484258777	0.273409317	0.566743329	0.827379691	0.935464293	0.238309047	0.221444497	0.3507787	0.172214588	0.232189956	0.09703799	0.235733251
0.710171215	0.694995941	0.997145807	0.990815604	0.363305771	0.213626358	0.450110413	0.263458538	0.207678992	0.100503063	0.595815702	0.976745159
0.350010739	0.425733597	0.864618787	0.717324398	0.276835272	0.188876845	0.922848908	0.060190892	0.253009719	0.210024016	0.196049672	0.621409885
0.993810945	0.914885644	0.591437925	0.89028989	0.894055913	0.117263657	0.499194111	0.160478383	0.318845518	0.060368714	0.246867437	0.792279306
0.403982614	0.197812476	0.14707403	0.955953862	0.695993945	0.182678225	0.469048532	0.014457265	0.377388949	0.046288026	0.047382165	0.032776076
0.68408632	0.540883772	0.755595475	0.039837853	0.569560205	0.079672985	0.670671175	0.215171688	0.409433982	0.094210623	0.401736545	0.90420594
0.075052596	0.02788366	0.872602483	0.329373694	0.497485005	0.238025831	0.591439014	0.237743649	0.312665849	0.194505758	0.312096449	0.594967739
0.581792543	0.560818416	0.291197881	0.526414959	0.928591198	0.047299017	0.095933407	0.446053462	0.225075032	0.11864	0.47735435	0.519536426
0.367912885	0.865566152	0.907351003	0.801876596	0.618917379	0.229155096	0.423792899	0.404776081	0.154456721	0.072734005	0.069346374	0.684784657
0.000565331	0.913086025	0.247442007	0.956738546	0.120187312	0.21599797	0.838534923	0.400362918	0.260716097	0.114698624	0.338610455	0.923065228
0.635951643	0.611149277	0.845751713	0.624440891	0.168039623	0.056767296	0.836077899	0.061103848	0.265788387	0.162296246	0	0.475605632
0.790165354	0.657822132	0.667690958	0.810789688	0.725174958	0.211192923	0.613784156	0.230425449	0.210278068	0.06405135	0.016913264	0.1332993
0.317775252	0.663026367	0.848953908	0.439224075	0.275658183	0.19054293	0.947698352	0.207527936	0.224715106	0.077208421	0.2248133	0.565199828
0.013281101	0.768511629	0.194418178	0.21534349	0.306343614	0.2464651	0.134827891	0.14385209	0.256276182	0.216936431	0.380879117	0.22105128