0.082464227	0.790835432	0.889191984	0.468929073	0.896374829	0.883070174	0.294208891	0.532738202	0.900427932	0.418596552
0.667741088	0.520282909	0.651565073	0.141471238	0.904601823	0.589250573	0.634680429	0.598805598	0.849266053	0.126552608
0.587100288	0.601899964	0.253811146	0.510202973	0.888446551	0.03278149	0.774461452	0.599614343	0.578807167	0.87334009
0.437734522	0.476283377	0.580237843	0.144825035	0.68663959	1	0.695228299	0.607005857	0.272224024	0.977014487
0.890683815	0.805078062	0.491620361	0.161495444	0.856263127	0.504778587	0.87691862	0.643491752	0.898780015	0.463913108
0.62592169	0.70459161	0.134817113	0.123559532	0.786412313	0.219991899	0.350386498	0.610313959	0.104481733	0.796674242
0.704609372	0.983619821	0.029335343	0.447760885	0.885553665	0.798311398	0.065904215	0.534567199	0.073083482	0.347469998
0.527758576	0.716260371	0.555288668	0.182323551	0.821898168	0.88194659	0.799480591	0.614044968	0.731196736	0
0.955506377	0.822610714	0.997979479	0.368978941	1	0.737170351	0.061764341	0.516627434	0.101865747	0.447496729
0.474682341	0.797816462	0.148612898	0.233606674	0.80121066	0.658206749	0.564924601	0.518840743	0.509914805	0.222109566
0.330212804	0.788790914	0.685418584	0.194232563	0.738854848	0.041133902	0.198659721	0.635849113	0.498756691	0.541808912
0.590991077	0.840582258	0.187003777	0.543977037	0.870790394	0.885297993	0.784156043	0.586129848	1	0.606704647
0.173621335	0.495343396	0.911554141	0.550836509	0.681491577	0.809142774	0.421366085	0.586801133	0.219903508	0.35113762
0.985764969	0.54351343	0.352083981	0.527300355	0.869362058	0.767958067	0.428631192	0.687356103	0.452875931	0.096813233
0.352812265	0.66905802	0.031132275	0.487787457	0.852612548	0.983311561	0.291805031	0.734833834	0.76738135	0.060745045
0.455643173	0.98610725	0.210123711	0.384503605	0.809311323	0.843284438	0.476924465	0.613019041	0.858955303	0.511255696
0.600253786	0.892692527	0.178169094	0.340374433	0.864960397	0.381298235	0.645298223	0.73740552	0.180025017	0.061380736
0.153154056	0.705446473	0.419610207	0.533315615	0.775253708	0.975835211	0.250729293	0.678579611	0.311238574	0.910270561
0.850143464	0.631129666	0.340141841	0.171263198	0.916331305	0.56045899	0.089625103	0.83918205	0.746724114	0.499163772
0.239313019	0.525825122	0.904911392	0.447681935	0.839470628	0.168063007	0.981971807	0.656406331	0.83355565	0.729720472
0.320311319	0.53297103	0.49697862	0.55679502	0.913015916	0.939016347	0.261384972	0.573841502	0.825000981	0.117278398
0.839661981	0.706299847	0.432806257	0.000658792	0.862004577	0.881285332	0.229533298	0.566227137	0.681844404	0.854673265
0.536948278	0.895414616	0	0.186388438	0.918430122	0.35813158	0.983590612	0.569739074	0.485456279	0.372405023
0.03069767	0.634165382	0.847702132	0.352195602	0.81881395	0.476420546	0.09918819	0.585473315	0.968357623	0.468822865
0.895693256	0.604347123	0.865684845	0.393937492	0.708946273	0.603496875	0.929516571	0.656564519	0.218963497	0.54195969
0.039283669	0.728785941	0.506584691	0.14002093	0.756753706	0.402368061	0.164929517	0.56299255	0.48765086	0.137397877
0.141090162	0.787845504	0.830755469	0.826029805	0.737732643	0.08134682	0.058004338	0.808774936	0.299820917	0.202973859
0.946686678	0.942092859	0.247294554	0.90741059	0.145960189	0.108722139	0.812275567	0.871755257	0.984170115	0.76234672
0.919263077	0.655185759	0.759846616	0.870403432	0.725003082	0.897893035	0.053441188	0.957127406	0.24250392	0.740746464
0.795661105	0.711995156	0.547259962	0.954151611	0.236574826	0.82504774	0.512197837	0.887382364	0.898732611	0.47382759
0.291673904	0.872157528	0.216364884	0.782717531	0.175951417	0.287310959	0.219196033	0.888962542	0.469804288	0.149957744
0.389979607	0.955291395	1	0.881603957	0.26535021	0.237490289	0.556982229	0.893576395	0.542224913	0.286214884
0.779853508	0.76084312	0.195590947	0.82449614	0.749451483	0.694318029	0.326330294	0.906716401	0.950989797	0.742460604
0.244970926	0.458411965	0.429542705	0.895134212	0.454350711	0.849625078	0.109698548	0.943491505	0.354272965	0.353675853
0.855761037	0.939361873	0.96215402	0.848413153	0.096676092	0.380947959	0.752497712	1	0.6570047	0.69167496
0.13544807	0.56192541	0.036064431	0.828352584	0.602966608	0.390434992	0.595126904	0.944610446	0.924941018	0.713722619
0.482309462	0.572859624	0.315422242	0.987670021	0.161703328	0.287276831	0.038969583	0.899323711	0.542048218	0.17141523
0.120751232	0.680667378	0.083305452	0.86052672	0.58834595	0.466645896	0.724655506	0.974629622	0.926414798	0.973108514
0.389604902	0.65435222	0.320849512	0.840002999	0.55773188	0.767763511	0.713238174	0.919638546	0.430957084	0.794795714
0.588022974	0.834816378	0.79768848	0.876288299	0.030623613	0.820897452	0.827110027	0.857659722	0.557907794	0.62753529
0.135270029	0.840532126	0.467123529	0.867367754	0.212016074	0.177769717	0.69363708	0.951783024	0.468652261	0.522878145
0.780564065	0.575338037	0.107935565	0.924067936	0.561533716	0.285205533	0.035089432	0.951093529	0.98980378	0.212318474
0.096192364	0.944660509	0.058412218	0.892056068	0.51029404	0	0.356882162	0.897853908	0.636380168	0.008450972
0.449324853	0.898923145	0.415615049	1	0.720467141	0.482043938	0.411035726	0.786613881	0.012654648	0.457444522
0.023624564	0.651572336	0.642455139	0.852014274	0	0.106366889	0.862282994	0.794061956	0.597340111	0.521538407
0.712348085	0.589124788	0.510159577	0.931296883	0.694625311	0.676822643	0.414400222	0.992272636	0.018227955	0.846108756
0.317601107	0.998727438	0.421265568	0.779078538	0.416121804	0.941748322	0.570815907	0.940230696	0.608620159	0.132930889
0.168379331	0.686828793	0.520631365	0.855960257	0.436822086	0.671790873	0.090234597	0.988450113	0.424085343	0.665927529
0.016301773	0.984141255	0.794280194	0.921174648	0.554649661	0.626890697	0.578596627	0.878977655	0.015779537	1
0.329514741	1	0.250769824	0.845243001	0.461471281	0.683959721	0.042882525	0.854264111	0.50448334	0.786550723
0.005038567	0.697859349	0.024371048	0.93252523	0.184707271	0.65671749	0.291112582	0.887566228	0.745084775	0.890557317
0.653672157	0.952633164	0.563586107	0.866182065	0.024786332	0.492243616	0.216852159	0.95663858	0.123466746	0.18307119
0.181605667	0.743137952	0.706681052	0.820617193	0.133389445	0.128774854	0.695460922	0.898076759	0.522614213	0.169557952
0.260313753	0.008622368	0.200485396	0.0846095	0.611766669	0.205159775	0.887384763	0.018816253	0.190485331	0.004732872
0.41295948	0.045462873	0.198561373	0.346173294	0.432510493	0.818672467	0.060620121	0	0.729458604	0.116224552
0.082698363	0.073647682	0.168172991	0.0521063	0.80007613	0.802536734	0	0.337834152	0.569815583	0.267715271
0	0.086830772	0.266374698	0.317489193	0.456419521	0.809848691	0.100988973	0.300861137	0.083978337	0.981216649
1	0.127197302	0.440073846	0.012315306	0.159336702	0.550028833	0.719313079	0.549212146	0.978471101	0.066751855
0.502949117	0.105569793	0.234540698	0.554187121	0.18284241	0.739881442	0.79980785	0.054152511	0.224992289	0.345451201
0.122845426	0.156167631	0.290068227	0.28943621	0.79999178	0.897437089	0.76026284	0.116038501	0.461619274	0.641497066
0.335846809	0.113546688	0.164050773	0.172868105	0.520665829	0.659774676	0.034621107	0.402360462	0.642940387	0.85963794
0.692162294	0.032739866	0.138055046	0.485716929	0.706904851	0.675714646	0.655299619	0.517094882	0.59577098	0.127449518
0.215837723	0.033384833	0.236138034	0.406599363	0.594809677	0.95294225	0.35977572	0.357034328	0.54013456	0.141039202
0.100612449	0.026321166	0.377177992	0.216672724	0.299728658	0.858288555	0.389226059	0.310713219	0.57397351	0.855372251
0.499792756	0.127139577	0.343712536	0.341686658	0.327445177	0.587168454	0.207790433	0.340149629	0.240014666	0.503428946
0.435743532	0.094452326	0.561194628	0.064055619	0.547144243	0.897671213	0.132655416	0.538994421	0.421619043	0.313761509
0.447072422	0	0.318972086	0.546703936	0.083374961	0.991170364	0.9336408	0.02164873	0.285952751	0.994546408
0.348502892	0.054403012	0.271423014	0.545090788	0.161102606	0.084077632	0.737511322	0.290965025	0.619341891	0.656763078
0.684757882	0.093895844	0.380530708	0	0.482163259	0.360142074	0.327797653	0.458046552	0.137349469	0.381719973
0.25129548	0.091977774	0.31527482	0.42625521	0.106716428	0.194441516	0.226689503	0.589596079	0	0.943413111
0.523830249	0.109940981	0.434208132	0.227968237	0.462799414	0.590113546	1	0.130119974	0.088576936	0.977903819
0.260252397	0.098112535	0.361383684	0.036301536	0.125156042	0.53415002	0.222566834	0.397285056	0.48777593	0.766572851
0.161355138	0.147123652	0.349010729	0.210859597	0.351457882	0.060780565	0.305595613	0.185725245	0.615316029	0.562184346
0.168170767	0.161449685	0.443487673	0.242946402	0.768209294	0.982786092	0.815017758	0.06756021	0.021071704	0.967377398
0.85316273	0.152402384	0.473104148	0.241271315	0.19101538	0.533403492	0.942329292	0.393272488	0.080080767	0.87592701
0.772947253	0.113976698	0.365927137	0.386921897	0.689547183	0.303403583	0.226348795	0.098642322	0.319788099	0.240399504
0.069982532	0.064112268	0.444014232	0.309310766	0.166232057	0.561096725	0.179473201	0.523080895	0.940596357	0.869993349
0.710752306	0.050825326	0.19531839	0.41039696	0.49667622	0.459460414	0.298516434	0.537377243	0.386468976	0.019972028
0.795691735	0.072825445	0.354484108	0.500132889	0.568705948	0.669780567	0.17228126	0.165225235	0.4088756	0.246648982
0.829956548	0.067138973	0.350366192	0.273486263	0.596803071	0.438757964	0.565694189	0.184336572	0.160670661	0.218408073