0.287072945	0.401141271	0.214311203	0.20938486	0.108318085	0.699522306	0.473675891	0.547713695	0.045691561	0.663225205
0.740964809	0.216979774	0.156389284	0.207893595	0.953440025	0.160940407	0.175787824	0.483421466	0.097333936	0.30328203
0.304991344	0.035770338	0.164652836	0.250940568	0.871303034	0.69545744	0.236634555	0.375412707	0.536804965	0.859786847
0.002161413	0.436015717	0.160616324	0.257295982	0.583188055	0.829268218	0.026520964	0.481093641	0.95318761	0.973482705
0.863425331	0.353855267	0.183350395	0.216022829	0.252714148	0.30288838	0.17375483	0.481987669	0.372303933	0.075379207
0.315147014	0.286355652	0.159206453	0.380474887	0.485212697	0.955659847	0.149393292	0.503302818	0.275490162	0.651937446
0.959761412	0.435101402	0.127892123	0.209700106	0.270411702	0.049634591	0.012574643	0.454458818	0.344404713	0.167897314
0.313349606	0.590403952	0.229369713	0.148408919	0.538308884	0.20265974	0.230316079	0.542306379	0.151401203	0.853547465
0.469120217	0.425977229	0.109901775	0.447237135	0.80874451	0.433840504	0.426344806	0.232612714	0.917440204	0.437056934
0.118411338	0.347687878	0.325747466	0.251974911	0.927753238	0.591809572	0.37004133	0.141147118	0.278659578	0.270633421
0.474898457	0.447983389	0.274993628	0.293052341	0.055883099	0.023914119	0	0.361647302	0.120756226	0.258574062
0.374954367	0.058189251	0.271067286	0.151902	0.431869704	0.075155686	0.336161137	0.342652472	0.878564934	0.877336608
0.777273225	0.346045305	0.233868856	0.20216988	0.184472357	0.834733397	0.324365005	0.38760938	0.063837757	0.091671342
0.486388109	0.478284082	0.281469489	0.222429921	0.890021633	0.129132685	0.063086444	0.465313599	0.299122547	0.089916159
0.797085799	0.297089903	0.270302466	0.146363325	0.928673764	0.609121081	0.108260129	0.445848171	0.585165436	0.271183391
0.695701027	0.177481775	0.225662285	0.183944417	0.687532339	0.083165461	0.118719942	0.347817584	0.015033159	0.217219762
0.044758076	0.221591151	0.231215722	0.296424358	0.564542379	0.345322729	0.34711777	0.336256646	0.68765224	0.732838411
0.382151408	0.308347018	0.159134827	0.265868674	0.277111651	0.878871549	0.572455097	0.538268261	0.453141493	0.837567035
0.439121778	0.324694285	0.333193973	0.117090814	0.194115318	0.941873301	0.62185851	0.499757655	0.011721897	0.109498045
0.853465602	0.391995058	0.18597843	0.173995225	0.334233703	0.055678562	0.577154485	0.383615556	0.009753024	0.34328836
0.267789545	0.176528716	0.379023791	0.221024381	0.320636433	0.161419779	0.373148784	0.446914111	0.423264844	0.280331019
0.37637624	0.441295452	0.203873359	0.15824655	0.804359821	0.74843109	0.507423636	0.39154972	0.777687085	0.709098991
0.680114298	0.220852329	0.274458037	0.43119273	1	0.73223986	0.09828346	0.360273538	0.714347482	0.78470412
0.729937003	0.64412459	0.151422352	0.144533202	0.37216026	0.006581884	0.20031328	0.30867047	0.997485356	0.268518015
0.018628801	0.042311054	0.134763394	0.138149768	0.3569835	0.882822228	0.488929026	0.325909259	0.296049739	0.955380344
0.866832048	0.05743972	0.247762701	0.253448961	0.782162573	0.653981874	0.380409818	0.289144042	0.039445144	0.019248482
0.931026538	0.530250573	0.170317815	0.096747982	0.040143976	0.262133995	0.503745376	0.318692365	0.485317879	0.960908571
0.365256659	0.233512857	0.365791718	0.081392565	0.416125503	0.702948667	0.53578085	0.337690195	0.374185777	0.213263722
0.528108526	0.043383998	0.210854579	0.164374018	0.936569676	0.448613338	0.312704286	0.626288128	0.455768457	0.054185641
0.906730728	0.485502289	0.247239631	0.312010743	0.290197216	0.596319296	0.630430788	0.532229929	0.489056129	0.186953594
0.052082706	0.174274787	0.248744401	0.139162685	0.375549895	0.596745634	0.289703956	0.351096774	0.751611972	0.333817467
0.849039372	0.239818705	0.323767328	0.120451652	0.273151848	0.644532689	0.592445812	0.385117784	0.599138426	0.382466727
0.605227674	0.201970839	0.277049272	0.272990773	0.82442088	0.064712324	0.619520079	0.494285298	0.837071032	0.024845597
0.496312219	0.547328751	0.296254794	0.32493089	0.214196781	0.995046343	0.318946908	0.38347421	0.164598454	0.671474085
0.833086053	0.454902047	0.116270188	0.187342174	0.73566031	0.039713915	0.431763858	0.310962463	0.806030472	0.140081929
0.253681117	0.579450293	0.20290244	0.105229345	0.360944304	0.708247092	0.585520793	0.53128956	0.218733386	0.885082529
0.579714007	0.397937314	0.172499108	0.37908968	0.582972599	0.731187919	0.141127383	0.345899344	0.506247174	0.452891344
0.268324051	0.245951689	0.188444981	0.236786335	0.42270253	0.884759997	0.591402619	0.122268043	0.545082216	0.2992563
0.04545311	0.209315194	0.195263915	0.196526932	0.047525957	0.999268355	0.620281217	0.311137323	0.31539652	0.067662631
0.711084567	0.33440283	0.323450055	0.352886788	0.483374446	0.02275862	0.253870764	0.328756978	0.949060492	0.044430826
0.854361591	0.464215408	0.265680197	0.331886355	0.728029718	0.971551401	0.551387982	0.226539717	0.061635957	0.820547921
0.888480479	0.312796298	0.154786902	0.199685925	0.129617576	0.846434243	0.054435551	0.377784989	0.061140598	0.322841587
0.948787357	0.323424647	0.132521937	0.367658514	0.381702011	0.361769629	0.217884965	0.390117743	0.888054479	0.725693976
0.43433386	0.295831342	0.159114423	0.198579854	0.564512823	0.874293449	0.569541136	0.253205751	0.865861202	0.017196964
0.842514339	0.302046667	0.24132664	0.096624224	0.100378891	0.924062253	0.279206509	0.386799882	0.294062455	0.678283041
0.045237775	0.384836618	0.281581909	0.315936736	0.011986361	0.634692269	0.388258292	0.265327431	0.388459705	0.009435554
0.756253096	0.424693746	0.153858402	0.115441116	0.349170931	0.099244455	0.111399614	0.245336739	0.697759832	0.28279772
0.82119637	0.178232842	0.286658624	0.073261091	0.306825038	0.374940254	0.184351961	0.149381644	0.76691415	0.275472633
0.153366535	0.344093928	0.328626284	0.133064133	0.169527414	0.920383824	0.103542081	0.251992445	0.661797636	0.923257488
0.001669567	0.335633375	0.364297168	0.122016005	0.999394984	0.803286174	0.635643935	0.379918582	0.233629418	0.717561031
0.267043265	0.134610722	0.19429822	0.151149065	0.391455443	0.455973655	0.322301457	0.515672384	0.751517178	0.230555063
0.058679202	0.579115311	0.251329755	0.188013395	0.968524607	0.260964185	0.164939794	0.109400894	0.287860662	0.762721175
0.627309023	0.38360231	0.183147257	0.158548778	0.427932236	0.504372134	0.300530319	0.213288491	0.707955018	0.24656981
0	0.266495637	0.319597563	0.232465623	0.731799883	0.137309857	0.509708089	0.091905782	0.919990847	0.118038806
0.187940451	0.537084168	0.128224414	0	0.981412534	0.016373373	0.272652928	0.5054937	0.071458127	0.119527764
0.57749773	0.509544385	0.391155122	0.133281089	0.170582319	0.138669722	0.536326382	0.694576907	0.384973626	0.423365614
0.768096453	0.354708878	0.195757598	0.083995278	0.610288642	0.359478322	0.498547997	0.447212114	0.186310548	0.066137337
0.803913218	0.29825508	0.393534059	0.005597272	0.916573529	0.615101317	0.106505067	0.330413423	0.540781923	0.48049044
0.070762615	0.372725626	0.287662878	0.302220345	0.074023942	0.667758341	0.244406883	0.27024189	0.024913551	0.671213788
0.477306485	0.161336475	0.176334142	0.214867421	0.950900712	0.129490602	0.304709418	0.247590334	0.440443919	0.291637022
0.219590538	0.545019612	0.287154327	0.129694438	0.182916758	0.98583382	0.446364762	0.192581556	0.591528213	0.45142671
0.566876183	0.434706207	0.135829248	0.227183544	0.374621399	0.76787926	0.61386739	0.038617963	0.626137132	0.671673417
0.660483029	0.487606918	0.268333306	0.24530915	0.909128294	0.679116848	0.576108414	0.264481616	0.347518617	0.203163301
0.835842663	0.381203852	0.240791247	0.030991765	0.509162023	0.940907385	0.214470897	0.537723	0.054372144	0.537058328
0.86407203	0.591847053	0.287911711	0.181907851	0.057089142	0.899315877	0.499552108	0.435521555	0.523352305	0.510203481
0.173281982	0.17107531	0.263473533	0.335663322	0.80985733	0.489952378	0.617970268	0.335400544	0.591545739	0.693443455
0.684393211	0.075728498	0.248934406	0.252615784	0.485468647	0.151901554	0.410882064	0.379258797	0.65224701	0.371393374
0.460636415	0.250320575	0.270315542	0.219384027	0.091582029	0.943214602	0.09366282	0.349996529	0.268082764	0.488246771
0.831917876	0.331704718	0.380656301	0.139466357	0.774033775	0.113965598	0.26624056	0.300293641	0.284566871	0.762067013
0.898910972	0.528115063	0.316689527	0.264966451	0.535207661	0.413651778	0.097785575	0.415702722	0.503604752	0.686906382
0.424610265	0.628661656	0.200065889	0.340048028	0.876323379	0.730902593	0.423493794	0.430796434	0.029581802	0.41004335
0.4918823	0.70471245	0.265738013	0.216536725	0.749218144	0.119060216	0.180305515	0.193605995	0.302810927	0.908801857
0.888101506	0.330951692	0.469503112	0.17868368	0.630919033	0.740451231	0.385431308	0.323480397	0.008161533	0.483474136
0.966599095	0.429600802	0.25354579	0.16213909	0.295320373	0.974455651	0.225585706	0.441984765	0.128050033	0.568959003
0.523216487	0.492551202	0.366202974	0.149627669	0.258109545	0.809748903	0.204787067	0.165408455	0.790680626	0.512668848
0.473001332	0	0.24242217	0.18500408	0.350071042	0.996084098	0.010150746	0.323239163	0.314277766	0.691452531
0.826469211	0.26524656	0.244201971	0.194923627	0.749024518	0.751068007	0.336619105	0.395938291	0.897995685	0.101821104
0.893855243	0.457528342	0.282980417	0.299603024	0.929304829	0.495930451	0.237035631	0.445605042	0.65487321	0.906546161
0.57311453	0.58798552	0.265329512	0.276257926	0.995608382	0.838300003	0.461151816	0.434635094	0.457272767	0.813878639
0.44272647	0.311711231	0.378955638	0.142343385	0.179093763	0.893048991	0.468346577	0.467821544	0.000957968	0.792006014
0.579491846	0.164731882	0.377720848	0.224520691	0.115599491	0.311387501	0.190695443	0.446662445	0.151552958	0.926346914
0.001632888	0.291757537	0.346339129	0.233197142	0.312852327	0.35810515	0.316008743	0.573835832	0.926110179	0.297031179
0.56522981	0.385745052	0.144607613	0.069877744	0.787502817	0.303648495	0.136455257	0.192322687	0.967756302	0.210115838
0.242469209	0.377029093	0.158310858	0.244428122	0.476354802	0.958038072	0.634651809	0.278906768	0.163567217	0.881064631
0.362115044	0.398254453	0.265201627	0.359226372	0.416187198	0.94000042	0.594116006	0.150126426	0.946353333	0.199269528
0.869583507	0.535532115	0.411326151	0.229694418	0.829858292	0.728240883	0.561495613	0.328688522	0.576791747	0.778647664
0.005235748	0.278130918	0.220751008	0.318978646	0.940758955	0.250017024	0.125577855	0.475323813	0.400682278	0.521385091
0.143363485	0.122239504	0.354423169	0.300650242	0.902669962	0.991045489	0.100808864	0.42633921	0.851407973	0.042941819
0.453301621	0.321045524	0.270176559	0.370524717	0.437904152	0.62794407	0.521763367	0.44365447	0.522738255	0.461623559
0.249224478	0.300403095	0.173476469	0.309031678	0.411515033	0.43596952	0.06834005	0.395590128	0.050731041	0.329992314
0.704552205	0.186485196	0.197671937	0.111744309	0.530829646	0.167335837	0.52780589	0.368953803	0.098276879	0.588835147
0.148448334	0.243475733	0.219017297	0.054410445	0.900723815	0.350474707	0.2677873	0.353368739	0.7360185	0.109183284
0.705513758	0.490947992	0.120896	0.332252333	0.524860354	0.598416498	0.158372346	0.442593692	0.330679774	0.486566177
0.953647638	0.386493267	0.156852858	0.311658375	0.841728128	0.897006574	0.569155353	0.274401223	0.534937332	0.463503371
0.493301024	0.47879834	0.133605704	0.175652879	0.046416743	0.407749306	0.158456145	0.332070315	0.414264161	0.447631968
0.772048586	0.377001003	0.387415162	0.069956888	0.406132993	0.07728142	0.377420026	0.282652914	0.433034977	0.038211457
0.847274614	0.294270898	0.282134731	0.117728912	0.059508788	0.783945925	0.073946036	0.40910171	0.706734846	0.495285723
0.263876925	0.265251106	0.280910883	0.115851385	0.469895395	0.238730605	0.077295289	0.588958924	0.910929463	0.744119924
0.612675859	0.268037578	0.191168944	0.30825574	0.238989948	0.945066569	0.419291957	0.26799365	0.953484154	0.202344522
1	0.237887373	0.234414136	0.166803436	0.724732342	0.507996268	0.128480646	0.407718366	0.037272361	0.630579474
0.565079693	0.473265132	0.337406833	0.15093951	0.145741616	0.997577279	0.624390806	0.467701301	0.190644824	0.934298526
0.230857289	0.224482609	0.085649308	0.24708526	0.902348558	0.385226324	0.246795255	0.416565788	0.912484206	0.491153618
0.32294737	0.22552955	0.177982575	0.186034088	0.036161091	0.585281942	0.075167446	0.272420145	0.624854169	0.451544939
0.670321279	0.492635277	0.039500235	0.089486261	0.466112099	0.433954015	0.018625725	0.533343321	0.074537054	0.577749198
0.754650776	0.279268788	0.297548162	0.151861917	0.392508263	0.688709851	0.201755322	0.397157503	0.818296144	0.530477398
0.426237685	0.480855717	0.224877544	0.201103809	0.560490916	0.349868453	0.007678048	0.183431779	0.546186076	0.085375586
0.083421307	0.355564086	0.272342457	0.298169387	0.907076068	0.318077249	0.173982654	0.44038919	0.440616901	0.307193744
0.846290759	0.222817229	0.303134812	0.354451519	0.279895389	0.044436547	0.071861716	0.535896461	0.251442539	0.291819266
0.588772227	0.418174447	0.22988025	0.276808091	0.706384868	0.780950424	0.488018699	0.422833975	0.000987464	0.40113291
0.686770638	0.397686509	0.24165139	0.08878841	0.659618612	0.071461938	0.106271514	0.335896777	0.101767804	0.246744578
0.265034497	0.285485452	0.269533994	0.136089479	0.30048141	0.723528935	0.251647848	0.399523831	0.459158622	0.954122884
0.251376468	0.378803414	0.285425726	0.272827975	0.238005459	0.020640314	0.239830299	0.455486494	0.051921519	0.357935838
0.212799369	0.384710731	0.092462179	0.082543069	0.153573208	0.092240852	0.51259068	0.235649873	0.474433843	0.45125446
0.2435894	0.515907948	0.203688453	0.203780849	0.639556054	0.009755092	0.550389781	0.328643999	0.843373817	0.665498436
0.013566265	0.468308742	0.245842855	0.226197582	0.67733373	0.454991264	0.367167625	0.252089917	0.619822397	0.040178653
0.251315973	0.231356155	0.385638609	0.190476414	0.660648139	0.302569683	0.128807916	0.435195385	0.051528597	0.690799424
0.143671158	0.356250619	0.08766753	0.300459943	0.319752406	0.818783551	0.337606372	0.648033627	0.048784637	0
0.893611942	0.444699416	0.359593262	0.213556619	0.341716813	0.269863029	0.355566673	0.348848029	0.590385651	0.46768285
0.412358668	0.418385148	0.294884922	0.236835832	0.458985718	0.114967875	0.275069107	0.401800214	0.266356023	0.947655759
0.052582577	0.187851092	0.20589585	0.166393546	0.577697157	0.342838026	0.224675136	0.213977716	0.629599306	0.595347676
0.879164588	0.073064855	0.177036561	0.32228397	0.828269255	0.521573215	0.584518461	0.357455376	0.645789711	0.719777949
0.418445417	0.304491392	0.013888549	0.135268603	0.018210171	0.760173916	0.063255435	0.387921823	0.670954911	0.978812385
0.572453232	0.18677145	0.212021147	0.220535214	0.369538716	0.505464869	0.121620518	0.454348568	0.170401436	0.858128762
0.705153643	0.357656263	0.128930562	0.096107345	0.761914014	0.410156885	0.370168194	0.100901413	0.761019614	0.802649734
0.879989038	0.374554151	0.138066702	0.320745079	0.338719701	0.714055328	0.620152293	0.442266986	0.879768551	0.51298938
0.629106731	0.16960051	0.134318416	0.163971762	0.609354155	0.071224926	0.05877305	0.262619154	0.693901152	0.393194389
0.170044463	0.491840019	0.260115989	0.301491213	0.912036808	0.893861156	0.091076356	0.61845916	0.266543375	0.017848796
0.771228386	0.264106905	0.332903383	0.306725249	0.206661253	0.058763579	0.156724487	0.416902877	0.118519421	0.519444927
0.120414031	0.120175917	0.273955495	0.304687349	0.250706299	0.025228751	0.14450012	0.237204988	0.008885581	0.572889652
0.455377678	0.444758673	0.263698616	0.078316382	0.436540522	0.559959927	0.5739022	0.24848938	0.007130095	0.282411894
0.699762806	0.497515344	0.20259788	0.387725802	0.730389291	0.797577181	0.188599693	0.517450503	0.744515733	0.175198252
0.43639559	0.221985883	0.31670902	0.016267711	0.823931384	0.600758954	0.466864203	0.189035445	0.538012825	0.140026956
0.421406674	0.266518115	0.261403841	0.181491229	0.819271325	0.729657443	0.181217095	0.613003273	0.636780601	0.551576258
0.946721225	0.221058698	0.200482194	0.199650593	0.31084868	0.34619155	0.573276627	0.47148831	0.169218531	0.038429348
0.906821551	0.432854594	0.211474809	0.126254172	0.274762643	0.85465093	0.533608986	0.38917973	0.549198296	0.567510537
0.113003148	0.386160749	0.270847799	0.251284799	0.549622771	0.080579327	0.139154659	0.491364067	0.930592352	0.707936199
0.094163222	0.344945913	0.270444165	0.283235383	0.248974004	0.594611393	0.071224929	0.326309954	0.283288998	0.216036312
0.871758998	0.312203179	0.295035062	0.023797384	0.426080565	0.449908411	0.26542957	0.399035652	0.463162878	0.411258088
0.766698889	0.358024332	0.293044403	0.21616907	0.561563239	0.723284295	0.425759797	0.384847271	0.760246914	0.624015114
0.101683593	0.235263303	0.211776931	0.193711208	0.111350214	0.111536685	0.346994659	0.214183884	0.031024173	0.740687751
0.501481369	0.049421506	0.295203849	0.31891429	0.372517604	0.753539777	0.347781724	0.457325272	0.946463487	0.183333342
0.310846649	0.098010317	0.180313367	0.178579465	0.764604448	0.178880219	0.042838122	0.266099697	0.643572417	0.856089958
0.283399886	0.133036662	0.092133498	0.32504836	0.169352182	0.343380302	0.57309431	0.368165554	0.118579423	0.305624868
0.742335407	0.117536356	0.161934526	0.029442835	0.793272991	0.228771335	0.175644889	0.194068679	0.091842167	0.239807167
0.736247981	0.524933417	0.226030115	0.187015674	0.310862319	0.470073934	0.220160352	0.177617165	0.274007451	0.667268699
0.102231178	0.085886674	0.381626141	0.277037041	0.04752909	0.364870643	0.538575511	0.186970697	0.770812417	0.204261545
0.791213046	0.16412033	0.310013603	0.234506	0.065407638	0.573878252	0.352856106	0.361977946	0.706968745	0.059665804
0.766254893	0.229438267	0.214280372	0.150063902	0.912627478	0.74009216	0.136524129	0.24660288	0.204821022	0.168481241
0.387115084	0.461728186	0.211823692	0.105749884	0.153437167	0.283363876	0.339353327	0.378064068	0.410089582	0.722880098
0.713774626	0.406925899	0.286637859	0.250941955	0.247628668	0.030525822	0.064194589	0.487027563	0.689392724	0.166425222
0.871576048	0.292085658	0.288865517	0.201453524	0.02387649	0.51468298	0.510496606	0.345462471	0.907533924	0.269306895
0.737108162	0.353902872	0.15807875	0.228007923	0.593807153	0.859895773	0.401608499	0.268533277	0.361388294	0.559876033
0.732377385	0.376847815	0.211510535	0.35492485	0.485944302	0.786824524	0.219442628	0.372949708	0.554185129	0.922263678
0.435607644	0.513762662	0.356748014	0.290263595	0.3577366	0.082805807	0.583317972	0.210148584	0.686781999	0.09877238
0.464511722	0.253245436	0.125680604	0.177496134	0.626493944	0.654816363	0.147560496	0.536714279	0.986066859	0.612765438
0.702534947	0.677851011	0.137910527	0.109265618	0.613275576	0.895905125	0.089718427	0.232185355	0.863522326	0.51586085
0.893955949	0.343606348	0.022246054	0.207222998	0.692937017	0.816078398	0.354827862	0.367489257	0.016189438	0.923323934
0.187442012	0.430931152	0.224884979	0.235191954	0.28627772	0.457357015	0.369963993	0.389047019	0.386133455	0.215552816
0.127128324	0.203799312	0.070236445	0.17783283	0.79327103	0.300792195	0.386558608	0.26511069	0.499569456	0.341901909
0.584736976	0.43735975	0.157514589	0.201064164	0.8040102	0.886765248	0.174960551	0.304961139	0.319164799	0.522024616
0.478301684	0.554106984	0.418512463	0.181565946	0.149299803	1	0.025949711	0.423609969	0.842102062	0.84918917
0.855405548	0.274094009	0.031018813	0.10770759	0.704552084	0.062213074	0.371374798	0.300650773	0.039434235	0.371548874
0.97302547	0.514852159	0.186062949	0.277112543	0.539360967	0.646362867	0.445617368	0.42690142	0.252176452	0.54393057
0.916329732	0.37524192	0.236013532	0.266871824	0.626754887	0.37718472	0.234283469	0.37065217	0.487344263	0.289383853
0.138981575	0.484827197	0.231210517	0.293301764	0.556781045	0.827511605	0.495181483	0.438978687	0.244199686	0.025169441
0.685645334	0.427677727	0.264156728	0.080050297	0.264678137	0.596026623	0.561924118	0.370679832	0.408796043	0.428115608
0.220796434	0.3819779	0.208546589	0.331058786	0.219160379	0.406360954	0.299861492	0.41959719	0.989686963	0.955522205
0.413372685	0.346515949	0.335277826	0.166683547	0.840114142	0.375817216	0.61367938	0.353552098	0.036752122	0.332572774
0.925237763	0.46903258	0.133644037	0.151648087	0.403747714	0.50429464	0.211273461	0.518723653	0.437454289	0.567314402
0.89109178	0.286777857	0.152164465	0.135506762	0.981001569	0.118427016	0.273111609	0.293007286	0.041017222	0.995062717
0.643529396	0.649075221	0.267280376	0.223844765	0.67140074	0.453122792	0.572529893	0.449972727	0.31113207	0.538162525
0.884686728	0.27697922	0.108747212	0.29181842	0.917375934	0.125228017	0.000958778	0.485223957	0.02407548	0.414400847
0.355540026	0.374945834	0.388418608	0.305497455	0.990817515	0.021901765	0.464649883	0.427233686	0.238574868	0.423872656
0.157614069	0.279974912	0.145675219	0.238774717	0.039425147	0.635091069	0.293140388	0.245910252	0.784911775	0.634409675
0.601083	0.328022544	0.272107355	0.264291795	0.349152641	0.541977209	0.052828793	0.130352146	0.113896668	0.371906575
0.215288358	0.077464309	0.270761837	0.092693202	0.062419457	0.556547202	0.123157641	0.493475202	0.443116446	0.770562627
0.169059406	0.125610414	0.159737216	0.182341135	0.129584357	0.338256525	0.52984047	0.405333602	0.694751487	0.396567965
0.222551445	0.31772355	0.170120854	0.248814516	0.754206298	0.375271533	0.533801215	0.276152541	0.969853837	0.580392691
0.008542915	0.279407446	0.333168315	0.164608733	0.396065166	0.384361251	0.1442448	0.309595657	0.024248117	0.941959049
0.625457469	0.414225842	0.137245264	0.16197875	0.479969178	0.462303184	0.380014718	0.065483464	0.042151131	0.500660926
0.846908852	0.255050957	0.299107513	0.168426163	0.398147193	0.255114783	0.167796124	0.369896075	0.355467354	0.627075417
0.02555911	0.309152389	0.072585183	0.21559172	0.898198325	0.073687479	0.378526391	0.493171587	0.76929387	0.318848069
0.036839285	0.490090742	0.037168914	0.313162539	0.328375551	0.766838542	0.047346808	0.402371163	0.903729253	0.426951434
0.801390058	0.427969359	0.032763138	0.244156073	0.694192348	0.67967429	0.18160922	0.060822518	0.808081344	0.577191423
0.229747716	0.507936421	0.142187399	0.195188798	0.549527821	0.841450162	0.424803924	0.407158473	0.165846071	0.989588659
0.149672625	0.371786015	0.330774351	0.11670173	0.250124901	0.678766575	0.32300002	0.283102947	0.368738003	0.778065482
0.778712352	0.360534263	0.310048994	0.174386382	0.104045069	0.185860977	0.40968364	0.194651203	0.282033403	0.866211226
0.315367235	0.112449151	0.16261496	0.031499967	0.753050757	0.365211363	0.388005546	0.286050242	0.16654621	0.987478744
0.854036859	0.111003573	0.445816737	0.133057994	0.107634182	0.969069266	0.547628481	0.176768339	0.110819806	0.430345143
0.346999063	0.147130024	0.439483538	0.30921557	0.341879239	0.541338008	0.622518429	0.555253113	0.670271947	0.05413452
0.547814732	0.278654815	0.186483642	0.146584784	0.379951164	0.392361645	0.180273193	0.510732055	0.361425955	0.117340996
0.526084103	0.641509254	0.2827659	0.293191867	0.796284796	0.158727732	0.081784888	0.364661997	0.047899091	0.757233865
0.988906925	0.484272963	0.261116507	0.032053511	0.313524883	0.45045989	0.206906678	0.371294052	0.918722431	0.562400586
0.931663917	0.379604802	0.201559849	0.371898424	0.733853584	0.876095535	0.231606931	0.491578848	0.932217602	0.506214647
0.532223702	0.31537263	2.77556E-17	0.168481064	0.444211775	0.708654974	0.548978062	0.261211841	0.784654163	0.383145071
0.864192115	0.258594141	0.375831708	0.249329794	0.981079976	0.493741146	0.232455217	0.285516997	0.969750744	1
0.406055019	0.079481459	0.112911436	0.208348101	0.550095738	0.340825734	0.348672068	0.252337625	0.439638274	0.09030108
0.027867723	0.438648087	0.251026243	0.201649936	0.324557977	0.261483042	0.441897857	0.373573654	0.818883324	0.860233512
0.590188629	0.482955875	0.203759544	0.245250543	0.039487819	0.376104664	0.194677387	0.630871847	0.49915299	0.427236999
0.583595856	0.516655864	0.435338972	0.317212102	0.003813531	0.394263789	0.079480451	0.125146833	0.347275279	0.87251594
0.97585925	0.661199701	0.290565222	0.138076968	0.353362269	0.924997801	0.117043876	0.631794364	0.080448894	0.593029867
0.894972554	0.269029515	0.197844531	0.362878386	0.767906703	0.323233762	0.501955181	0.313042697	0.619163495	0.069873484
0.712493429	0.351009136	0.399679255	0.051071363	0.263142332	0.140342715	0.401891041	0.441885476	0.274825776	0.742169547
0.295297703	0.540322152	0.411956315	0.314698229	0.345144223	0.950733328	0.083195545	0.400777431	0.78988073	0.914462045
0.060680913	0.277622365	0.228342016	0.338417859	0.353858283	0.687738748	0.425975712	0.439947793	0.376402366	0.360045136
0.639686122	0.369203161	0.212373004	0.18631381	0.109386223	0.407020262	0.280601398	0.47171435	0.999256334	0.732071187
0.35756169	0.152582372	0.215787395	0.07609772	0.742447182	0.726028064	0.562902135	0.36059375	0.67966179	0.652288109
0.339558429	0.233724211	0.364643223	0.22687063	0.319049756	0.042165301	0.15580849	0.315460756	0.586852118	0.609647411
0.224983063	0.242885004	0.247929512	0.276445196	0.394136357	0.495732984	0.597725993	0.305233353	0.557876239	0.729749456
0.999872808	0.347356927	0.180195412	0.275925204	0.468932681	0.396859189	0.203809533	0.491040617	0.852420837	0.632400018
0.763728746	0.201790063	0.399976614	0.204624911	0.715003028	0.745951111	0.492272347	0.392069833	0.171247242	0.146068966
0.34566496	0.239691129	0.256054095	0.163690733	0.202913835	0.497905609	0.539168662	0.537544908	0.82658715	0.814202008
0.229028472	0.380274796	0.109432567	0.221844467	0.135397188	0.168581492	0.219302509	0.42675082	0.730004974	0.03013492
0.828044427	0.403913655	0.228635561	0.193383713	0.646851242	0.5355555	0.014600638	0.345248906	0.805323335	0.497956554
0.850557728	0.353658695	0.220008379	0.241391809	0.673709945	0.975158564	0.42110016	0.235846929	0.135776992	0.011917167
0.799100089	0.36456717	0.089382357	0.344434383	0.254408468	0.566412525	0.485925293	0.174376393	0.746289077	0.279322508
0.495975127	0.430305803	0.269724912	0.186815138	0.626300591	0.851738305	0.298383171	0.292760125	0.043510733	0.426593451
0.449571449	0.01840661	0.16244923	0.193841172	0.638601308	0	0.289281013	0.273489231	0.260734855	0.856761776
0.143958462	0.258208804	0.289955404	0.206831487	0.413301748	0.257767359	0.19042827	0.343318755	0.467849882	0.145964543
0.23163873	0.423910469	0.21848028	0.148389469	0.54606891	0.609808796	0.363418866	0.56242607	0.599916023	0.899553909
0.43969293	0.322527254	0.330266425	0.286726982	0.225872917	0.280923141	0.266021508	0.238271843	0.94965138	0.978103641
0.602594655	0.48015045	0.041795596	0.069952506	0.665028998	0.577738049	0.405291809	0.428305152	0.299569621	0.961637171
0.375694236	0.243788034	0.18859795	0.364684568	0.36162244	0.099651203	0.072931144	0.333535675	0.789700655	0.094715204
0.183151797	0.517033851	0.204777784	0.211031585	0.908921042	0.701970022	0.595235214	0.335628279	0.33083523	0.556382824
0.024107893	0.061107311	0.193052018	0.278712363	0.584098038	0.044656353	0.364476602	0.184931888	0.902813213	0.925752861
0.845684041	0.2017409	0.438640363	0.19565615	0.990571522	0.868258298	0.061365675	0.345557173	0.698199831	0.156120139
0.442453039	0.376400137	0.307554134	0.290507638	0.88698598	0.641232319	0.192210882	0.4139984	0.816294597	0.412024679
0.737986467	0.375915506	0.20302202	0.187467458	0.52785319	0.00447178	0.024343805	0.484805513	0.568684232	0.808229565
0.048372892	0.466603759	0.284184319	0.41080825	0.770626777	0.072861099	0.259199789	0.477982409	0.759461361	0.570995131
0.864555348	0.214534489	0.424411795	0.323434595	0.209017045	0.080646793	0.372038742	0.390417742	0.346571254	0.155153057
0.300211215	0.38102126	0.166117116	0.216031297	0.53114565	0.965129103	0.180557952	0.264020626	0.010158616	0.035843011
0.953993479	0.404794836	0.198524521	0.113661759	0.817794951	0.918844434	0.161970149	0.168478359	0.398414389	0.167786891
0.720005106	0.153179006	0.245161909	0.226718844	0.656921945	0.541977699	0.586182781	0.413756766	0.953304087	0.588572424
0.201562203	0.312438527	0.177816816	0.231852208	0.030146742	0.509491845	0.354068037	0.47102616	0.134501367	0.994007718
0.973263011	0.370113828	0.139941888	0.376590788	0.659904324	0.608741092	0.094644561	0.202624687	0.484433562	0.919390173
0.165912134	0.316892379	0.190135083	0.285516667	0.966512706	0.684330832	0.042906292	0	0.133971782	0.115048519
0.935013343	0.311712807	0.389045709	0.149454503	0.430545589	0.002942219	0.004443255	0.399470489	0.443545176	0.130348659
0.711138785	0.448117248	0.03701254	0.389852881	0.326937429	0.545752955	0.565033247	0.431455195	0.162255172	0.819639183
0.089411565	0.35872933	0.321240162	0.03792123	0.335710769	0.103195461	0.206174348	0.406122632	0.130966118	0.817722764
0.305718753	0.605465339	0.171030906	0.351957362	0.932880757	0.82544249	0.57770017	0.310361281	0.514749512	0.663557249
0.076532209	0.132883663	0.201004705	0.361705089	0.616367972	0.210927074	0.614657078	0.466198018	0.332616328	0.531855668
0.375509221	0.387867819	0.171430176	0.178130762	0.781593118	0.365789566	0.240338153	0.318660565	0.825189945	0.837645802
0.433976424	0.400496947	0.33333908	0.126669023	0.443714127	0.682340823	0.342060199	0.223482325	0.575327272	0.766384734
0.598972283	0.677754721	0.207414335	0.102283691	0.806752592	0.460876123	0.068867586	0.359983538	0.412499692	0.538991993
0.287518517	0.090432889	0.270915519	0.197480756	0.306801135	0.871450444	0.425208861	0.335504347	0.346784076	0.715863712
0.399320685	0.274418004	0.252940485	0.218921228	0.288663544	0.913805247	0.415076927	0.451068322	0.321463329	0.635393804
0.376251309	0.247422956	0.418318523	0.323457402	0.121622427	0.038035391	0.154904976	0.230144469	0.81062679	0.105342863
0.794294943	0.362876005	0.368959648	0.206370289	0.315216616	0.265843641	0.041458724	0.51568818	0.513781646	0.21514846
0.045562518	0.113271396	0.345437836	0.28086161	0.889100073	0.642192629	0.522681181	0.305115796	0.412939698	0.166883369
0.092591281	0.462128282	0.452221874	0.210867386	0.816015048	0.33539241	0.179789603	0.175673032	0.476683384	0.915254501
0.993636742	0.381961624	0.727951003	0.65529568	0.395425295	0.246799745	0.722728691	0.800420031	0.128421424	0.738541752
0.950740884	0.874584816	1	0.724755	0.431821614	0.331764405	0.77876052	0.705138711	0.989583653	0.210842066
0.392184118	0.994989875	0.805415108	0.893504046	0.040454803	0.228291461	0.673747833	0.893975971	0.474026255	0.131920157
0.295209915	0.376498312	0.677259849	0.873712472	0.263860676	0.235996207	0.829782035	0.702824994	0.165147135	0.928976183
0.484760914	0.797621067	0.836466373	0.646668656	0.115829746	0.093102371	0.830150105	0.940317647	0.769853022	0.834509343
0.002799038	0.401083343	0.565229297	0.635826941	0.198257769	0.285430354	0.779858928	0.874279981	0.501076179	0.712500875
0.173041437	0.49067739	0.713349148	0.595639364	0.234064937	0.229394439	0.638348943	0.469829036	0.542607643	0.98783291
0.689118608	0.929892235	0.700534403	0.674828557	0.591170007	0.255461514	0.826934357	0.44064039	0.766866944	0.622780355
0.433635793	0.511912117	0.704701665	0.561724906	0.325541208	0.241139323	0.575184733	0.766209777	0.508537728	0.198453095
0.769887339	0.935289828	0.640601465	0.532178637	0.43256963	0.203010398	0.766946256	0.844568816	0.171663295	0.582226629
0.49769133	0.684262335	0.888048168	0.688828339	0.002493291	0.210535734	0.615147825	0.647591285	0.247205896	0.285082164
0.281120701	0.366665912	0.839810192	0.779195851	0.413386655	0.259128625	0.6436787	0.877190479	0.520856915	0.27492968
0.737714066	0.4734771	0.887171506	0.809691103	0.727526221	0.290409174	0.655019852	1	0.419069706	0.431826083
0.894122784	0.44471495	0.686425658	0.693218782	0.842005561	0.136666426	0.678089245	0.777808675	0.767407177	0.971736169
0.00672357	0.953226896	0.878783599	0.690720056	0.879968088	0.230908354	0.809319988	0.930620789	0.858984059	0.393874201
0.640878717	0.819506286	0.573846531	0.57012006	0.390274763	0.335067346	0.480432903	0.958955068	0.952579343	0.083306462
0.712845545	0.94413295	0.653971623	0.575108274	0.129893991	0.2581786	0.577298625	0.795477734	0.947338403	0.236723714
0.795601562	0.803220608	0.714866488	0.693314452	0.261507625	0.236530667	0.690230515	0.781703694	0.651868253	0.028257719
0.97090268	0.513671414	0.821553642	0.539029639	0.674097076	0.255067966	0.557779504	0.532620269	0.08103979	0.642091601
0.72867764	0.839537024	0.701053193	0.592519418	0.742225045	0.230364171	0.818008536	0.385840202	0.919133526	0.485247231
0.716257875	0.542995312	0.749383002	0.555261812	0.422584647	0.253768204	0.59415693	0.7905999	0.38618972	0.583791715
0.598991325	0.978859048	0.742658502	0.618398273	0.083804788	0.283042956	0.710488312	0.400157125	0.600696335	0.379836698
0.350015556	0.57026068	0.810135638	0.762414703	0.326137112	0.282355714	0.312789439	0.839736802	0.24189948	0.580422993
0.824546731	0.374911728	0.703515546	0.578050685	0.676768902	0.163247534	0.857146093	0.840747452	0.312321078	0.897842577
0.564493263	0.894747686	0.796575576	0.519218751	0.50376504	0.193980676	0.698848606	0.860982062	0.08164203	0.127253253
0.799173395	0.864598977	0.733151497	0.636038557	0.752715837	0.291334812	0.874023316	0.401404065	0.855748971	0.061924238
0.924288906	0.438750223	0.765849576	0.809046039	0.761840429	0.26744776	0.6501376	0.8333527	0.745844906	0.724035523
0.76344936	0.530980212	0.709342898	0.535235446	0.58783598	0.23581515	0.657933973	0.725835362	1	0.946835701
0.473147828	0.5050471	0.907110981	0.654858443	0.148933865	0.204059854	0.396427443	0.865967087	0.565347402	0.402764745
0.024956492	0.494526142	0.818575663	0.834522311	0.767533223	0.227663935	0.59750001	0.410995763	0.946637435	0.57344222
0.123112733	0.38448387	0.637035771	0.556736564	0.883971571	0.272196641	0.69709138	0.556908028	0.946248255	0.980406782
0.791756705	0.9859631	0.701308507	0.794758592	0.467103868	0.287645049	0.634426251	0.960731654	0.929504697	0.771126904
0.105505767	0.772021647	0.719719979	0.660395769	0.484377598	0.204730894	0.708622499	0.91954835	0.307446752	0.632575969
0.023174899	0.661383602	0.699401013	0.680520019	0.147707129	0.31960408	0.791721333	0.987895663	0.605599925	0.443356092
0.09151425	0.663132061	0.856870779	0.63582535	0.348878932	0.242190357	0.517572438	0.830037881	0.456992861	0.077566486
0.317751771	0.478076282	0.774475151	0.778644505	0.548564049	0.228359469	0.745123991	0.510487704	0	0.966198542
0.668929999	0.540142587	0.939965289	0.780643005	0.070091899	0.201162755	0.705967958	0.831511709	0.573118066	0.394799619
0.103958561	0.629602742	0.674679265	0.564987643	0.428083836	0.300393332	0.52758231	0.705454334	0.434377886	0.700578673
0.68018964	0.416681364	0.616247993	0.766937229	0.310677148	0.199485758	0.584228961	0.885309561	0.996434793	0.881959871
0.848759777	0.545773255	0.748471627	0.667078398	0.666267756	0.135464789	0.702781363	0.702049128	0.387377596	0.919317281
0.372669577	0.841892201	0.632243726	0.582470503	0.268595501	0.247928504	0.550740729	0.980176956	0.497739471	0.384611193
0.61223474	0.989025674	0.664857237	0.519278417	0.075996939	0.259789144	0.791460112	0.594277051	0.06609096	0.113437178
0.666137539	0.667172178	0.74590419	0.692897125	0.543605769	0.272126326	0.59264059	0.937865853	0.176718725	0.424124845
0.383721182	0.641027324	0.853741899	0.76086997	0.583461298	0.261351785	0.631540021	0.412837502	0.659755903	0.62169171
0.748528441	0.724169502	0.760964161	0.741700191	0.614134754	0.23591037	0.573564943	0.489492321	0.42887471	0.143457663
0.139872582	0.377291442	0.718050586	0.628516335	0.041996141	0.19204053	0.473475212	0.964136966	0.387814833	0.35990444
0.953181555	0.975198217	0.80423458	0.799519113	0.588430437	0.32952839	0.778460492	0.90290057	0.198238336	0.02884899
0.775611565	0.973559153	0.794531802	0.644747299	0.788691039	0.228850686	0.443617875	0.370521535	0.358321206	0.503466914
0.771211204	0.833626912	0.804708416	0.544661704	0.806087284	0.210604265	0.790681455	0.776411524	0.87715373	0.74715577
0.080834857	0.634975913	0.553804897	0.684282408	0.078187359	0.198431368	0.785130898	0.853414895	0.940554594	0.987924405
0.94679995	0.868387198	0.838891911	0.679153095	0.8408356	0.228122153	0.493559536	0.700346516	0.977412194	0.148327284
0.832201874	0.655703709	0.73118337	0.640069175	0.959003203	0.240193042	0.63762074	0.779942528	0.90240119	0.671407673
0.4236298	0.551105548	0.778990442	0.686653927	0.18421411	0.298103951	0.776159579	0.728059246	0.043607209	0.829888857
0.193386585	0.53445861	0.83146708	0.696941259	0.782794597	0.292116675	0.7658385	0.498600177	0.822579685	0.837276333
0.862265542	0.66927819	0.747207248	0.774864976	0.593603419	0.277328034	0.737140946	0.987481291	0.457381972	0.648045277
0.409941476	0.39914711	0.640839892	0.738456319	0.099845795	0.132560969	0.721073738	0.531846673	0.035797421	0.110576686
0.696270967	0.52822981	0.657887911	0.710393285	0.181487399	0.306728655	0.456104886	0.567871257	0.712300377	0.30660197
0.335582973	0.669741412	0.628639648	0.589297567	0.230780565	0.285765822	0.595543583	0.839338802	0.790604614	0.345448283
0.753945565	0.570879336	0.759029603	0.729870144	0.225213049	0.18430695	0.623538359	0.380059773	0.153641936	0.065892821
0.572299013	0.89389385	0.81335472	0.625800184	0.456594445	0.272144005	0.852659927	0.547841069	0.021691683	0.764968931
0.597155376	0.644995515	0.605636853	0.635219647	0.805853282	0.137358281	0.816650185	0.864038585	0.436433651	0.343647281
0.128831797	0.640771893	0.624495792	0.671992247	0.059667568	0.200023546	0.499732199	0.421782976	0.082662456	0.482825693
0.473097015	0.369893401	0.584489572	0.634439674	0.258981975	0.290969767	0.574402858	0.414944515	0.387096958	0.425423333
0.786613928	0.431870042	0.7520282	0.647469098	0.475120116	0.171707659	0.775070786	0.920442842	0.350035317	0.009234821
0.075832313	0.612637884	0.87512798	0.744476373	0.229839509	0.322748337	0.654774126	0.694024375	0.385662465	0.788927094
0.644416739	0.437302125	0.635353544	0.818031872	0.707551094	0.255075437	0.487343152	0.588682191	0.549355901	0.78832128
0.307173819	0.874104597	0.848964236	0.718767075	0.470698657	0.154982107	0.69423676	0.572722155	0.450579052	0.725371944
0.088880017	0.362431826	0.613660472	0.761751132	0.107454619	0.191394949	0.568412508	0.465042905	0.675066686	0.798987249
0.023273294	0.398182231	0.827419534	0.739532784	0.325176316	0.198275683	0.667522471	0.726141205	0.107031851	0.5590507
0.162051949	0.888840456	0.880235445	0.618378662	0.747863092	0.17934951	0.624038743	0.899768621	0.743453856	0.71528171
0.242295132	0.911023005	0.703934032	0.598760479	0.340758893	0.215048734	0.751227286	0.911196522	0.059602204	0.814357752
0.111539062	0.34260248	0.715570543	0.660495269	0.212886917	0.299719144	0.551058979	0.715065623	0.709217234	0.409849008
0.34624988	0.772900676	0.740674682	0.588473026	0.058255455	0.26801778	0.535478847	0.723405176	0.916808868	0.880142115
0.130654216	0.382018493	0.822372957	0.741331863	0.64843093	0.188596108	0.425867159	0.477568035	0.160799732	0.076360996
0.689863623	0.721648204	0.470732234	0.788227898	0.312958202	0.321324155	0.411538151	0.711534288	0.019477927	0.014984207
0.480381279	0.823780704	0.695219545	0.7150137	0.50335991	0.169419359	0.43715129	0.670311596	0.590099472	0.004761328
0.614141062	0.344554625	0.729977939	0.662597036	0.26591074	0.242555444	0.627183252	0.468512667	0.937777906	0.62500573
0.427162345	0.554372999	0.818326155	0.715485412	0.95002708	0.310891043	0.488528714	0.51081529	0.64559172	0.035199441
0.461435415	0.710682879	0.553719181	0.76246233	0.929825262	0.193241717	0.461187085	0.664482119	0.959261647	0.810304567
0.988724582	0.922908537	0.586711669	0.587824783	0.825691955	0.170276246	0.656940314	0.739139969	0.220171397	0.904979304
0.094666459	0.703412832	0.616277567	0.725469697	0.826346918	0.271776338	0.608748122	0.641933775	0.437933324	0.870961172
0.925459254	0.358665093	0.688818312	0.697631226	0.803733177	0.241065667	0.665932169	0.690099647	0.488044337	0.040351852
0.533731946	0.909647162	0.775335208	0.608208827	0.82012629	0.302986595	0.58761186	0.813177145	0.246153859	0.651293206
0.239871627	0.644197221	0.880629556	0.721880589	0.6140658	0.250870865	0.814917361	0.488661115	0.7255863	0.464453718
0.665443517	0.368262993	0.709527252	0.510724629	0.025284943	0.283132057	0.468148949	0.475367497	0.786235818	0.563392481
0.601855393	0.643490835	0.753474542	0.619807303	0.887237731	0.223307229	0.668607499	0.503884147	0.977757532	0.014870533
0.074255841	0.879627469	0.675002884	0.693808568	0.067596131	0.218552597	0.626172575	0.643693259	0.53768791	0.566549299
0.897568746	0.85099854	0.676048294	0.545658595	0.930467983	0.228889884	0.837634294	0.649074153	0.805252289	0.973251462
0.09981266	0.363361834	0.728528209	0.765306089	0.070107778	0.204866483	0.646300034	0.540821915	0.849932994	0.553525221
0.331577666	0.380125157	0.821311209	0.631273366	0.147222033	0.267329813	0.590501071	0.943521351	0.613119398	0.439489839
0.9776413	0.527414894	0.883499729	0.602210256	0.130925353	0.23364603	0.693230913	0.428968457	0.979622234	0.635298164
0.740993485	0.345536437	0.914464543	0.64293037	0.138966218	0.358128252	0.635415089	0.437314834	0.334652393	0.473157599
0.394803071	0.379320558	0.701310983	0.756951465	0.812330536	0.311390343	0.6616745	0.984161148	0.047772814	0.736672719
0.585235168	0.635205979	0.739100535	0.624736275	0.788313969	0.268568833	0.625301289	0.420528432	0.82644528	0.800324202
0.15115986	0.521067213	0.826044919	0.671226464	0.588179124	0.275563348	0.815294974	0.470908391	0.180167878	0.524542505
0.249940706	0.407356597	0.778646485	0.706297245	0.328731387	0.213071807	0.597192742	0.585201216	0.890365415	0.334390551
0.946492415	0.407364815	0.684537518	0.728268576	0.032746868	0.274526495	0.553582903	0.459716757	0.198476561	0.687715808
0.7998867	0.530022688	0.731444862	0.581646144	0.085271671	0.21009891	0.704470363	0.498620944	0.796788628	0.193074919
0.944121554	0.869843864	0.824843388	0.752090224	0.978051319	0.266372364	0.735984365	0.821153293	0.543498708	0.291678007
0.610046384	0.774107984	0.687446628	0.749715836	0.231554343	0.320850569	0.734322436	0.91924575	0.174463689	0.566461375
0.414678487	0.904445486	0.78984198	0.641935512	0.714374845	0.220907902	0.76897197	0.580284841	0.353382707	0.794378395
0.810620147	0.349687949	0.815884769	0.725177463	0.139915621	0.275867693	0.64182983	0.426859293	0.219721073	0.386665881
0.331979422	0.833085491	0.648878325	0.684365288	0.935586674	0.231692464	0.960310086	0.897708758	0.109110211	0.228656895
0.299788756	0.695860768	0.734153944	0.553951995	0.612725196	0.226835228	0.726612123	0.775284413	0.460521094	0.45228735
0.696332049	0.370409371	0.613882435	0.896619181	0.461312733	0.183477023	0.632389703	0.396768308	0.138435132	0.697760603
0.519484645	0.9535715	0.750495301	0.53608346	0.503772916	0.24651898	0.562419726	0.927388718	0.775142556	0.092460607
0.80041167	0.468796562	0.868145827	0.706048314	0.942271865	0.366357172	0.753232507	0.629256607	0.726971872	0.523014741
0.290833083	0.357908069	0.693329255	0.69092054	0.560886189	0.209372421	0.738752968	0.415057334	0.661280604	0.41669467
0.997043213	0.570307124	0.647880555	0.613768081	0.7118071	0.352444059	0.5121121	0.50041547	0.25244641	0.076736202
0.24857089	0.787648807	0.638096926	0.653616893	0.541712578	0.20578809	0.642999669	0.982315088	0.834421354	0.131948656
0.663141459	0.83533097	0.771745214	0.730205508	0.491104065	0.183237518	0.653467536	0.593816815	0.574589213	0.186367847
0.786246277	0.490663586	0.845949123	0.591788128	0.749195187	0.279648552	0.72193023	0.568257213	0.098049829	0.565041235
0.187862411	0.593325859	0.641631433	0.67409816	0.453770229	0.188390631	0.634422948	0.91851397	0.132105608	0.610330396
0.811906193	0.936760243	0.712104299	0.770630126	0.955301582	0.180828348	0.553148116	0.877006499	0.73279629	0.796799583
0.871493236	0.442941743	0.53515744	0.739340218	0.769489653	0.200441148	0.755986362	0.657393229	0.455104421	0.890804934
0.43851117	0.485289962	0.587918457	0.446556568	0.410966001	0.222466885	0.386194285	0.433178351	0.140860102	0.543450101
0.715003647	0.442062964	0.726808631	0.699441904	0.895041905	0.231383641	0.45236141	0.92870753	0.785727159	0.057285982
0.488196463	0.481144926	0.748375556	0.694622809	0.390140169	0.166850462	0.584285921	0.623346854	0.858557103	0.361274548
0.849699399	0.334846046	0.581878401	0.710702538	0.019744023	0.16995156	0.687473334	0.388635172	0.710628373	0.053374452
0.154402748	0.956531254	0.686384095	0.83448265	0.40975782	0.244364279	0.784121214	0.662736969	0.466360054	0.644678818
0.883138396	0.854321491	0.668436532	0.616602646	0.828281897	0.182907295	0.469201737	0.411226893	0.398988743	0.028465079
0.040033945	0.522091616	0.696971646	0.728431559	0.628903274	0.153670106	0.649441572	0.643259713	0.779166416	0.338632604
0.813309036	0.912782983	0.572163239	0.581622225	0.31554597	0.172894838	0.746109508	0.511288412	0.104670413	0.834088082
0.593829146	0.878991202	0.748559071	0.760770578	0.236207863	0.28073517	0.595431789	0.815345754	0.997254752	0.266035251
0.208899401	0.335349614	0.822619842	0.760971745	0.564613501	0.195659854	0.752826915	0.685767806	0.44199965	0.989350289
0.548131822	0.474086459	0.705581618	0.637551079	0.641565674	0.306332793	0.484533631	0.927915211	0.828232477	0.339255815
0.685953673	0.400727981	0.727628324	0.68907013	0.24649496	0.242299144	0.436673316	0.425390748	0.315288854	0.512449065
0.103908575	0.915762704	0.727818723	0.724091515	0.134081438	0.329540716	0.758717797	0.935904039	0.913086781	0.894585464
0.376656763	0.713834647	0.688168181	0.687875741	0.973357153	0.226262397	0.677009307	0.378636551	0.606303788	0.865510177
0.938372872	0.998904459	0.580942468	0.600926543	0.445679121	0.24701897	0.818443184	0.688848424	0.259851184	0.808921538
0.35488302	1	0.894339292	0.673252323	0.52594189	0.245160755	0.567279269	0.567953286	0.692659106	0.920284362
0.791622468	0.483108697	0.798877569	0.565348351	0	0.235097347	0.590231142	0.996610575	0.299544984	0.780030441
0.521972364	0.372561373	0.603850471	0.72620251	0.738611694	0.120361122	0.686736439	0.669263914	0.816110179	0.470014912
0.113648822	0.728599495	0.780383148	0.669829987	0.059237511	0.151750627	0.641946589	0.663545858	0.609496159	0.675435324
0.714209823	0.372016508	0.72166176	0.680135458	0.296329259	0.235914702	0.635860654	0.396426905	0.906457304	0.811761536
0.407403208	0.888130215	0.730130052	0.748036929	0.202985037	0.209846381	0.848620919	0.586805141	0.426999338	0.53188258
0.407207849	0.557246531	0.760649847	0.79385261	0.657442093	0.33042546	0.630783226	0.682741388	0.558774988	0.696563605
0.878063083	0.709011878	0.890765168	0.703805254	0.512154389	0.149687151	0.598164503	0.958984938	0.378565212	0.871984116
0.26872601	0.447091929	0.699345505	0.838572249	0.626082646	0.164392129	0.669441095	0.90477358	0.646140866	0.096115125
0.953612253	0.759252546	0.817605087	0.728591995	0.946783469	0.278485137	0.91874834	0.569146496	0.826760617	0.22777966
0.016947498	0.351397522	0.900552481	0.814528304	0.219641221	0.304229622	0.629823846	0.616339124	0.104286293	0.645313237
0.367523013	0.940244809	0.876571664	0.639907866	0.286759366	0.215977739	0.508703451	0.527906106	0.444190763	0.430440854
0.068880971	0.7818065	0.795115261	0.771794319	0.839615407	0.301401461	0.650407727	0.733372747	0.480041894	0.718220723
0.169248935	0.779415918	0.570595474	0.554313511	0.106715141	0.263665809	0.619288711	0.457749781	0.226329379	0.52903118
0.02937973	0.841750485	0.888480598	0.727631972	0.192404985	0.190695761	0.798600494	0.642091994	0.169398448	0.704354937
0.598506507	0.555644778	0.722169739	0.644325312	0.777325359	0.249833204	0.430452428	0.457123066	0.407083294	0.023886281
0.235552227	0.53703527	0.757192938	0.731573067	0.17612758	0.167949999	0.584542898	0.432739775	0.979406767	0.517071248
0.233339121	0.909168165	0.741094598	0.510986114	0.647104617	0.264408439	0.603391872	0.885249793	0.588467154	0.240813452
0.938305758	0.473166917	0.647724611	0.660372793	0.001025654	0.31120138	0.774701041	0.477545585	0.062451446	0.968019882
0.731545339	0.602780358	0.818991624	0.635707913	0.078849723	0.22812119	0.705021499	0.679154558	0.451371267	0.159533079
0.598929203	0.887263558	0.70365668	0.583260987	0.990864091	0.306503805	0.403678884	0.969375204	0.521896143	0.64386295
0.537894837	0.709854882	0.624017591	0.719457378	0.377406127	0.249109322	0.779455649	0.900329163	0.669849682	0.156393589
0.556235565	0.481481684	0.829803749	0.801217145	0.803083097	0.234761752	0.849506928	0.598142507	0.365305596	0.100495134
0.08984342	0.384254677	0.627446131	0.774257509	0.646422632	0.233456036	0.677508449	0.761220242	0.984391232	0.444277831
0.568466916	0.908497626	0.636240659	0.747551006	0.680374751	0.218602354	0.613189498	0.989200429	0.754185981	0.44699819
0.147140445	0.557848452	0.710252667	0.586459386	0.341512526	0.218823941	0.740253156	0.958611271	0.934473488	0.099518519
0.515038949	0.570299835	0.592663239	0.671252487	0.561215185	0.261255632	0.556861057	0.812529329	0.829376889	0.557903799
0.921775315	0.831025667	0.827817991	0.610808717	0.653842491	0.330029038	0.731079297	0.989095995	0.8171254	0.423069666
0.56725118	0.710515267	0.643827997	0.566726524	0.765221727	0.275079265	0.666799043	0.933133623	0.991688259	0.643988335
0.461276128	0.938593798	0.751548131	0.71834219	0.522190069	0.162077914	0.625872471	0.866620643	0.548239942	0.232426969
0.306724891	0.538002002	0.516045578	0.645632789	0.292859585	0.218177375	0.487097776	0.913969509	0.600811425	0.715977115
0.916399364	0.33917825	0.723279333	0.711940621	0.097767548	0.335849849	0.52292783	0.599237847	0.024661801	0.39887865
0.230551466	0.671857207	0.806536137	0.715984299	0.569815946	0.262499578	0.466123223	0.64282517	0.893700459	0.939277986
0.39390632	0.651354046	0.740041922	0.668217588	0.280243205	0.222957485	0.547071119	0.620604976	0.954760455	0.163454769
0.329503597	0.463082415	0.623525865	0.603334241	0.04382652	0.288442812	0.796804722	0.962582548	0.6944602	0.190013651
0.343783978	0.640505041	0.66520183	0.644732404	0.588489055	0.186934105	0.688643303	0.623237219	0.444283071	0.786530754
0.998293688	0.500128774	0.867574683	0.571134681	0.253672099	0.280112992	0.622641739	0.923853954	0.494927867	0.33880393
0.278100846	0.39624983	0.686499704	0.743208628	0.28032439	0.301863762	0.343108615	0.879845407	0.649664996	0.546575761
0.722619476	0.737725501	0.920642382	0.780803174	0.797463041	0.261464826	0.743246329	0.673079684	0.228230966	0.37343689
0.391873237	0.730976747	0.755090947	0.561868962	0.620491974	0.358323833	0.70881952	0.775600246	0.58426349	0.512483882
0.606384592	0.6806424	0.578618735	0.583508792	0.979808036	0.260341077	0.633654814	0.509533238	0.736915417	0.858105483
0.553026265	0.957558597	0.5949083	0.736544092	0.083001327	0.326488526	0.729564027	0.454128266	0.960358	0.473059564
0.099671999	0.343272315	0.799247375	0.671457781	0.062741064	0.33815013	0.653638697	0.739415411	0.847847308	0.46751283
0.209253336	0.834308714	0.770601432	0.416840869	0.381595214	0.201457675	0.508077358	0.39451506	0.027755797	0.307164995
0.703157985	0.74113247	0.656859364	0.681198427	0.598624805	0.29708186	0.41295209	0.451190251	0.31186498	0.845509997
0.627033895	0.858362451	0.579276008	0.597315462	0.100494626	0.262196629	0.804460024	0.77474304	0.33995878	0.44347092
0.96784259	0.42276106	0.641736784	0.62754711	0.627538228	0.284136622	0.833940588	0.42635397	0.714455998	0.422618925
0.375208024	0.76086069	0.755485643	0.6308769	0.402869392	0.312171789	0.59014816	0.38870995	0.690164694	0.898132318
0.649156169	0.47168594	0.591080506	0.795717905	0.828614109	0.28574727	0.536232642	0.799550304	0.792802169	0.059158219
0.364464087	0.609459172	0.883466471	0.795707858	0.013297603	0.198096935	0.431002689	0.882281774	0.870146595	0.362476173
0.436848336	0.356209753	0.775400212	0.653463918	0.088994907	0.233373856	0.725121927	0.442811575	0.692018791	0.755566912
0.795050019	0.811683763	0.786722466	0.696486203	0.457491058	0.243026777	0.683969622	0.646178018	0.409516843	0.129539069
0.131452225	0.920033616	0.885213352	0.684315443	0.770051532	0.230439161	0.562269893	0.635802375	0.602271523	0.863335847
0.460459226	0.800062548	0.63198487	0.61752615	0.164159453	0.302383555	0.628048091	0.997878773	0.854923977	0.99251835
0.605190017	0.656773296	0.584640876	0.677182342	0.861529804	0.201759978	0.775218779	0.618781784	0.265514329	0.376854865
0.724904658	0.931985088	0.656357867	0.807002027	0.120351961	0.282160257	0.641576415	0.722551373	0.124902653	0.541564619
0.381209332	0.743982065	0.823640289	0.675710698	0.76555634	0.253990051	0.723343229	0.596527341	0.618535127	0.526019626
0.574672222	0.899737733	0.752586191	0.552798459	0.159246499	0.256497793	0.301595599	0.40190396	0.873195173	0.011113339
0.668377322	0.913594582	0.805873877	0.78622166	0.927713068	0.211203228	0.381184451	0.779064434	0.205023229	0.607320432
0.220536153	0.69963178	0.683275325	0.697648884	0.29643668	0.28467629	0.702512708	0.915650771	0.801844017	0.992068682
0.607718348	0.409066839	0.603681048	0.593417547	0.304837762	0.178478019	0.623186576	0.603162727	0.471888373	0.546547798
0.575825519	0.841026432	0.723789555	0.735213939	0.443754824	0.184904949	0.547674788	0.799737961	0.059665274	0.474168647
0.442515306	0.658332257	0.776798222	0.552100478	0.387572666	0.313833001	0.341420267	0.919926604	0.483023517	0.164215857
0.796248845	0.561978956	0.651768716	0.609994252	0.866722415	0.281263978	0.699675188	0.831210421	0.763975803	0.508746025
0.844005534	0.683563923	0.695088045	0.647109563	0.203702811	0.228025734	0.574911023	0.416356283	0.179249569	0.732838049
0.030044	0.880528858	0.687486496	0.779295859	0.548617636	0.256937153	0.602254752	0.728271195	0.284496124	0.237806528
0.16661291	0.6190608	0.715864199	0.662847598	0.579115875	0.281592074	0.593789814	0.976466289	0.168156518	0.834922851
0.284368288	0.974577513	0.703633819	0.525288003	0.954295757	0.289353901	0.731757239	0.853113531	0.608972925	0.191864087
0.954097888	0.579372303	0.664026866	0.735450513	0.302182822	0.23362027	0.826999196	0.823271577	0.799019715	0.638761882
0.580285968	0.579445194	0.879908025	0.689259011	0.100808631	0.193847236	0.768709652	0.629758222	0.402540961	0.134438596
0.441006722	0.402344991	0.649789577	0.665228634	0.530493171	0.237570153	0.665888355	0.728784972	0.263530302	0.960545177
0.711114125	0.613634734	0.622410677	0.770888206	0.698934212	0.183321556	0.569919337	0.621951883	0.93725074	0.132058256
0.857592341	0.933172735	0.650215303	0.780523084	0.963240028	0.200607108	0.475519135	0.601700159	0.843063142	0.072485183
0.028158819	0.641921394	0.569940901	0.727111491	0.244825063	0.185526223	0.488622344	0.684352728	0.370938524	0.056594627
0.366139846	0.998423504	0.583582161	0.681181692	0.739184677	0.24433286	0.667254366	0.536243479	0.80788199	0.91343276
0.788598038	0.85341862	0.80705345	0.631301528	0.53235382	0.215881405	0.631995085	0.895892568	0.388622197	0.066004659
0.779793477	0.968238803	0.651530606	0.444422616	0.220648258	0.251613081	0.807207669	0.377070165	0.683480096	0.457548884
0.080105655	0.819302692	0.91321776	0.674594934	0.467596714	0.192064788	0.677052902	0.891181581	0.941513447	0.589890257
0.204650297	0.802260458	0.833252058	0.581459716	0.677067546	0.236585715	0.597247865	0.408768	0.845663728	0.640288965
0.879434407	0.708274066	0.802026458	0.664709686	0.79769136	0.237279391	0.631545953	0.914169331	0.120073031	0.866517017
0.578474047	0.349119932	0.730586946	0.631615072	0.201838068	0.226040126	0.681226696	0.84837488	0.080716018	0.528110497
0.389268945	0.570797717	0.660859128	0.599363192	0.708102429	0.217713818	0.683278226	0.835252601	0.868920188	0.499191262
0.040041888	0.541721892	0.662695007	0.65440046	0.140337987	0.252998194	0.570155255	0.995458884	0.207159326	0.719939524
0.751500606	0.363813995	0.643128349	0.431892922	0.219674569	0.261511746	0.728825414	0.528751705	0.519616589	0.037634796
0.133455122	0.813006734	0.749489251	0.60417429	0.365096467	0.214647181	0.782824364	0.982843189	0.610977648	0.195480972
0.856475222	0.97243103	0.710023163	0.740612261	0.559384651	0.293480016	0.727632593	0.550850576	0.985798299	0.608568331
0.722264058	0.434661384	0.764902391	0.524679195	0.432868094	0.302839785	0.768798283	0.647758542	0.939574518	0.20282254
0.744178665	0.607292337	0.818775464	0.592018223	0.698897663	0.230477779	0.472676663	0.861693839	0.408721243	0.783896172
0.042580598	0.362633962	0.818449946	0.574393509	0.49266871	0.371616821	0.731585993	0.546923765	0.321417161	0.879485348
0.65802925	0.761774481	0.775720999	0.743610659	0.548140028	0.281145499	0.828840862	0.446070609	0.215360106	0.031475591
0.856294913	0.936897179	0.823398478	0.706565217	0.950173396	0.302298055	0.62961044	0.704660603	0.424860668	0.010856377
0.324182691	0.98087777	0.668474485	0.694790064	0.392366427	0.216417621	0.736450369	0.778961312	0.846019701	0.29142932
0.684090487	0.490807587	0.652122119	0.765873138	0.411153146	0.165038593	0.601444569	0.693344948	0.660444386	0.492393993
0.828109202	0.4140462	0.683023373	0.649269308	0.52185765	0.214047431	0.654541657	0.55717685	0.793591508	0.928685835
0.064825473	0.577334171	0.596162905	0.642902598	0.953134267	0.29279338	0.654310189	0.402753692	0.580086096	0.879380735
0.860278698	0.708318286	0.608509594	0.673508219	0.532656722	0.213895373	0.67528675	0.711313957	0.969090624	0.03420636
0.590509312	0.690304287	0.806048848	0.845436993	0.931034282	0.265889708	1	0.925030406	0.722244514	0.938109371
0.093666441	0.644729743	0.774881822	0.612404404	0.720325678	0.246908429	0.618439178	0.773977254	0.531437805	0.212121891
0.794626908	0.957280751	0.65905137	0.643027211	0.499166746	0.286556395	0.58780104	0.635569954	0.757807492	0.807732358
0.583908102	0.630307038	0.646877327	1	0.971244961	0.265405668	0.705659136	0.927975603	0.257676332	0.374826593
0.595825518	0.764142257	0.563590138	0.71671956	0.011838806	0.273307023	0.535892112	0.456461814	0.456301953	0.810184327
0.176618545	0.930771924	0.586077972	0.70969283	0.746510297	0.187190219	0.815445566	0.508698244	0.934643111	0.80641889
0.435858417	0.623199108	0.920113428	0.684284947	0.837269788	0.313600597	0.665788465	0.970081142	0.012760393	0.197986671
0.52510291	0.636934276	0.780356425	0.551424918	0.715832831	0.355357589	0.744735719	0.388140193	0.650169435	0.945149087
0.925336264	0.340170495	0.739340154	0.663072959	0.852293636	0.298047612	0.85036899	0.860472268	0.200708761	0.031301027
0.961748336	0.790136693	0.729868302	0.528694635	0.89858217	0.29197787	0.799161866	0.710727501	0.363601272	0.4052122
0.885902246	0.468478017	0.7972744	0.68990821	0.145332014	0.223776074	0.759917675	0.681173512	0.159187918	0.383408231
0.853459545	0.683804974	0.672045875	0.719092724	0.122483347	0.264185521	0.589530833	0.585472726	0.155458603	0.350313259
0.909895702	0.334461959	0.930431722	0.712748474	0.852821324	0.291100371	0.638765557	0.5187454	0.056114191	0.568546666
0.058532928	0.479710754	0.7929875	0.693828368	0.935239196	0.22670194	0.677379213	0.403773604	0.016694646	0.664997833
0.42939726	0.450233834	0.730544172	0.589317739	0.229303664	0.302345775	0.597475641	0.673391635	0.396947472	0.240289445
0.668285333	0.961969566	0.745842095	0.55982435	0.343657706	0.22951925	0.489338427	0.441437389	0.746345109	0.193048831
0.200143528	0.360892982	0.913810089	0.670980149	0.412904523	0.216770692	0.792776202	0.775623094	0.852822848	0.653316104
0.561046796	0.918126605	0.793812888	0.558235536	0.259952562	0.211794409	0.671811159	0.713659239	0.566723321	0.405511765
0.741218236	0.786787461	0.742102999	0.658083319	0.71844208	0.19646625	0.613257601	0.892473064	0.859190644	0.222172338
0.080677547	0.917416929	0.748701973	0.611244142	0.30751871	0.247064611	0.431404981	0.666427195	0.193526961	0.149725697
0.859683775	0.667264396	0.707352265	0.612267383	0.794651532	0.288207582	0.900579875	0.773566337	0.808755726	0.958143964
0.81054005	0.805717623	0.799456964	0.613919831	0.916484854	0.261605129	0.49799697	0.827765053	0.484756447	0.215113858
0.574524208	0.951765882	0.682861275	0.733992524	0.884981674	0.233244012	0.606775819	0.496408991	0.843900361	0.407496486
0.408372682	0.993992223	0.769812793	0.68071992	0.09392546	0.191904227	0.737664553	0.916373373	0.583912034	0.189032113