0.343685251	0.296812353	0.457043473	0.617254713	0.609308691	0.797681535	0.778454896	0.118124896
0.433341355	0.175086305	0.79284374	0.664760035	0.713614025	0.027149828	0.805975873	0.490786833
0.734663884	0.185767176	0.292013384	0.624469647	0.58916296	0.461762851	0.088083785	0.312419938
0.576877947	0.252580016	0.288986562	0.590160221	0.933261567	0.971675321	0.288547514	0.369473938
0.72993482	0.136131656	0.570800284	0.602445014	0.791367505	0.962118122	0.386699118	0.336942968
0.316301087	0.140633458	0.827929287	0.602732516	0.552949664	0.368912586	0.16227949	0.104635743
0.294028688	0.078174132	0.197451096	0.574711924	0.79139442	0.44143993	0.279078754	0.267620423
0.391398849	0.110798664	0.014876439	0.641088165	0.983542675	0.786106089	0.736460397	0.143519583
0.211929134	0.30323029	0.67390966	0.592988428	0.726199355	0.972619625	0.711762685	0.358933339
0.336812104	0.151922305	0.852411503	0.510714962	0.690087443	0.999672693	0.840221521	0.290744295
0.001319524	0.312175002	0.690334655	0.534318235	0.839544517	0.282428269	0.297179875	0.421732248
0.899065257	0.267066717	0.506238826	0.596945766	0.628472377	0.083499197	0.684926632	0.277718475
0.908458094	0.272926448	0.120493786	0.544544165	0.595568934	0.503973235	0.492916755	0.227138346
0.266489413	0.223668742	0.158907579	0.507452909	0.762775324	0.652927991	0.442897138	0.143933757
0.783726433	0.22401693	0.263337767	0.557142074	0.557554009	0.578511356	0.179547961	0.286872924
0.744337489	0.251327178	0.223756112	0.546411372	0.582501291	0.707453597	0.538027421	0.058758404
0.672254745	0.205073251	0.641078039	0.603667833	0.645825757	0.641178812	0.550536937	0.321695925
0.408831382	0.19609657	0.265324161	0.563587368	0.972115348	0.15597455	0.758084543	0.329886031
0.847488523	0.335928714	0.387857806	0.504453192	0.72653689	0.998400888	0.122551466	0.008927332
0.06516663	0.300783379	0.0092515	0.550522627	0.52442607	0.439390216	0.392985606	0.213589947
0.239621378	0.211770551	0.201942434	0.571107294	0.620332393	0.451854855	0.940728944	0.118712677
0.098938398	0.322534635	0.099398637	0.494225438	0.944324192	0.647208299	0.301880633	0.537376011
0.220537606	0.282128335	0.87734106	0.534539139	0.789900355	0.432873179	0.953775076	0.428619576
0.434123319	0.262135654	0.434280887	0.729322477	0.983543163	0.282256188	0.724620604	0.552119655
0.430048903	0.280315087	0.12087225	0.522066943	0.660493679	0.50183071	0.205310588	0.243095653
0.953174106	0.194971291	0.456555884	0.529325033	0.922466693	0.844169859	0.309209394	0.288260749
0.046036157	0.314792628	0.881502563	0.503590926	0.550361676	0.523552116	0.91612325	0.140991779
0.465735639	0.070398088	0.918482427	0.570181964	0.794498711	0.551257237	0.055547852	0.257213583
0.391736672	0.208427794	0.296653792	0.553289363	0.57071281	0.327896695	0.385893683	0.154512726
0.119747466	0.078942165	0.694443733	0.613486508	0.806229337	0.662568461	0.900995782	0.094530393
0.700546537	0.269211455	0.424233921	0.648516957	0.710574222	0.46655981	0.663815657	0.152201285
0.215017623	0.108046326	0.736176206	0.563265131	0.548223778	0.334114516	0.406158682	0.299373968
0.458715455	0.260222407	0.136846857	0.579501028	0.988524803	0.260431895	0.781041699	0.210322799
0.381465064	0.292548891	0.385671074	0.479271461	0.998002967	0.029842296	0.223651246	0.356604643
0.288098362	0.264804196	0.24594095	0.457737551	0.648012336	0.535764243	0.634867948	0.468890171
0.132210468	0.117468329	0.339579516	0.594882155	0.729766805	0.277350912	0.453948261	0.38403274
0.213238671	0.199298711	0.400689353	0.544512619	0.676872217	0.192251016	0.639083769	0.438465584
0.383611134	0.144249291	0.180859651	0.518318505	0.598088518	0.756407679	0.008172706	0.114539053
0.764712863	0.317751331	0.112017122	0.661926913	0.91395947	0.63205755	0.762527357	0.179231287
0.097658725	0.274478637	0.552911373	0.597149484	0.605481776	0.783364779	0.995054578	0.234491752
0.379625551	0.314115765	0.306751879	0.531872443	0.861943854	0.548428079	0.703271456	0.176644776
0.476464167	0.193443178	0.095695256	0.518383641	0.659873027	0.121186838	0.754039442	0.071520017
0.922654465	0.278242451	0.363764737	0.560499379	0.622981747	0.951562383	0.344209472	0.048390942
0.335245422	0.21731649	0.607167831	0.519846854	0.902947205	0.066253912	0.244679269	0.028186246
0.283647789	0.177520536	0.173796984	0.570629015	0.672546593	0.735224229	0.469205057	0.529057276
0.867551012	0.348589206	0.139330773	0.5136348	0.901545107	0.17834813	0.072033496	0.400303153
0.769248451	0.185568891	0.525246782	0.549157351	0.612893019	0.498133614	0.871465632	0.217457497
0.092863938	0.165342563	0.132709245	0.578761653	0.79520257	0.071333745	0.56188194	0.416801735
0.680149279	0.283973541	0.217974458	0.499226452	0.567224597	0.510036781	0.386136122	0.378105798
0.538272294	0.108874394	0.539927356	0.578950753	0.688521532	0.331016599	0.909639206	0.13814263
0.794125515	0.182817566	0.045858984	0.518493422	0.79105055	0.423455075	0.322760385	0.479800254
0.187420444	0.037930915	0.09837399	0.612133258	0.851724332	0.57216622	0.540959587	0.41373072
0.827951169	0.294196637	0.199889062	0.533273445	0.845727302	0.343780574	0.210565618	0.255515719
0.429876589	0.277480535	0.331455426	0.559339725	0.774741417	0.779970646	0.340896217	0.288160308
0.540202061	0.170670145	0.001047166	0.532267824	0.836926749	0.307738048	0.257715174	0.495111124
0.788724772	0.321935764	0.043178325	0.559278972	0.603008021	0.838339675	0.149895254	0.212832814
0.687226906	0.190195523	0.954624265	0.604079242	0.730293294	0.560210506	0.515041538	0.073157522
0.454396947	0.151933495	0.504057035	0.527235792	0.738282936	0.664907395	0.527661786	0.377013701
0.378777011	0.231805486	0.627910401	0.623022934	0.894716898	0.849366102	0.447404536	0.326011811
0.949427615	0.257489768	0.600570371	0.614053164	0.884651079	0.77390521	0.16875321	0.127656391
0.265963686	0.237399719	0.231326899	0.49092038	0.563942483	0.187936638	0.238428355	0.458864206
0.453908207	0.333920847	0.185708591	0.483372405	0.534170434	0.937245963	0.111879122	0.319992747
0.367588939	0.286007093	0.490353081	0.618999399	0.97997683	0.075558139	0.961159947	0.278505677
0.338522605	0.207310788	0.517261523	0.559719881	0.906941056	0.479534764	0.029962872	0.324597203
0.858715389	0.188670396	0.062903443	0.645028754	0.865140369	0.416749306	0.498327457	0.127787532
0.711157497	0.155524221	0.305215226	0.539818324	0.87036956	0.226751908	0.28677298	0.460348035
0.279030129	0.311703856	0.407675492	0.568481319	0.722250993	0.199854489	0.607966614	0.290493281
0.527419551	0.09622606	0.577331931	0.604041251	0.933983132	0.504367275	0.58617344	0.099273212
0.467863418	0.198864442	0.741687718	0.558443324	0.657239006	0.432347543	0.560559617	0.184177579
0.073376208	0.264992968	0.725669004	0.670604906	0.984329136	0.776027591	0.528989605	0.242466374
0.440604018	0.262145029	0.344573349	0.503205334	0.5042355	0.142208161	0.316191359	0.232626547
0.211389473	0.278416489	0.101786399	0.603141556	0.986378166	0.601802573	0.598718337	0.536475924
0.775475601	0.231001899	0.177883538	0.546225091	0.894911961	0.064851574	0.343806726	0.556598607
0.232537061	0.147249217	0.975845419	0.559743767	0.554873149	0.023176229	0.615342655	0.171460988
0.479419835	0.19263129	0	0.565457562	0.600652954	0.526756506	0.075998877	0.427677218
0.435142576	0.138119163	0.043123224	0.5149562	0.865431804	0.281416355	0.017180914	0.19980929
0.886814478	0.162603308	0.750913778	0.560492689	0.543552029	0.29391336	0.436772644	0.295181788
0.597136729	0.237032308	0.449342507	0.615624936	0.998629023	0.041519845	0.964801141	0.339743194
0.850936977	0.139813867	0.022550501	0.619051955	0.725790892	0.378176224	0.429151743	0.340813961
0.251591323	0.127788755	0.161684325	0.584066848	0.800719959	0.846039112	0.500477655	0.0818568
0.276035372	0.226763759	0.921088275	0.588108427	0.661186737	0.957485161	0.680457986	0.382786165
0.93885432	0.198811058	0.563454211	0.478533365	0.859805762	0.160157352	0.681025326	0.349628714
0.939290908	0.283950058	0.050519719	0.539201258	0.763335711	0.444482586	0.949623629	0.345133382
0.4375681	0.135227988	0.453980222	0.659444356	0.827134275	0.449633436	0.146714616	0.299368193
0.044575611	0.133932846	0.19182996	0.658108708	0.660367464	0.43891798	0.306294733	0.521255173
0.415731191	0.236013163	0.140403042	0.515772695	0.810489341	0.996984126	0.911343331	0.134905628
0.675610509	0.294999181	0.564396596	0.57708086	0.529120187	0.557662352	0.353469188	0.050883943
0.773734966	0.110646935	0.087900015	0.611590049	0.511939507	0.759937622	0.117750954	0.390512524
0.717134477	0.236495848	0.633706747	0.604288932	0.493230327	0.502785158	0.417030809	0.554217421
0.030736824	0.131281181	0.842602217	0.567975013	0.838009133	0.777260443	0.782006979	0.305792787
0.10969557	0.192391479	0.908995574	0.668062606	0.921026733	0.845187025	0.425805188	0.209135478
0.599196027	0.205689461	0.270977742	0.570915405	0.564319476	0.02825716	0.813540233	0.363269258
0.082056988	0.178348879	0.036363407	0.562319354	0.862586674	0.495796772	0.718488679	0.381165771
0.719181401	0.187281626	0.509938038	0.66020291	0.761977792	0.475429747	0.581271766	0.17246342
0.301123655	0.159600811	0.156225203	0.437208618	0.799450244	0.851586913	0.669816721	0.55200222
0.639625534	0.258513693	0.678224321	0.643357357	0.532919638	0.204196607	0.617443861	0.252805116
0.808629219	0.168346727	0.805306313	0.554454392	0.536935836	0.697343751	0.389001275	0.472994903
0.492035345	0.263724475	0.363215998	0.630036858	0.643559828	0.213538703	0.830238566	0.07731404
0.015152679	0.348707017	0.112872715	0.538177943	0.960986502	0.315806316	0.53733814	0.441691537
0.389318235	0.248438514	0.58670828	0.563368097	0.687276962	0.842719723	0.29747561	0.457926605
0.932702521	0.116286939	0.393204039	0.529583353	0.881434012	0.899472557	0.845329411	0.117260226
0.551534855	0.211780468	0.502745288	0.609010241	0.753739649	0.547642077	0.469015432	0.034520751
0.92845248	0.160120213	0.189973486	0.597565382	0.49540242	0.5301268	0.256319965	0.156526135
0.833680766	0.299905103	0.108417658	0.44217923	0.901024851	0.027077403	0.871990326	0.289069505
0.31643827	0.06307935	0.454250026	0.552010365	0.64630022	0.042035203	0.403914055	0.482840815
0.245119777	0.136457133	0.002754972	0.551777164	0.82764165	0.027480143	0.899602266	0.540249818
0.8495147	0.160570564	0.786920694	0.548508245	0.611888147	0.556696531	0.59551363	0.4815004
0.05978708	0.290862708	0.779187084	0.659346836	0.810738201	0.280007829	0.920741427	0.528206314
0.922012049	0.276344435	0.758759735	0.523963615	0.612400955	0.415128981	0.490623864	0.399247314
0.898878907	0.262105507	0.393477445	0.501836882	0.846229996	0.939435944	0.083668236	0.546308992
0.239914078	0.286969085	0.368915285	0.568873347	0.853756994	0.786146038	0.113520107	0.413458267
0.302655806	0.308521108	0.178173006	0.638465809	0.544086296	0.855216163	0.882345655	0.477002644
0.602607493	0.342099188	0.373407137	0.594419304	0.554620179	0.878967325	0.404062108	0.055747149
0.251285406	0.21880372	0.127737453	0.612449318	0.66301903	0.18168131	0.702332774	0.171490022
0.67127051	0.287339158	0.244604473	0.595847207	0.605160936	0.157675206	0.100248933	0.219780004
0.489769523	0.153592637	0.413551935	0.554172434	0.679993479	0.563279135	0.145585253	0.203422828
0.38761742	0.247487789	0.548733227	0.566056477	0.750354266	0.260200097	0.106836393	0.536912945
0.126407704	0.177785178	0.863351204	0.525507217	0.740563452	0.39134328	0.143426487	0.325063952
0.256888131	0.199996128	0.833064722	0.592727193	0.535251072	0.527681904	0.554744525	0.127395052
0.562075061	0.178108964	0.364365097	0.567106021	0.663956536	0.630699203	0.70339799	0.231255818
0.594668616	0.244647997	0.810350924	0.587767635	0.976290781	0.683580063	0.698476672	0.496164881
0.712538767	0.30322037	0.011169951	0.530389063	0.790680732	0.198120524	0.473818956	0.525933627
0.518064026	0.285341438	0.534945797	0.60508466	0.549034472	0.668891325	0.892908856	0.031150946
0.090316976	0.198956486	0.50638313	0.523865664	0.54518576	0.325597941	0.595842764	0.420501333
0.753810118	0.280034255	0.800730692	0.576916865	0.769919309	0.686769679	0.717030921	0.354551327
0.932044483	0.322782986	0.580731775	0.574437284	0.645157502	0.655181328	0.443114007	0.002197116
0.193008068	0.204052083	0.415934749	0.53293953	0.494531239	0.053389175	0.200203523	0.409756001
0.693264311	0.1792704	0.825354088	0.581695509	0.897486538	0.621798371	0.28972163	0.201153474
0.882777035	0.220498141	0.226504788	0.679949788	0.898603027	0.495003576	0.345005617	0.23397336
0.790052062	0.313435023	0.667211333	0.669946116	0.589320526	0.105275506	0.256445084	0.018631302
0.131322842	0.129105091	0.819707336	0.534707595	0.78575181	0.218772931	0.613205968	0.240315251
0.767401724	0.271592327	0.228766682	0.583414292	0.981256552	0.453051051	0.866451136	0.059737081
0.875293965	0.123857927	0.017013633	0.526285796	0.988529091	0.501264016	0.382837728	0.091259873
0.760289663	0.212536677	0.968999144	0.67234678	0.921728278	0.749954061	0.836703971	0.128475315
0.812839764	0.186470622	0.310321176	0.448800272	0.905812148	0.142124125	0.997777606	0.236806936
0.384962381	0.300528494	0.950372882	0.547493808	0.942241338	0.05128874	0.053515506	0.243366215
0.348103269	0.205245908	0.020180588	0.616344446	0.794640915	0.238241641	0.098968971	0.496435588
0.810703153	0.321901943	0.656652165	0.46633298	0.920231098	0.547464966	0.761364296	0.200149568
0.170352702	0.431931176	0.641706179	0.755831606	0.704602771	0.712779191	0.528154329	0.433340254
0.108830122	0.159036777	0.013582073	0.556963687	0.731147684	0.806365954	0.687815642	0.155780003
0.17234763	0.218123445	0.854381339	0.582080416	0.992154962	0.182945358	0.6325305	0.261254455
0.3788918	0.304796941	0.906130875	0.576754578	0.881224665	0.128868136	0.01052222	0.406720898
0.702999358	0.192497552	0.259218857	0.624401133	0.566464404	0.308688668	0.813569549	0.12936084
0.164885261	0.135494835	0.359168414	0.700122587	0.871912042	0.259678337	0.479291561	0.135894116
0.557205383	0.206848273	0.894090591	0.534622461	0.650817672	0.259842024	0.987950325	0.539057738
0.809576082	0.325124453	0.860203391	0.45864261	0.504854765	0.608451561	0.199222133	0.009632463
0.590851457	0.112008212	0.07016031	0.490318989	0.779815502	0.144182556	0.824243412	0.006171822
0.148634419	0.365938217	0.009195397	0.610043897	0.503244911	0.759646913	0.697298747	0.01904417
0.933054855	0.2549488	0.989978757	0.591901784	0.594088738	0.705857506	0.234658667	0.175288802
0.411959255	0.252097504	0.103855148	0.523611439	0.932533723	0.674988847	0.661653458	0.217111104
0.820214782	0.158729611	0.998522039	0.498909171	0.673667014	0.19938083	0.67143833	0.528168934
0.435070649	0.175839921	0.165545856	0.504065799	0.549892085	0.039983925	0.73282531	0.323637074
0.712557245	0.182396291	0.61512808	0.641953489	0.882875906	0.692434705	0.597325882	0.330323184
0.046148954	0.171522277	0.741170478	0.558831855	0.894476048	0.948084979	0.928554333	0.099341249
0.620025819	0.183668279	0.356769173	0.512410912	0.971866627	0.942968053	0.946415786	0
0.51598411	0.407832601	0.484979609	0.478791943	0.756872156	0.069225541	0.659585721	0.151755481
0.709783446	0.154790841	0.244625733	0.524842937	0.716710301	0.926427576	0.618379939	0.491592609
0.908388808	0.101033002	0.561132196	0.594520115	0.825241638	0.419641661	0.795791793	0.072686992
0.241973575	0.143434859	0.946450347	0.503580751	0.943143824	0.956512198	0.388935382	0.306884296
0.830381191	0.253994637	0.849075055	0.637895996	0.625783381	0.320931505	0.994635445	0.249734032
0.244195125	0.268481057	0.592940325	0.482066886	0.820886801	0.713134652	0.11380042	0.241923854
0.090715482	0.184361659	0.705550876	0.573881444	0.568695646	0.86455874	0.438764058	0.072220026
0.377878481	0.248886976	0.598042217	0.675371263	0.577960157	0.961484953	0.101861534	0.240706802
0.424424919	0.351886494	0.22505231	0.56345841	0.707672021	0.025659921	0.972959185	0.071617725
0.274464355	0.266216079	0.289206022	0.507916093	0.754688302	0.573278863	0.934056238	0.542547038
0.230646703	0.331298321	0.481774716	0.547837802	0.717021208	0.351138475	0.679847928	0.549543566
0.109021252	0.238166462	0.313406741	0.734680883	0.569092871	0.770939343	0.865639338	0.537235647
0.199198731	0.131036574	0.024484949	0.537583796	0.816694918	0.135771635	0.310952052	0.302748366
0.325576951	0.206039698	0.20699449	0.502573039	0.766680627	0.542568301	0.134983432	0.07916434
0.222822462	0.204299053	0.389974169	0.575027085	0.517139896	0.638376914	0.064958509	0.533539509
0.167457818	0.169287981	0.515173222	0.618320311	0.495255831	0.310221143	0.820547525	0.209068619
0.406704125	0.328524174	0.935312851	0.617426375	0.516857164	0.989275402	0.567096235	0.445422283
0.898852232	0.288461211	0.394911778	0.545059768	0.723317462	0.323291184	0.595824723	0.202775655
0.927184586	0.124737755	0.967721514	0.581048435	0.645917582	0.58226524	0.586048981	0.212850326
0.16183149	0.210064401	0.72886996	0.557622528	0.793403805	0.99473663	0.104016374	0.420018281
0.945219213	0.205420873	0.696874874	0.550335787	0.660059345	0.691122952	0.382919406	0.431922327
0.565288683	0.172607324	0.136027248	0.631774155	0.785082273	0.660961619	0.136680368	0.455831891
0.357731811	0.184157012	0.021040989	0.476383465	0.716743391	0.131880729	0.860859475	0.266343396
0.47901408	0.052993265	0.130676123	0.578981908	0.791927694	0.704836384	0.567594604	0.175639341
0.77585441	0.146538397	0.253833947	0.60565417	0.738301812	0.274518143	0.230226442	0.280144216
0.766379182	0.199302924	0.021536923	0.614632366	0.957994193	0.56036907	0.883151251	0.073257902
0.851927446	0.022200672	0.895047003	0.553580096	0.96766423	0.907644843	0.007349479	0.159601675
0.338452609	0.28490209	0.550745118	0.604172485	0.759662599	0.921594496	0.357453319	0.114883744
0.511152383	0.098365344	0.015643041	0.521260313	0.801209517	0.335308377	0.882009071	0.07458538
0.26519828	0.217296797	0.452838904	0.584365858	0.969641771	0.390728339	0.963338021	0.2580871
0.633849543	0.124065196	0.323671284	0.644043484	0.559392911	0.572317221	0.233518694	0.385195072
0.878703058	0.222730276	0.670529039	0.502146927	0.534334569	0.837312118	0.847250003	0.212311358
0.951310298	0.354883804	0.364697815	0.52782692	0.94797903	0.40800234	0.133939265	0.144962309
0.587048991	0.200752273	0.956686017	0.593898869	0.744480008	0.032554151	0.730060242	0.150685892
0.225927354	0.170741182	0.970804818	0.551915321	0.946867839	0.459321871	0.534451795	0.274905199
0.41902975	0.273096167	0.22243974	0.664412748	0.896612583	0.114104089	0.856958547	0.537222877
0.644892597	0.243011701	0.263489828	0.542712226	0.677795923	0.216734125	0.569965782	0.083988225
0.619990804	0.22325069	0.947506551	0.622632509	0.555957595	0.371473543	0.603088225	0.406787585
0.722147335	0.241535257	0.910645919	0.537519741	0.756652375	0.149181797	0.174952058	0.284773157
0.765992677	0.140596379	0.285133275	0.497802329	0.751343502	0.375867482	0.4852448	0.183264796
0.807488209	0.316408476	0.932598945	0.624678778	0.996020795	0.724830165	0.839951619	0.395471599
0.602894543	0.220686533	0.772311626	0.499458699	0.702953308	0.310434796	0.255786478	0.162236738
0.452706396	0.329450173	0.461213446	0.585588249	0.521663183	0.792690109	0.56077128	0.014331668
0.002846007	0.230814225	0.963866396	0.484947159	0.778724242	0.24606226	0.273853996	0.305820993
0.467099032	0.133492888	0.394368516	0.496739103	0.714078424	0.608604933	0.402549889	0.394458559
0.460931959	0.263714987	0.259311071	0.572801997	0.999735232	0.682353582	0.422770731	0.409679954
0.164968852	0.180828352	0.384315775	0.53231325	0.932864046	0.204662516	0.515075446	0.036578614
0.584779168	0.248693008	0.324184607	0.493960665	0.70798884	0.915207778	0.068210956	0.367670557
0.222714103	0.10284886	0.788111705	0.615847862	0.797930043	0.332084238	0.249615159	0.482389686
0.577108462	0.203153091	0.551703239	0.574392859	0.840066447	0.470142767	0.509919718	0.118006056
0.03691148	0.256624429	0.983022855	0.54674318	0.902258767	0.746835357	0.760819668	0.513789967
0.813936148	0.448253392	0.530677812	0.691899892	0.838539507	0.160753224	0.791340374	0.315977511
0.337972051	0.326825216	0.794161572	0.572779551	0.611691014	0.227187949	0.677045041	0.096651673
0.567887683	0.247572265	0.214551736	0.543958468	0.773673806	0.408039896	0.120391793	0.325447945
0.030439361	0.053894807	0.850702575	0.506048367	0.666103411	0.709329428	0.356250388	0.275706656
0.477645517	0.149767228	0.658902805	0.676369579	0.544151435	0.066588379	0.066572642	0.529169947
0.178261709	0.181774026	0.128833324	0.562638616	0.988524506	0.521997858	0.273755971	0.51873813
0.74282429	0.266685981	0.808595375	0.570256179	0.974043457	0.203851281	0.492500671	0.400913066
0.298041195	0.170328098	0.05033419	0.578704219	0.963553729	0.247432708	0.830834382	0.008950071
0.181665641	0.287333848	0.596076888	0.565917942	0.950837175	0.471456099	0.71296383	0.331318483
0.430018934	0.164394916	0.255008141	0.548666357	0.915141833	0.384000413	0.216781798	0.228181774
0.767301346	0.137625665	0.660831738	0.600812927	0.91920222	0.522296693	0.311512551	0.363365245
0.184157182	0.243500876	0.111961506	0.647542392	0.907259936	0.240328535	0.949809169	0.039484778
0.167948299	0.320948637	0.281833376	0.566249917	0.572431175	0.620544523	0.626668501	0.368990392
0.80080164	0.263129167	0.365062546	0.505491163	0.739518208	0.184792726	0.440560918	0.154098492
0.04835862	0.151517733	0.995999189	0.533477302	0.946407389	0.691038282	0.499177404	0.50590226
0.83189064	0.264935734	0.691172273	0.503181834	0.659000423	0.905892829	0.604525269	0.151076116
0.857040806	0.164485663	0.484318532	0.590963911	0.661262019	0.695458032	0.742264984	0.369746559
0.598901626	0.170645156	0.222933743	0.574293165	0.620364482	0.563539774	0.654505572	0.524779356
0.964641825	0.200001123	0.35238685	0.618507071	0.675453098	0.281287145	0.456432228	0.2881379
0.739152608	0.292292688	0.414383387	0.544420185	0.569613346	0.119940744	0.833045283	0.476077494
0.987382175	0.191006724	0.814420839	0.590380848	0.714961616	0.141739559	0.558944528	0.020870615
0.366802927	0.200698718	0.448961256	0.508532183	0.995894368	0.808339888	0.613827571	0.443709687
0.177923353	0.269690933	0.144093178	0.537863818	0.788486898	0.587148153	0.355425387	0.271251314
0.805784309	0.152575455	0.904860135	0.69667413	0.544270572	0.14230347	0.998051629	0.041423142
0.19508996	0.210908272	0.53385854	0.565278976	0.55157206	0.928446263	0.801169232	0.350208818
0.94124175	0.367571322	0.275027297	0.555656508	0.630599968	0.533930599	0.423541951	0.313464694
0.038985406	0.168946288	0.111456749	0.564759178	0.653385882	0.094648625	0.003731293	0.221799222
0.542035358	0.202282471	0.816774769	0.589926122	0.95067458	0.713070863	0.347999686	0.341169289
0.839945538	0.089502044	0.988909283	0.546223356	0.924251291	0.341534172	0.160703946	0.357447106
0.390657658	0.158703516	0.283417218	0.483428119	0.590598908	0.015966695	0.534937825	0.139750977
0.200198068	0.271176543	0.468784386	0.620398206	0.520214709	0.956703036	0.986756284	0.352624151
0.532607666	0.215806371	0.056348794	0.650816422	0.494178895	0.724986821	0.70446367	0.182669994
0.920083086	0.284873597	0.246033193	0.581559497	0.966410018	0.562766887	0.847392706	0.134697219
0.259453535	0.380038409	0.96331247	0.605488343	0.593205543	0.271453571	0.735884487	0.012240221
0.934190546	0.129318182	0.160918867	0.593364046	0.841407458	0.419284486	0.36229048	0.216988593
0.673668277	0.162058316	0.282485815	0.646571839	0.53085722	0.213463617	0.804408282	0.220753626
0.902048286	0.132517504	0.409325155	0.621284653	0.793151914	0.758462645	0.588174004	0.100824691
0.592475472	0.269756735	0.966872251	0.607759793	0.957041343	0.628235048	0.697864789	0.016092873
0.540776613	0.332524994	0.859092457	0.524448324	0.727095458	0.846274156	0.073398233	0.404006411
0.381703687	0.28216899	0.642175834	0.583422867	0.552372272	0.535801503	0.005440369	0.096181526
0.685792069	0.171767398	0.252981511	0.458157962	0.499075906	0.871722143	0.051883756	0.070241133
0.044027705	0.187154416	0.515501308	0.491009445	0.666052456	0.88380923	0.909525072	0.39587412
0.015491338	0.189648564	0.11024949	0.612368396	0.92806848	0.783125541	0.18534833	0.48720195
0.036752183	0.223773199	0.585877867	0.540645989	0.566112512	0.588401895	0.240109411	0.120074864
0.20289471	0.228492862	0.090255224	0.652279645	0.983469638	0.522109582	0.240464437	0.341918325
0.04678423	0.119755272	0.970696811	0.541290752	0.490807541	0.428353953	0.864417233	0.536400137
0.954452765	0.38371183	0.95136924	0.411746874	0.703097309	0.409597226	0.694137273	0.3393503
0.977359126	0.275806803	0.90557565	0.517953716	0.675781669	0.886193381	0.946920525	0.313817966
0.036895868	0.247793962	0.530040944	0.642374132	0.762571976	0.883385589	0.761300673	0.336171721
0.773904249	0.15828195	0.219889551	0.571668151	0.785041829	0.720736175	0.534608504	0.42240334
0.527917377	0.133873396	0.657429595	0.451635369	0.71947048	0.382808938	0.743380867	0.260113311
0.966581881	0.243573963	0.778599117	0.579824647	0.916919752	0.075230438	0.300964881	0.087394955
0.912678217	0.059536706	0.007678459	0.528195275	0.725653034	0.765944059	0.524010964	0.380087484
0.352080289	0.235745276	0.197501528	0.654921928	0.797571213	0.755348806	0.323479951	0.390867535
0.829680576	0.310962215	0.890407639	0.526694831	0.586578303	0.122263051	0.836449281	0.133812983
0.688521884	0.308487936	0.336849242	0.555265439	0.87041172	0.955147469	0.190490626	0.17606675
0.802577943	0.180298296	0.336400974	0.573784734	0.856702124	0.68237627	0.465905565	0.17036946
0.627070139	0.201049704	0.82050147	0.547057603	0.952236538	0.512475328	0.594722376	0.118092348
0.507370957	0.242283169	0.322985904	0.59429345	0.603208188	0.882433183	0.284823213	0.427083817
0.588323307	0.13623489	0.022699052	0.599872486	0.845400791	0.908270122	0.814267615	0.194906677
0.479078127	0.245884126	0.773639055	0.501572788	0.689986884	0.513560828	0.498727094	0.217299894
0.066915993	0.287581653	0.180940393	0.556271806	0.64157969	0.490059274	0.123527058	0.367581797
0.952041928	0.206105496	0.482641941	0.553477807	0.923315843	0.772904179	0.313135535	0.015859726
0.71380833	0.108203912	0.838035982	0.521562973	0.92965473	0.571345384	0.546842886	0.239664964
0.29524529	0.201566652	0.958911158	0.532421829	0.71945985	0.505877202	0.848845487	0.118648342
0.838354109	0.240358921	0.35455435	0.544359769	0.744674982	0.355441228	0.498326434	0.018416231
0.054659579	0.119164938	0.703660281	0.586288733	0.984670331	0.240278673	0.385803638	0.223918204
0.270359971	0.238780671	0.721426027	0.536543861	0.658395709	0.684363047	0.68288461	0.105297792
0.053414076	0.266549301	0.893961106	0.648940064	0.541776248	0.926114492	0.207621361	0.464836101
0.413482966	0.223972346	0.373654158	0.538319718	0.63128136	0.916755924	0.172592774	0.149140519
0.174913503	0.087465109	0.524289302	0.619508407	0.728411843	0.185075712	0.101538633	0.413069064
0.600463334	0.305645907	0.538979588	0.632255464	0.769619721	0.739527542	0.086890801	0.290132492
0.281804259	0.155044169	0.184177813	0.557665057	0.773318596	0.311881942	0.525067417	0.216924133
0.501764144	0.205608366	0.979751182	0.588063977	0.887703606	0.736701134	0.036941259	0.189592913
0.318687991	0.181365616	0.710678412	0.430332557	0.972463871	0.795230264	0.295160928	0.352184662
0.896493488	0.293980862	0.012104981	0.683546996	0.494086959	0.794582731	0.39509274	0.550454166
0.679459983	0.07704755	0.689793487	0.635911467	0.69316447	0.649268988	0.438266907	0.4045482
0.577840315	0.208947097	0.066630356	0.545771778	0.988433573	0.591087728	0.736285195	0.552769212
0.270437645	0.166452894	0.551064397	0.494465615	0.918209595	0.229694079	0.494844762	0.276002183
0.597947306	0.341458505	0.975459873	0.568782286	0.721890258	0.887928638	0.417919084	0.172169436
0.628053392	0.275454591	0.622777433	0.631494953	0.894945623	0.484417536	0.849544304	0.420397066
0.737168039	0.182723888	0.758634877	0.621861532	0.804852223	0.066108935	0.565089068	0.511441194
0.585467485	0.203525756	0.772327348	0.551288431	0.681705194	0.683687354	0.61930376	0.337775816
0.308093839	0.275365677	0.925962108	0.599026946	0.652345867	0.355066309	0.548188577	0.388358944
0.198651901	0.21553714	0.865723154	0.507317718	0.537362017	0.529683768	0.574717139	0.095490556
0.432484506	0.169415281	0.300263426	0.462557375	0.721167751	0.308323944	0.725213167	0.521607514
0.168137608	0	0.44823041	0.672203042	0.541406598	0.313073065	0.994806739	0.039641873
0.382338491	0.291325942	0.866362319	0.521445025	0.744621784	0.553317253	0.394751952	0.339989654
0.076504668	0.153679887	0.361779191	0.549902617	0.723223855	0.526464962	0.078679295	0.250059657
0.310814114	0.176548247	0.772481621	0.511133984	0.81852952	0.628937829	0.148712299	0.018595888
0.576072089	0.255128787	0.560410756	0.621876215	0.69837703	0.156607475	0.264501218	0.147142667
0.245230599	0.113289102	0.935241906	0.636645326	0.776231784	0.914013388	0.03899097	0.311413215
0.412367045	0.182298098	0.257468204	0.519426404	0.803830382	0.239459145	0.391748382	0.525087938
0.693647223	0.28994073	0.282882036	0.443098338	0.554570389	0.037279493	0.882736079	0.160086511
0.122381639	0.226268056	0.92883474	0.549704393	0.533237558	0.045551319	0.309166444	0.388031811
0.621542602	0.250998517	0.109624623	0.561333449	0.940698547	0.729473924	0.636027894	0.535762869
0.853858044	0.119429561	0.435555408	0.53319703	0.57778577	0.154263751	0.466781151	0.154581737
0.094614563	0.337956259	0.624626053	0.488188758	0.833728809	0.310656665	0.878716053	0.360077151
0.389291035	0.294588557	0.252105185	0.568312215	0.852294171	0.034013612	0.589625393	0.11666191
0.309538821	0.187331297	0.640693308	0.553575442	0.523865941	0.294761818	0.316374907	0.278296997
0.422915868	0.190037552	0.393280709	0.63328137	0.682318552	0.244542329	0.822385622	0.455748791
0.500060946	0.208335471	0.084764546	0.544960432	0.550000232	0.384275031	0.842031447	0.377510953
0.836233924	0.285333411	0.688720896	0.592927131	0.781696147	0.499675989	0.719379676	0.259979884
0.020402459	0.1835058	0.844892565	0.652650033	0.788545337	0.450880891	0.473183337	0.123435553
0.237646246	0.152873181	0.119855175	0.652478465	0.684404343	0.244198829	0.081259635	0.132145195
0.900481992	0.078936152	0.01738595	0.598690567	0.675288289	0.964840807	0.978948872	0.118047026
0.704720435	0.103984072	0.578998748	0.524673104	0.561672782	0.783313058	0.856660297	0.223932442
0.266209207	0.277858609	0.06210564	0.597392786	0.637649333	0.411623686	0.044719815	0.303038853
0.776355963	0.218071206	0.483206984	0.539011259	0.705030021	0.975314658	0.181823542	0.365950025
0.6573344	0.211484964	0.823207453	0.643536027	0.911309391	0.450647673	0.05035712	0.016945502
0.936678979	0.27353937	0.657380112	0.668668728	0.712377691	0.467620244	0.630755261	0.050748246
0.037168711	0.216062972	0.476813683	0.670194642	0.81688678	0.751121568	0.073918596	0.297075521
0.019370746	0.115050014	0.031359311	0.613335039	0.563757263	0.156102707	0.388642713	0.323566242
0.535371479	0.284006953	0.155371623	0.5290873	0.636511361	0.859328605	0.144869184	0.242346068
0.061145433	0.30072925	0.061708418	0.635354271	0.498926431	0.461574	0.808411684	0.286212211
0.872449483	0.199921146	0.757079491	0.530738545	0.571682958	0.048053673	0.671315752	0.182550252
0.596166954	0.185278267	0.324186025	0.532711755	0.725470467	0.967143969	0.104793649	0.044276081
0.988731464	0.299265382	0.452894244	0.645589132	0.943755658	0.21659907	0.813306495	0.123977355
0.416625714	0.156138451	0.52926751	0.481963872	0.813907298	0.543474441	0.284211366	0.529697318
0.738933502	0.128984782	0.311558154	0.613049136	0.592888228	0.269003807	0.310324565	0.544981268
0.128509564	0.314791766	0.07926641	0.618881575	0.825527083	0.314658774	0.965079933	0.452852624
0.520925183	0.221717528	0.761390243	0.619405332	0.770167829	0.30417407	0.261279109	0.412636204
0.730477649	0.311772595	0.683342193	0.499889274	0.758009782	0.932032108	0.550685088	0.099519713
0.897305353	0.292488431	0.283151866	0.452046612	0.745373733	0.265754565	0.314190155	0.157657617
0.131067429	0.341553413	0.06691707	0.477179498	0.500772207	0.012034031	0.480176071	0.079688307
0.212966116	0.265654591	0.25972697	0.647722455	0.97553177	0.753874711	0.197687688	0.428582156
0.840159715	0.213713554	0.87672443	0.444502574	0.550896965	0.071055866	0.826956678	0.491239931
0.768299511	1	0.260295675	0.838061138	0.718072653	0.921057884	0.244618619	0.777464642
0.15674924	0.559462077	0.57364379	0.984408776	0.731850782	0.242499942	0.303404224	0.815679684
0.623475229	0.439962343	0.148798847	0.82280093	0.508577005	0.094918045	0.602618024	0.780148941
0.163770383	0.485142375	0.556439851	0.902858802	0.697609688	0.234441336	0.8970771	0.861249291
0.662547625	0.519681303	0.037494554	0.808151868	0.712548207	0.830226083	0.697263476	0.887101149
0.740864835	0.810326341	0.444620478	0.815182132	0.891545077	0.398777334	0.524796705	0.808032161
0.445385174	0.481017383	0.366972256	0.827500738	0.974582188	0.975008589	0.200923306	0.858791388
0.089789173	0.729353477	0.103983916	0.724984504	0.872836275	0.069660721	0.660094458	0.849492302
0.23715129	0.587159037	0.78594621	0.817606795	0.781941859	0.492689878	0.543800242	0.79672321
0.978409291	0.387612351	0.384248268	0.819136972	0.981328064	0.535810356	0.528965087	0.811286631
0.642745438	0.396325504	0.008367852	0.825255523	0.54710975	0.031117124	0.300280226	0.796181242
0.420689779	0.447820998	0.281998985	0.886179287	0.953623687	0.778069985	0.045272329	0.882680699
0.188999159	0.358718842	0.471935193	0.892353199	0.915691817	0.258887798	0.647879461	0.825864152
0.219370907	0.253077456	0.856300391	0.858098456	0.720254841	0.28363	0.061089509	0.813048824
0.335806495	0.688245484	0.27140592	0.959363358	0.712161219	0.835870136	0.405499237	0.796047883
0.75887333	0.788234219	0.223104276	0.956006632	0.953127247	0.566106229	0.494919029	0.781738414
0.481821674	0.325234008	0.218462064	0.918474891	0.56680037	0.739803045	0.141806426	0.891720211
0.049169465	0.65099495	0.732947419	0.856651088	0.721770026	0.375394733	0.794771863	0.822574022
0.167422839	0.354484312	0.87512354	0.896293638	0.836268346	0.095921076	0.179035763	0.81580025
0.655532441	0.85104188	0.512188653	0.813036064	0.876573552	0.810413311	0.770966796	0.769824404
0.228596252	0.821770047	0.783645708	0.857163805	0.766296805	0.046305521	0.133823459	0.764875899
0.863452411	0.676756413	0.617460443	0.883766929	0.777574856	0.211159428	0.437923596	0.959835829
0.277965868	0.841679564	0.377667265	0.856368083	0.717177927	0.348631149	0.685018475	0.761999263
0.190997465	0.59009583	0.97382836	0.86788879	0.749952392	0.868271785	0.319362223	0.806143138
0.482733709	0.324201875	0.054186	0.909628813	0.631535884	0.294202744	0.195354659	0.765190119
0.236550046	0.803694372	0.253868595	0.861123222	0.987822908	0.301532286	0.379926182	0.847500584
0.899071057	0.997356725	0.029253003	0.873670086	0.578929642	0.453728135	0.568311982	0.772312094
0.511923499	0.912041498	0.325601625	0.836152457	0.970070677	0.346666451	0.151889562	0.790841765
0.420740351	0.484906045	0.072490345	0.837616786	0.552536741	0.142898196	0.829293489	0.947913737
0.782932068	0.89464793	0.43927935	0.940303479	0.508440685	0.889851779	0.907203734	0.92781692
0.055722155	0.299081591	0.035673189	0.8532437	0.807243926	0.667434928	0.214419976	1
0.111587414	0.319909049	0.556720668	0.828467713	0.60829235	0.181238488	0.253159802	0.726546162
0.201896698	0.616522398	0.206193121	0.84784517	0.607842083	0.761149538	0.429742458	0.890205898
0.624452082	0.428278318	0.15958078	0.894026218	0.85008816	0.613566384	0.169963588	0.750622848
0.30487735	0.442330005	0.497848961	0.815405451	0.911915531	0.815729837	0.701701677	0.751639983
0.560816767	0.692947521	0.736505512	0.819229442	0.71861162	0.038126214	0.816091434	0.783140112
0.948931892	0.968223219	0.367823869	0.821058261	0.522149966	0.213070685	0.599686045	0.853479945
0.122360791	0.63795985	0.494339681	0.783581236	0.863842643	0.556514078	0.624156691	0.801939163
0.384520044	0.542483275	0.685533726	0.938606982	0.712376923	0.19492357	0.164820478	0.812432124
0.493744825	0.629130095	0.938074749	1	0.856037862	0.719138242	0.864542095	0.800198499
0.508607512	0.343335103	0.955847975	0.84057249	0.572909838	0.047261138	0.377477687	0.861818374
0.610513933	0.313776601	0.453848532	0.80102318	0.909806732	0.803899928	0.677065962	0.767861004
0.910302257	0.565884804	0.469339963	0.789388711	0.949950035	0.75959961	0.50199492	0.829272592
0.434103973	0.648159651	0.501333916	0.910629177	0.900712382	0.122343035	0.426858485	0.862041678
0.972590139	0.689711677	0.953004858	0.797996572	0.719070851	0.028809016	0.717439198	0.797292229
0.954180716	0.566864609	0.295636882	0.827865134	0.91449042	0.693947774	0.103093088	0.882397503
0.509733053	0.433029823	0.089171626	0.884000382	0.717118323	0.991795421	0.174639269	0.795288762
0.627387353	0.279376967	0.246532979	0.901971261	0.609504715	0.957006383	0.530407076	0.876554801
0.276132178	0.383412471	0.17761275	0.851034013	0.746135883	0.000796468	0.719232216	0.879702747
0.832544439	0.702463945	0.396488937	0.832095262	0.929470677	0.274900115	0.560922931	0.822023008
0.765051404	0.538704619	0.676330892	0.79114501	0.936609241	0.885496459	0.830777023	0.87105661
0.263725003	0.741820443	0.386924536	0.862908419	0.594758059	0.851040839	0.047630418	0.8273486
0.706734445	0.70913803	0.362987013	0.863761622	0.80014671	0.253146714	0.755246905	0.78760929
0.985861125	0.550899571	0.679804024	0.890080671	0.927553878	0.163965092	0.018360516	0.918133244
0.432285823	0.987082302	0.726067546	0.833071262	0.758899549	0.305212944	0.565777117	0.872516352
0.7154699	0.921258138	0.251665339	0.799241643	0.796820861	0.305871508	0.5498657	0.86801875
0.529106456	0.714601246	0.896262877	0.878550339	0.78756632	0.299026287	0.321174711	0.883210316
0.021881125	0.436922625	0.788269873	0.970300933	0.920549735	0.637908685	0.625959867	0.890142359
0	0.574106734	0.006548955	0.825636989	0.606840186	0.617000298	0.302682436	0.825493233
0.919665241	0.867406033	0.163682259	0.832713545	0.808446066	0.424560316	0.861801578	0.861696802
0.970927878	0.930280391	0.037591475	0.785906558	0.621820594	0.69936337	0.366602219	0.809685049
0.140131282	0.379696806	0.976393916	0.886242206	0.684279652	0.882774502	0.365181222	0.803111885
0.580468432	0.577785341	0.031211874	0.784873612	0.629727313	0.390815649	0.597538067	0.762661937
0.509634764	0.722144254	0.233848183	0.72859854	0.825256224	0.864853328	0.552857821	0.815294635
0.023048391	0.564757574	0.133714496	0.837078483	0.872662104	0.638757574	0.693162701	0.817833274
0.896414526	0.370481841	0.391204178	0.831289279	0.583361958	0.89315238	0.765569529	0.826381404
0.232413273	0.30217928	0.947573349	0.891788415	0.61805087	0.967867631	0.201363988	0.859489998
0.397552213	0.394485039	0.20162138	0.941448809	0.7663405	0.246281072	0.149658628	0.928986803
0.364747462	0.6263354	0.684721652	0.898800481	0.673136446	0.116547235	0.052445094	0.912848704
0.063499739	0.343537862	0.869714131	0.908679165	0.73988981	0.619254036	0.105317184	0.844112457
0.037964211	0.846242823	0.676415533	0.827379156	0.501941871	0.812821555	0.846623638	0.828213206
0.912646337	0.711879986	0.185779947	0.802608548	0.557364346	0.688665393	0.067869958	0.843633827
0.082294844	0.912189981	0.633199125	0.805591614	0.493313654	0.15780341	0.450034524	0.786463594
0.660118207	0.299021055	0.004826124	0.787104878	0.849750037	0.574707986	0.13427884	0.758871605
0.075732893	0.827788506	0.551527807	0.879062261	0.866852654	0.819995927	0.279191121	0.83976379
0.203430575	0.739568192	0.841973954	0.792224256	0.560059811	0.835427599	0.020703591	0.808569895
0.852097686	0.706472805	0.595848971	0.829902112	0.525422093	0.285897021	0.438732689	0.781771211
0.400343798	0.515134894	0.520388425	0.837318015	0.537365282	0.080458432	0.715288755	0.889427906
0.301458486	0.724745429	0.485549794	0.888260417	0.678580361	0.365855053	0.460114552	0.826820336
0.912937789	0.344375231	0.58396429	0.775574561	0.7902752	0.085411087	0.400806475	0.803686097
0.084854766	0.330946689	0.468595917	0.866779385	0.860830009	0.662082259	0.274011412	0.86044013
0.901162527	0.717179944	0.732032481	0.815917735	0.863610507	0.808059326	0.152584243	0.84723434
0.204760957	0.796938537	0.662474955	0.797086155	0.853402393	0.756700483	0.088803728	0.861087395
0.824467165	0.292662347	0.490130255	0.738849493	0.742628546	0.445484568	0.762080907	0.776596129
0.030129033	0.308884791	0.717868692	0.765499453	0.805118972	0.229874474	0.732519029	0.863800087
0.481837351	0.317980243	0.956947017	0.793002874	0.569297016	0.644260765	0.816521995	0.828951215
0.051512783	0.299102097	0.669726613	0.796812518	0.770496047	0.952585256	0.674032483	0.797269964
0.070328644	0.34508012	0.65947471	0.908293942	0.640355852	0.742469607	0.342512237	0.847399242
0.615333762	0.455176937	0.914717	0.875066739	0.951260958	0.115386133	0.559520437	0.917099155
0.471698998	0.310827189	0.270132663	0.923115042	0.778960165	0.315423773	0.655528006	0.809402843
0.223262982	0.686616951	0.233602528	0.977709109	0.878191597	0.722772022	0.49710517	0.863090114
0.612820227	0.327347407	0.726170311	0.841716822	0.605805722	0.865169514	0.317892882	0.858035433
0.015947234	0.896724073	0.564733647	0.813109766	0.490841138	0.286903918	0.850496188	0.992779289
0.122721064	0.547686718	0.903800127	0.849623665	0.766144857	0.498098765	0.592234061	0.7867579
0.096598886	0.889673532	0.149096462	0.903262398	0.945406764	0.929389133	0.411123907	0.911811579
0.869797767	0.751991617	0.72289511	0.881375465	0.911123778	0.53080654	0.303286243	0.867374282
0.925769606	0.836782793	0.257760981	0.843168811	0.967783556	0.658211735	0.906950795	0.827448182
0.130613334	0.391643212	0.889140809	0.862028981	0.533924824	0.129468863	0.394157859	0.788585233
0.867560939	0.783051185	0.596975067	0.838980179	0.696604788	0.855395105	0.741931256	0.774912219
0.724484682	0.34594408	0.107188937	0.8274425	0.689114465	0.216733499	0.616010604	0.880125365
0.735596812	0.376624033	0.04909576	0.859125404	0.720148803	0.25016892	0.964180423	0.892548443
0.540865627	0.565457869	0.933091357	0.84746955	0.862747293	0.87504515	0.519786127	0.803918488
0.176548367	0.491237978	0.172443857	0.859911718	0.993540477	0.599104858	0.248568121	0.79453191
0.684620278	0.548241135	0.844333549	0.854107559	0.911676012	0.085879956	0.3901107	0.743385271
0.507596341	0.573916489	0.076145217	0.86942688	0.854802337	0.838005373	0.868599124	0.855424546
0.956314365	0.507535753	0.952821377	0.865156842	0.903953494	0.07094933	0.380372	0.813537244
0.627983837	0.584006184	0.608069013	0.793900046	0.515194155	0.249941587	0.059719078	0.875593629
0.205781843	0.6810306	0.626159048	0.812508749	0.746496123	0.919960244	0.021219724	0.797637923
0.617125221	0.467471602	0.055966382	0.892323744	0.819404487	0.959047932	0.216319906	0.821901703
0.049656196	0.812436871	0.562298055	0.840560863	0.875894834	0.667711969	0.725797256	0.819472306
0.678455098	0.886214309	0.057480553	0.909480624	0.79113889	0.752229715	0.211458712	0.732179932
0.415927111	0.3988627	0.314243246	0.95053265	0.866289124	0.025620243	0.892867308	0.785205924
0.839280445	0.964188318	0.405992899	0.925543899	0.86010241	0.741562435	0.632367056	0.886717265
0.845102935	0.499651918	0.479185621	0.8725779	0.899200071	0.668545375	0.510692216	0.798110381
0.308786149	0.857632234	0.656555007	0.854641852	0.740506676	0.720658933	0.655979457	0.772958428
0.95494017	0.860287987	0.879176505	0.828433171	0.825785219	0.463199202	0.72742062	0.825926081
0.617025082	0.735134456	0.608646261	0.855831797	0.936340229	0.038242239	0.877320613	0.85429096
0.354240603	0.477585325	0.871447417	0.844384102	0.569100859	0.824075911	0.118201886	0.937382391
0.336145998	0.577384993	0.22556112	0.845429147	0.985771959	0.050948539	0.199613635	0.833179449
0.308597192	0.387205358	0.754670019	0.899517436	0.804450621	0.705687697	0.612626495	0.814794294
0.561223526	0.468265092	0.866837313	0.809971543	0.764212488	0.456629733	0.096648398	0.828606708
0.16503746	0.485519618	0.054796362	0.880290011	0.857050323	0.997869861	0.297116049	0.957343762
0.202431327	0.297060699	0.033053523	0.900752332	0.817574391	0.255403052	0.191488172	0.806839746
0.590946286	0.705565219	0.534644633	0.803466016	0.660265511	0.043467933	0.334067593	0.930882448
0.413210555	0.893400759	0.51043465	0.883419295	0.842868543	0.691459159	0.173755722	0.962513511
0.51876454	0.471716704	0.995422391	0.820896325	0.760079622	0.525782847	0.49760724	0.919286558
0.615274807	0.916227592	0.49336119	0.838352946	0.774427412	0.654492646	0.082453347	0.862252388
0.454769895	0.594641311	0.749327237	0.860146535	0.706319495	0.717652665	0.39077451	0.873498433
0.797827099	0.559962304	0.04835623	0.920477194	0.825049977	0.345880002	0.874496215	0.93523492
0.774262517	0.448427334	0.736527093	0.808011407	0.694580336	0.830601943	0.988274931	0.817868914
0.592188055	0.635747102	0.773903584	0.834534359	0.657878194	0.795728002	0.740106947	0.846744089
0.47768144	0.61266951	0.525246287	0.84775663	0.820816169	0.435710354	0.503672515	0.802762848
0.707026932	0.358661928	0.66065349	0.870113066	0.858065249	0.659944625	0.191796835	0.889429692
0.968304193	0.88328032	0.193006099	0.931059335	0.990602547	0.359483051	0.994730488	0.82954397
0.144606589	0.514142829	0.497553192	0.841848303	0.550165353	0.256821005	0.609247405	0.952693209
0.55888295	0.912610472	0.00132553	0.885535925	0.945111209	0.906586986	0.063458427	0.90391219
0.361915843	0.784544064	0.224343005	0.803431023	0.893898968	0.195627093	0.593486478	0.823224124
0.627501699	0.339353619	0.287268403	0.831980872	0.657416506	0.887169671	0.035503865	0.785307438
0.431446413	0.931385669	0.45042464	0.82333054	0.806491226	0.553221752	0.814947867	0.800963686
0.366423958	0.320474877	0.399628468	0.830311961	0.812122824	0.284108715	0.712240232	0.723434078
0.143680747	0.554671646	0.502640736	0.843778479	0.793065357	0.643292001	0.141016925	0.915275919
0.131913844	0.655652757	0.564658158	0.830375693	0.87685823	0.757278178	0.769406788	0.865996104
0.179856448	0.991086069	0.792461447	0.936810045	0.947215636	0.980054983	0.532672866	0.851861196
0.120034802	0.547474467	0.604935053	0.777927775	0.813898636	0.523106816	0.946629219	0.795793962
0.702610133	0.811097988	0.909311836	0.846153953	0.579073184	0.339794497	0.205086522	0.865520669
0.034769023	0.627074204	0.663303626	0.814363108	0.595485511	0.31637806	0.813156702	0.845831509
0.587705895	0.886418851	0.208565713	0.972045319	0.560292399	0.526668341	0.559389373	0.934354698
0.074244753	0.277064645	0.191005577	0.853448512	0.689967216	0.059224666	0.570918867	0.817616131
0.972225408	0.542523722	0.986872923	0.834849685	0.721027188	0.021128213	0.979311452	0.815642778
0.752552892	0.557893936	0.352217048	0.904969167	0.973652473	0.623916474	0.753971378	0.779858238
0.683544618	0.982497187	0.283272105	0.91652589	0.7951781	0.903815543	0.42198235	0.752681302
0.593837039	0.277314065	0.139725492	0.879096821	0.776460559	0.924361996	0.768794611	0.838266792
0.080977974	0.944042235	0.925591305	0.882448764	0.678344204	0.903504599	0.353427854	0.790412168
0.3824419	0.736492158	0.483748864	0.858951942	0.999425024	0.550686393	0.443141269	0.862879032
0.860919646	0.57396338	0.07572668	0.835801783	0.879476133	0.779198684	0.464379531	0.866096975
0.547630075	0.66487996	0.418711261	0.86177406	0.649544468	0.885399126	0.718673473	0.871481362
0.697951317	0.876636935	0.654521107	0.824376043	0.759945045	0.9044377	0.145584493	0.842815906
0.329361445	0.408197746	0.20986982	0.869188823	0.704954108	0.633874593	0.049430395	0.790942903
0.647442848	0.86113524	0.549837227	0.845204623	0.504882241	0.97800638	0.310422939	0.974339514
0.675736105	0.623382877	0.17687894	0.810323956	0.63155443	0.401866221	0.345435609	0.84861663
0.96387111	0.813212485	0.219868833	0.875159936	0.759627479	0.556418432	0.360528728	0.772545046
0.67025528	0.518880439	0.963689095	0.887750704	0.75320193	0.43634994	0.727816423	0.834855037
0.159695843	0.571539672	0.355630924	0.934748027	0.601611643	0.68948286	0.416860721	0.881564402
0.11486197	0.464984291	0.274654662	0.92797396	0.660837028	0.278145934	0.416906648	0.947643844
0.350351216	0.324933968	0.971164417	0.837902166	0.643316749	0.344980764	0.853414953	0.821535971
0.555430108	0.243018402	0.536375197	0.902997044	0.777996629	0.745294637	0.309711642	0.825497826
0.844935236	0.833057028	0.484858263	0.853127106	0.704688478	0.375617089	0.472914528	0.825590294
0.588029065	0.57538103	0.221612263	0.871395956	0.896298823	0.203102899	0	0.709489165
0.089672173	0.702352468	0.477983527	0.889719391	0.815093543	0.981469289	0.261248975	0.815971843
0.899451195	0.256495471	0.804188203	0.928622458	0.746763639	0.261896002	0.858735448	0.872262496
0.807523623	0.602500719	0.881812259	0.807887176	0.503492276	0.010980111	0.760438386	0.912356362
0.938620557	0.962577756	0.767201062	0.874889347	0.956980215	0.286514969	0.223549614	0.822266871
0.290624927	0.436133331	0.35962641	0.863890979	0.670979027	0.079776492	0.32705467	0.759258513
0.492655552	0.92655424	0.189632109	0.808833762	0.967529462	0.208501992	0.629267653	0.742555949
0.346253772	0.95564935	0.029777135	0.920534464	0.741802966	0.284957582	0.367543683	0.771429236
0.779490838	0.787145557	0.771615832	0.818026885	0.874185905	0.885325814	0.182518054	0.867178765
0.624558043	0.229688813	0.195473501	0.782136615	0.903786087	0	0.565502389	0.805209989
0.916920592	0.739721693	0.732130954	0.762782526	0.56285032	0.874189387	0.267541543	0.789204583
0.273162792	0.297348173	0.098841674	0.79401999	0.534751014	0.220503309	0.511062332	0.768862219
0.901782305	0.772500512	0.860228439	0.791747418	0.793813161	0.20447388	0.36266923	0.740621397
0.305801486	0.90846513	0.862682381	0.858069331	0.890705962	0.443167387	0.530841261	0.817087219
0.021987939	0.374999865	0.535666475	0.790457286	0.913624604	0.577095107	0.886249414	0.811479074
0.240676532	0.992857042	0.306801491	0.813215482	0.888962897	0.999495519	0.570320407	0.828023063
0.582167256	0.78139042	0.664363118	0.765098516	0.502299297	0.043485464	0.443330925	0.83140013
0.617183002	0.474489391	0.556675985	0.885426482	0.918466658	0.708429543	0.185044265	0.870849574
0.452446553	0.676241056	0.823376664	0.802910537	0.713472455	0.12229562	0.096669138	0.87813603
0.07315106	0.451132134	0.046068808	0.880165732	0.68350672	0.970478062	0.970144078	0.969507854
0.861738529	0.844290524	0.608331285	0.82731491	0.823408231	0.020170726	0.730935903	0.876629295
0.409730791	0.660026027	0.272070396	0.876638726	0.969723221	0.520278419	0.995969443	0.858011718
0.541505943	0.985148735	0.698187136	0.871201597	0.717739466	0.353068952	0.586899836	0.854389509
0.311490213	0.735086906	0.339862279	0.816522006	0.939299397	0.222502593	0.899978194	0.889252098
0.03097244	0.774995585	0.16223154	0.882824276	0.792261275	0.393323183	0.949963714	0.81707581
0.195294063	0.656949484	0.729406313	0.856186924	0.801992251	0.732858174	0.711295903	0.887127451
0.037039722	0.295437448	0.92324349	0.780866359	0.876902394	0.572360288	0.350660632	0.848362212
0.106092282	0.748679222	0.911764011	0.825904376	0.879118647	0.002176763	0.577636239	0.826758506
0.175325136	0.320498685	0.60429203	0.881077041	0.747964145	0.58497289	0.001852014	0.940452989
0.948048988	0.944670162	0.261618369	0.782869122	0.618310779	0.607766581	0.212472632	0.770897556
0.552396601	0.699436379	0.485812883	0.905452336	0.895931857	0.835895605	0.042707577	0.819353201
0.746775021	0.394556483	0.683114364	0.859223956	0.651198994	0.897750623	0.108974701	0.792356325
0.861164323	0.863666343	0.797505079	0.848622046	0.98144382	0.973273999	0.923266224	0.796059729
0.836608791	0.594488758	0.874673243	0.865750772	1	0.49134972	0.049628233	0.845667537
0.352066587	0.557377378	0.875675452	0.843298718	0.833238661	0.677453053	0.128014461	0.795401366
0.298398601	0.283597805	0.545920477	0.940909933	0.950722698	0.284090763	0.409646051	0.874911557
0.895047232	0.554463426	0.945716896	0.789067775	0.616335972	0.812755837	0.171483453	0.75991463
0.606880151	0.757668152	0.634429874	0.771341294	0.567081247	0.3586293	0.591253384	0.821325838
0.570206231	0.543089407	0.420724999	0.851824922	0.707614741	0.02897256	0.105678156	0.921165501
0.608593578	0.226962999	0.366325464	0.797229119	0.753660934	0.445321622	0.000688809	0.847754165
0.94512952	0.440582856	0.655969297	0.911464166	0.784196249	0.819798517	0.168394794	0.889014914
0.520279955	0.911882893	0.296622602	0.968463483	0.536061554	0.490495956	0.110317083	0.739581989
0.093978404	0.675721195	0.022553169	0.767667879	0.689244196	0.19054481	0.778514658	0.670773735
0.060338364	0.38605786	0.827769932	0.873849146	0.913643999	0.634113926	0.074363307	0.885487963
0.382487411	0.750816453	0.421655092	0.907804026	0.980958742	0.797909996	0.577897132	0.755113267
0.151477814	0.395461087	0.094634668	0.870082653	0.98724977	0.830910749	0.389937108	0.835301309
0.6285166	0.340786644	0.271098049	0.84368918	0.694049195	0.098060376	0.414500488	0.806241228
0.944806888	0.948875754	0.494406662	0.844048234	0.978002769	0.37609049	0.985114598	0.822516419
0.868575485	0.963391479	0.199789967	0.913781761	0.625060299	0.366409802	0.672647505	0.867201179
0.572727566	0.988460208	0.911970652	0.779602322	0.688459573	0.418595221	0.816726856	0.847849087
0.994705513	0.961948907	0.036913567	0.842148443	0.81536133	0.141163096	0.41230791	0.875571985
0.407194112	0.345289651	0.911832019	0.920682016	0.648927226	0.769604209	0.502208164	0.856892348
0.999054371	0.458437742	0.538051739	0.931129838	0.522643601	0.43420654	0.699403353	0.833662621
0.041203548	0.911640299	0.197223542	0.837271724	0.713895089	0.718638367	0.685875187	0.842679098
0.6322563	0.535889576	0.079871579	0.897837937	0.587563754	0.173991112	0.594999937	0.915810564
0.205012525	0.928796123	0.522261049	0.835948837	0.784468898	0.333229052	0.978811322	0.792214077
0.320607753	0.934708784	0.61015035	0.883832906	0.980829374	0.775581644	0.215270662	0.849628978
0.981861376	0.33866492	0.094329857	0.904979982	0.910734069	0.643748854	0.303701528	0.851822384
0.087740319	0.385869045	0.476627136	0.894079967	0.83759874	0.045113266	0.574122659	0.807752966
0.600872961	0.882179261	0.929326678	0.872638524	0.746942797	0.228902582	0.84904819	0.782870032
0.257108024	0.881069441	0.397069446	0.952343034	0.742898509	0.323281861	0.790286695	0.777497468
0.578799359	0.956937395	0.08199161	0.968703817	0.637230814	0.509317864	0.499916451	0.810838334
0.81646436	0.958799138	0.537175289	0.767233804	0.691552142	0.395748448	0.500333139	0.830841795
0.231514637	0.964295988	0.417903347	0.82062857	0.854972498	0.39157259	0.939402317	0.931274072
0.537633846	0.345927909	0.305868581	0.819513413	0.879778323	0.620690656	0.017555556	0.795190822
0.644079844	0.906989108	0.123358283	0.842041076	0.567753865	0.226025287	0.288153249	0.902076601
0.529891395	0.996350342	0.507155181	0.904741038	0.65069235	0.492430214	0.285240507	0.830626159
0.330563597	0.514291338	0.370046287	0.885163767	0.564615791	0.722289349	0.239630178	0.80542199
0.690364742	0.59176107	0.420337286	0.853194781	0.535774069	0.565044985	0.42708528	0.833475437
0.224873499	0.715945347	0.998352301	0.831953873	0.582764676	0.13996277	0.354363852	0.908326682
0.590413779	0.895919774	0.965728156	0.825461687	0.773509774	0.618071767	0.284248033	0.81355796
0.060160549	0.276666524	0.353740225	0.900998248	0.539242356	0.214843306	0.060351196	0.87376839
0.432509637	0.494933791	0.922712353	0.934320259	0.896449917	0.411564628	0.297843417	0.809395035
0.64430638	0.948726688	0.438759491	0.860256568	0.613911482	0.283584217	0.483230163	0.850729904
0.857419244	0.233377998	0.424125021	0.770901784	0.869813625	0.903760375	0.607311218	0.828966388
0.278187094	0.958052584	0.36340189	0.847506942	0.79872016	0.066664495	0.293255274	0.820176773
0.522328608	0.507582803	0.251410775	0.777096365	0.582446606	0.802120799	0.906589956	0.883284307
0.072601504	0.26418904	0.213835544	0.840154589	0.602477629	0.650784864	0.513731136	0.910227031
0.463454992	0.691560321	0.25638019	0.89624748	0.568193512	0.957706744	0.54112813	0.870802581
0.393257229	0.677330622	0.365041246	0.836991185	0.762938007	0.753182327	0.667846291	0.823241675
0.707796328	0.828216824	0.924842233	0.88316571	0.551100822	0.729616269	0.472125576	0.818940622
0.307484845	0.558021627	0.07168093	0.78457809	0.594673739	0.411267672	0.08224006	0.79497706
0.76743826	0.340623531	0.768528427	0.729521295	0.857672844	0.037404308	0.941072564	0.81832214
0.764738955	0.739393413	0.940805214	0.819141403	0.640049085	0.250363344	0.212342919	0.787984755
0.1181357	0.365362116	0.718286167	0.858688028	0.819924857	0.219227509	0.167491039	0.800106106
0.717954782	0.786837058	0.640082049	0.880922001	0.733810028	0.485332967	0.073937865	0.882407777
0.229401173	0.866245147	0.031260634	0.879628617	0.524775844	0.12331421	0.363748558	0.929691944
0.335442117	0.943899774	0.423232715	0.912024797	0.808221565	0.337227241	0.361926846	0.801357761
0.698663293	0.709476329	0.657709377	0.747551543	0.641377749	0.11358028	0.069002539	0.799539529
0.58129756	0.393985557	0.83158913	0.885403314	0.54593858	0.4800081	0.912608459	0.889688962
0.845687857	0.701206204	0.427010535	0.813871028	0.910015678	0.521412423	0.389467043	0.823007178
0.48910379	0.539568785	0.616694559	0.896583607	0.762470311	0.405358396	0.310993569	0.911350854
0.916820164	0.429883863	0.099721512	0.851491845	0.99387327	0.592053686	0.773969616	0.88451113
0.823194004	0.507682945	0.593726117	0.838003379	0.673180206	0.355669376	0.911657222	0.874316902
0.523844117	0.285656417	0.5489534	0.847670236	0.548528657	0.669935584	1	0.822830012
0.16836345	0.503692896	0.587442701	0.870266043	0.794745156	0.18480985	0.904095512	0.869070841
0.752694929	0.939440741	0.781568276	0.862155483	0.972553697	0.831791071	0.752729876	0.888622393
0.331828291	0.596466834	0.728379052	0.906308963	0.586319862	0.943719754	0.679391746	0.817362258
0.735047664	0.93328891	0.796758927	0.892135322	0.998525795	0.966544426	0.248926179	0.860220261
0.561178225	0.715324132	0.456573937	0.862967457	0.844409064	0.852650152	0.978671214	0.835025695
0.524357165	0.970443688	0.630354375	0.839774759	0.658369267	0.053007916	0.480447236	0.897157849
0.601358605	0.589309342	0.846117582	0.955472019	0.752053395	0.096284925	0.537401875	0.912818203
0.867121181	0.594049307	0.257927013	0.762615542	0.749866157	0.790258096	0.528893082	0.891571291
0.251067718	0.622776675	0.879813811	0.841797927	0.943559324	0.768912587	0.038068399	0.855235753
0.903491471	0.506268453	0.902052702	0.87273183	0.511620141	0.748871601	0.702737223	0.80792262
0.006702495	0.519347788	0.301462529	0.806558561	0.809850597	0.909191515	0.903619473	0.847418584
0.341072178	0.348516132	0.587084719	0.920090243	0.996214279	0.175297449	0.364558529	0.774269625
0.058018375	0.352751755	0.053831135	0.729805509	0.556256635	0.983726087	0.30058114	0.877322887
0.687094401	0.581164399	0.341797789	0.833335919	0.736929037	0.893265374	0.442681322	0.799552937
0.645142863	0.941826294	0.018512579	0.865518308	0.927388102	0.313921769	0.48664048	0.822558759
0.706756587	0.382300401	0.650728893	0.874294988	0.620926106	0.171590862	0.998934802	0.829847973
0.944743829	0.582001675	0.752311736	0.935406938	0.566078999	0.202876212	0.998513163	0.743788611
0.716153642	0.508751089	0.641410858	0.788801805	0.745552749	0.211001318	0.351166798	0.766265003
0.259827776	0.43082829	0.691765035	0.729748945	0.779213324	0.348189399	0.548789257	0.811244637
0.50682431	0.980790252	0.317347899	0.901890464	0.872273949	0.167696885	0.830745859	0.803300357
0.500921693	0.994001283	0.870768036	0.925599761	0.802246441	0.173655487	0.504938834	0.880135432
0.695689493	0.467199865	0.571804609	0.867493216	0.538125925	0.743348215	0.459058968	0.860403789
0.088965962	0.596222988	0.365678471	0.864946059	0.702663549	0.606530538	0.531143884	0.880906293
0.670160861	0.691778277	0.55969622	0.801349608	0.977881263	0.37292477	0.117528167	0.842088799
0.699704554	0.684083235	0.76632424	0.906265688	0.612196298	0.251724764	0.471646402	0.809208883
0.554454024	0.662304709	0.57398517	0.768719998	0.773225108	0.039180613	0.082702541	0.845204203
0.310951653	0.255218128	0.348114433	0.876448104	0.727064945	0.975999043	0.990958733	0.792525682
0.020287548	0.360495741	0.819435226	0.836757648	0.647656093	0.073045757	0.806549023	0.791380896
0.270441715	0.502000372	0.282038934	0.876268345	0.888028992	0.623361713	0.231799371	0.893074454
0.218047633	0.612136388	0.146953266	0.824871231	0.544534214	0.608249366	0.860810285	0.847109137
0.499103318	0.513353907	0.39270866	0.886793122	0.570976759	0.457702804	0.824986906	0.854046023
0.593632806	0.948497402	0.265531574	0.761529955	0.843454277	0.60938444	0.880192639	0.856814258
0.639432926	0.345494708	0.908898827	0.874065123	0.685544031	0.831937981	0.95995172	0.938510953
0.425840251	0.802488679	0.22718994	0.905586725	0.624061673	0.189226219	0.673960351	0.914422836
0.535647989	0.273578472	0.956458257	0.809644095	0.749762852	0.646247083	0.767275842	0.746732652
0.215144322	0.564912653	0.160322853	0.862383212	0.618768827	0.542637675	0.70614239	0.803372985
0.126921715	0.270279986	0.829524903	0.781929528	0.683386045	0.415285103	0.595027553	0.802589357
0.914125683	0.876347603	0.552555721	0.852559738	0.987442847	0.257243807	0.32692229	0.843327881
0.001709888	0.61375543	0.850972629	0.764229247	0.930727398	0.458846896	0.106012695	0.913815859
0.216380124	0.896984486	0.839018008	0.881045862	0.832522015	0.829744947	0.63862913	0.932722188
0.842896544	0.803936641	0.854293312	0.771794615	0.552046757	0.358343428	0.354216683	0.939833583
0.414742011	0.842191086	0.640143138	0.879937659	0.880183021	0.834781321	0.234084998	0.808951177
0.03355317	0.916139109	0.938124765	0.909156932	0.610313555	0.427413055	0.221692994	0.840513051
0.051128843	0.558232472	0.489770236	0.923285102	0.717179164	0.596103786	0.536447994	0.88091225
0.247347189	0.939776113	0.974379003	0.739805348	0.882358314	0.701172557	0.674658315	0.845871009
0.201128204	0.960866224	0.067317582	0.773758304	0.811566331	0.433408307	0.111956481	0.864631446
0.29876737	0.49086856	0.293313263	0.783245267	0.800968613	0.972077596	0.601493712	0.848145668
0.242214858	0.272928575	0.922380475	0.830587126	0.842504672	0.174296036	0.63010736	0.931892999
0.534734582	0.233407461	0.089218676	0.871917988	0.823462228	0.392353311	0.704922636	0.886929225
0.651926232	0.374485722	0.452597098	0.851375268	0.657523695	0.867678821	0.562853168	0.809176475
0.52850138	0.423772257	0.392353313	0.80255808	0.756203795	0.803688582	0.760972951	0.864314027
0.418514877	0.430549512	0.366542186	0.835980419	0.636726348	0.015211906	0.611996167	0.865766191
0.920909686	0.994072423	0.322151955	0.81462562	0.851060885	0.57071762	0.81344701	0.874430677
0.015513303	0.286084748	0.1178853	0.835167957	0.67984299	0.093247028	0.819060336	0.7301493
0.897597845	0.485929126	0.55820615	0.78266985	0.713630971	0.712781802	0.217383672	0.799031376
0.389029549	0.428764307	0.369362204	0.901171671	0.831242513	0.863093901	0.633575515	0.932076929
0.670776392	0.779792549	0.517554706	0.819061048	0.736427866	0.19225044	0.304379357	0.782968376
0.74661247	0.709123106	0.375245125	0.929924264	0.850360727	0.620711035	0.37785831	0.756108635
0.87483263	0.369581015	0.192114594	0.929566599	0.721366382	0.032747629	0.388873861	0.805783441
0.421669969	0.521559306	0.861126519	0.867559112	0.625527655	0.667422677	0.756417388	0.823412397
0.445348739	0.736240724	0.226974496	0.784292935	0.969801065	0.194111274	0.164573037	0.783659579
0.154777733	0.947361069	0.806952467	0.779737295	0.630271127	0.752633925	0.913480851	0.794487948
0.497240532	0.728907196	0.692666489	0.87187473	0.740849695	0.935228523	0.201459386	0.835668048
0.397269271	0.839858728	0.414851257	0.912426342	0.92232312	0.118486067	0.842919468	0.802976031
0.059501696	0.641537456	0.86485115	0.848886174	0.593571181	0.26360835	0.320272556	0.863561977
0.763958191	0.332758331	0.074055575	0.89742913	0.737335832	0.904745682	0.794814762	0.855488267
0.92208709	0.395514723	0.940710251	0.718094245	0.702135563	0.610845468	0.909620158	0.755066251
0.716662405	0.522911006	0.535518868	0.911873462	0.884073194	0.383430775	0.997577112	0.79146443
0.595410405	0.395804894	0.84552487	0.802506209	0.557500429	0.367719696	0.726214271	0.873806639
0.960985454	0.603079652	0.640197557	0.891485677	0.496792405	0.440903717	0.973586644	0.868383734
0.726269298	0.478058949	0.340969036	0.853644331	0.65718667	0.903305919	0.352106865	0.813412359
0.710568102	0.574401393	0.362245813	0.140119135	0.057277386	0.846677594	0.14661294	0.18564299
0.330051706	0.912433738	0.750785616	0.126239519	0.207810676	0.087783219	0.354997493	0.042328319
0.716811032	0.437844145	0.415831374	0.441858259	0.052418097	0.35282363	0.340303155	0.318074304
0.085200264	0.539007295	0.082398373	0.107415549	0.072403837	0.117710185	0.381222085	0.25599496
0.74433048	0.917297158	0.757590862	0.289723547	0.084549879	0.845398488	0.265727582	0.247520619
0.63213977	0.331463974	0.028391337	0.45266241	0.115326653	1	0.443168896	0.477904823
0.352338793	0.674328473	0.496784997	0.279142259	0.225100163	0.313996032	0.119392008	0.367917451
0.546824163	0.664677548	0.268596184	0.109477349	0.209170038	0.072507015	0.384189809	0.215167771
0.90974163	0.762727758	0.587759989	0.032377469	0.245077776	0.464777337	0.2085871	0.408829731
0.070134096	0.899548147	0.803111545	0.367943564	0.212461168	0.190840105	0.323987069	0.138815999
0.06265335	0.353605811	0.623884241	0.54201897	0.08434664	0.291167853	0.376105477	0.142202034
0.464616	0.985535906	0.563529584	0.142833298	0.208791343	0.429271013	0.405932768	0.377158262
0.849509991	0.743597125	0.937425237	0.20999451	0.082103484	0.479087817	0.248192402	0.414214289
0.443501477	0.340118782	0.530333565	0.125192626	0.215059923	0.365706394	0.134534442	0.207598315
0.807105914	0.841621285	0.583348625	0.463646575	0.105247929	0.19053747	0.347562279	0.054871572
0.095679081	0.265451032	0.669652224	0.128422419	0.159341733	0.176477254	0.322425136	0.228556689
0.828739388	0.503772883	0.687839478	0	0.23065721	0.920217254	0.477220103	0.551156607
0.711450823	0.596019224	0.392690857	0.433208118	0.149766016	0.02737768	0.201375893	0.155486727
0.343340645	0.843908909	0.418312213	0.332318927	0.14716433	0.590970342	0.338547508	0.546536778
0.643099035	0.342047525	0.208672355	0.477612048	0.221052298	0.804786285	0.444291949	0.186324259
0.500258236	0.7072584	0.704569427	0.419261174	0.185742062	0.942181642	0.299328799	0.0570319
0.702845679	0.775373168	0.391482796	0.102235676	0.143175573	0.009804959	0.22990991	0.37648798
0.996703921	0.931958657	0.812785492	0.521589111	0.176340956	0.366171255	0.227888938	0.15297942
0.638830454	0.968666405	0.732622783	0.447110759	0.118853576	0.108335387	0.195102261	0.131602853
0.586784014	0.358108726	0.028626813	0.162504831	0.080421487	0.42944464	0.356890812	0.066886598
0.666295001	0.42949057	0.316632165	0.550186243	0.111075398	0.532741982	0.252399057	0.408981134
0.06751338	0.927856967	0.606590511	0.553962742	0.10154635	0.560044458	0.141988713	0.143843681
0.290595526	0.79065041	0.766596222	0.455208347	0.138605529	0.690439144	0.046530361	0.252711863
0.605980427	0.625495891	0.579533321	0.488478697	0.082127817	0.480201578	0.187411275	0.009882212
0.699617305	0.440114539	0.891218876	0.075491664	0.212004232	0.509659187	0.036314656	0.286888727
0.849422356	0.343973744	0.503243681	0.558009317	0.098315204	0.587319111	0.447306598	0.509676396
0.840605961	0.556662224	0.138779755	0.484107929	0.112324324	0.140074331	0.21864624	0.350124371
0.930716931	0.551324879	0.873393633	0.214210839	0.153662511	0.759730098	0.261837254	0.304897366
0.036998099	0.22010569	0.517420363	0.510616868	0.076659305	0.376639826	0.200948921	0.422283762
0.398064022	0.509351255	0.656134683	0.200707896	0.105553572	0.979486218	0.349168816	0.32361842
0.246257389	0.268686101	0.191741708	0.141343646	0.188577296	0.631897684	0.404412587	0.305276556
0.541341558	0.581826645	0.444892115	0.25811277	0.158307473	0.496977611	0.348894405	0.217131631
0.126963435	0.8810605	0.544593423	0.409359133	0.112409019	0.438372486	0.383567759	0.081707138
0.421843913	0.315743961	0.643531014	0.367693408	0.112270316	0.567502098	0.406010491	0.1103875
0.046843735	0.530286	0.343410237	0.483991208	0.178117152	0.786821642	0.03889905	0.311404021
0.351830599	0.608995691	0.668104663	0.124065967	0.102975744	0.090085009	0.431379368	0.019586069
0.91482567	0.789866757	0.446822365	0.019301735	0.079140447	0.43386491	0.343486411	0.415294893
0.954076566	0.455003925	0.704591131	0.374248317	0.100930634	0.26311015	0.322317393	0.276711962
0.260483247	0.937672785	0.923394052	0.222861106	0.1776775	0.534309447	0.365464846	0.326751393
0.786612785	0.859497134	0.231015983	0.536880831	0.067507474	0.957721468	0.266856272	0.471381588
0.227908558	0.996587923	0.007364666	0.143807147	0.150542655	0.06348867	0.168914427	0.319698738
0.920787127	0.63819352	0.446201149	0.319019954	0.079389871	0.423208535	0.162414512	0.154518279
0.827634181	0.566148251	0.812672208	0.055373092	0.060935023	0.887417626	0.3166395	0.260436765
0.472400059	0.925080156	0.027382152	0.250820787	0.130604082	0.626634355	0.250976995	0.343350823
0.386067647	0.770561013	0.028165597	0.521981295	0.09799888	0.451956706	0.276284287	0.508399337
0.181724555	0.494133127	0.629859882	0.021215815	0.091925093	0.708900949	0.141271416	0.361306673
0.267117302	0.698216115	0.672875551	0.125998606	0.045004946	0.127841974	0.375371109	0.37403256
0.657714178	0.870664668	0.073091817	0.021898467	0.263363582	0.984022504	0.499867945	0.333008081
0.271720462	0.84605026	0.91777825	0.216462428	0.084581094	0.764031271	0.378247497	0.020002725
0.468031879	0.883277622	0.913754943	0.282777847	0.132731065	0.522593794	0.198875956	0.436068445
0.293531642	0.315382822	0.010026661	0.525886847	0.170574495	0.995742413	0.266428995	0.500253165
0.590774141	0.490410742	0.843237266	0.524906013	0.110473786	0.277129429	0.234394167	0.310027037
0.619417148	0.57136045	0.471056015	0.51489862	0.205232635	0.871886554	0.247143392	0.134758675
0.086994876	0.585403136	0.96102683	0.216723603	0.15801037	0.111749071	0.440344647	0.545309161
0.608855646	0.883573282	0.268120492	0.455236413	0.19825072	0.49796439	0.460726755	0.519884113
0.43682293	0.964261805	0.27858277	0.53974722	0.079664517	0.75457095	0.460493107	0.06423015
0.767219336	0.595846956	0.636538751	0.440998405	0.16698808	0.326374125	0.28759134	0.119164831
0.942164464	0.35032622	0.462681188	0.046176555	0.115371744	0.58921737	0.335911857	0.477885115
0.128566931	0.847246623	0.05156303	0.443659132	0.13499112	0.57043531	0.311342832	0.426472892
0.329320945	0.630576488	0.008264521	0.088358637	0.116147986	0.487457507	0.395479179	0.058375775
0.454349996	0.738745459	0.608333147	0.081593335	0.144781008	0.300324249	0.401107853	0.382648562
0.677471647	0.942796984	0.909398352	0.397403128	0.017112292	0.717560611	0.173868238	0.423283319
0.352994992	0.550680561	0.018720114	0.04002606	0.140738465	0.22576829	0.314291992	0.141456408
0.291877283	0.933336575	0.420408497	0.177313287	0.133577139	0.932325857	0.371650662	0.112455694
0.886000553	0.569271621	0.77164598	0.427459234	0.083109287	0.84620271	0.32580778	0.356754674
0.956100857	0.481092759	0.776985329	0.092204058	0.12830313	0.20696424	0.213685622	0.026398667
0.635172679	0.690128404	0.544466313	0.271660802	0.229192191	0.852046758	0.41365492	0.40245993
0.1271182	0.63556701	0.904199482	0.46039623	0.130379156	0.419423063	0.175756177	0.232267456
0.990172169	0.651222047	0.584992658	0.041237495	0.071365379	0.076647139	0.406602512	0.495747635
0.595802003	0.300126537	0.713277405	0.474678463	0.14842376	0.125252282	0.348987299	0.535584915
0.24095659	0.470224783	0.944035871	0.487732238	0.17973481	0.371992702	0.424279069	0.156939702
0.954879645	0.74289138	0.840865434	0.493714007	0.175605916	0.741113708	0.208617541	0.284552804
0.712243872	0.621223603	0.570320732	0.460580141	0.187665306	0.352250784	0.202794895	0.114024398
0.106835813	0.590020681	0.124040361	0.5627162	0.195476896	0.754191388	0.448310116	0.250920477
0.066427469	0.56967029	0.079378522	0.508172659	0.07800729	0.412506404	0.227467757	0.079317109
0.430626164	0.7160463	0.920938554	0.213610316	0.071066886	0.484931161	0.331643403	0.357494603
0.079427747	0.391296829	0.164125319	0.176448533	0.269222411	0.16734103	0.527769925	0.531184707
0.382459683	0.804376171	0.123930046	0.06480633	0.059321418	0.721760783	0.503433889	0.302896816
0.628970757	0.743335591	0.479040711	0.122011444	0.215074843	0.437241201	0.270746276	0.305839141
0.112652222	0.681140566	0.954986804	0.191666263	0.120151974	0.121758925	0.194841847	0.370536031
0.306649492	0.888421361	0.921273811	0.56142148	0.114031382	0.627851677	0.318424292	0.042044323
0.404093586	0.945289066	0.650968243	0.411053067	0.119003933	0.541210757	0.298596164	0.441042924
0.398034317	0.936893866	0.561227101	0.393859125	0.156138628	0.447465892	0.325550087	0.520746712
0.550692657	0.976936444	0.033112884	0.240167794	0.151260371	0.345382485	0.185068752	0.208088089
0.445407872	0.732925448	0.236278855	0.375412287	0.072991304	0.21684324	0.222696003	0.523856052
0.275466033	0.927893638	0.41365307	0.010474764	0.155396499	0.329239275	0.243126225	0.152065523
0.0858595	0.436570874	0.045565946	0.212498103	0.118121236	0.176636552	0.168956817	0.251242663
0.72013006	0.758602324	0.058845821	0.543174034	0.213992247	0.557168831	0.409801437	0.419829243
0.31218047	0.67056816	0.524812859	0.403231275	0.048805472	0.036624862	0.305655517	0.012187795
0.849971091	0.659393308	0.484828364	0.224598901	0.09184597	0.001235842	0.450548775	0.342303459
0.210145483	0.449320427	0.486252405	0.439812258	0.143172366	0.598528378	0.346322877	0.348234978
0.445011434	0.956700155	0.574383243	0.442683949	0.079504562	0.489321677	0.235970969	0.177683238
0.317134401	0.352189149	0.222141623	0.521584378	0.063146856	0.283075439	0.456074713	0.00493948
0.64988287	0.579878556	0.382180489	0.10183918	0.138926557	0.57126302	0.249853377	0.288788922
0.640896232	0.903838743	0.669836879	0.222788755	0.134791719	0.352996083	0.316235248	0.080096429
0.283687025	0.721975456	0.507809486	0.125303629	0.122713918	0.062634982	0.25306825	0.34263326
0.769599274	0.873498711	0.944307229	0.058461602	0.139732876	0.564521201	0.393441241	0.125347382
0.676747422	0.472546339	0.589611218	0.484435658	0.018536022	0.564052274	0.27320595	0.055987638
0.350363299	0.879172896	0.52786696	0.048747131	0.206003932	0.60202617	0.274823043	0.448879919
0.44291472	0.455869207	0.625906101	0.386867342	0.18316667	0.146725681	0.178511576	0.090849473
0.032180921	0.88261613	0.615874597	0.008237993	0.071647283	0.903595464	0.278382051	0.331801658
0.688418165	0.886149421	0.451123269	0.099901962	0.222195127	0.663321596	0.199499214	0.337974014
0.374330847	0.536936563	0.525733391	0.157156515	0.14017758	0.913781658	0.398523793	0.336383087
0.052867957	0.54736187	0.537716767	0.111316722	0.116927685	0.983131337	0.18240742	0.16382096
0.333414414	0.947652769	0.19933689	0.512483934	0.126689379	0.678724346	0.282968719	0.428430531
0.830113244	0.386143265	0.893039129	0.507784691	0.13890592	0.342780102	0.442261576	0.273408552
0.552330632	0.331950085	0.101417478	0.443320745	0.24117438	0.393045314	0.28306349	0.263959671
0.873211038	0.794564864	0.643744089	0.284536319	0.102155296	0.93064642	0.347017184	0.163596203
0.515249822	0.621578805	0.84233151	0.083313639	0.099342096	0.461551959	0.403864134	0.492168534
0.421073441	0.869325856	0.366133641	0.362215783	0.078354369	0.159149706	0.287924248	0.135705065
0.691495065	0.440779753	0.057391105	0.020840537	0.114172861	0.129135152	0.373067727	0.039504627
0.427318716	0.669602858	0.214993609	0.185020209	0.014250982	0.875387786	0.246099309	0.148455895
0.408001702	0.900110583	0.568856717	0.057525109	0.056427185	0.429191514	0.23740201	0.018822019
0.898900458	0.821842956	0.931534891	0.3221776	0.217136254	0.638272367	0.539489681	0.364143515
0.617521149	0.988500775	0.336480165	0.354504465	0.067963497	0.349040369	0.415420411	0.028255988
0.943236602	0.997333718	0.373472437	0.38366618	0.160944	0.501027993	0.036017677	0.457113085
0.484999938	0.659906672	0.051879822	0.534596956	0.191920546	0.420635094	0.38969471	0.467953872
0.93243733	0.32153603	0.432169292	0.436912726	0.136171667	0.611644929	0.179894679	0.155703794
0.871711474	0.981846752	0.069226279	0.534161637	0.179825179	0.518025893	0.5302133	0.114939878
0.621045672	0.691932872	0.061665203	0.283897568	0.100966336	0.644310185	0.180351251	0.069262926
0.468607815	0.53845462	0.499801907	0.332611823	0.126656295	0.030954118	0.314117632	0.252017566
0.449744096	0.516807554	0.430340532	0.285063009	0.137118375	0.334127459	0.244798783	0.396066976
0.266363003	0.341481739	0.951558878	0.231438858	0.055787226	0.089278082	0.375888024	0.340058246
0.300293286	0.382673725	0.617572177	0.385794063	0.130866662	0.324655589	0.379473094	0.4967444
0.111508483	0.456621572	0.662364129	0.316376722	0.12726993	0.630043981	0.064056155	0.179930705
1	0.855391852	0.99520551	0.162824518	0.143324421	0.430150224	0.277355345	0.121668393
0.345256793	0.578696125	0.793881177	0.007852638	0.12658242	0.92536951	0.472173864	0.365254735
0.03401626	0.701329421	0.728805525	0.500545537	0.165868837	0.191538816	0.38099138	0.434949846
0.231599721	0.366856699	0.2426357	0.414912963	0.129711003	0.6181775	0.354736196	0.125457253
0.935303721	0.920737928	0.303239699	0.199996388	0.061147129	0.542992073	0.265025408	0.241528174
0.117615571	0.329155803	0.457865845	0.458743154	0.093756728	0.012202521	0.306412331	0.132357409
0.17229785	0.840968946	0.35049536	0.529659559	0.209355268	0.066115045	0.313809197	0.424171586
0.00863968	0.656635836	0.848196482	0.295511204	0.205961009	0.972665223	0.392929779	0.043495007
0.247919432	0.831691337	0.635302004	0.339336268	0.137240974	0.76589228	0.362727849	0.338242495
0.678454061	0.647191351	0.855660277	0.53103953	0.211041892	0.561468825	0.25162314	0.324564266
0.762517132	0.939813416	0.844435123	0.188315905	0.135160647	0.700868872	0.532310245	0.217236492
0.356796694	0.769123138	0.031473723	0.024648308	0.146463377	0.363623146	0.36909284	0.327194859
0.414047053	0.500429611	0.642305563	0.099238418	0.106374881	0.797886573	0.367154663	0.102770332
0.257407574	0.743802558	0.818194727	0.405390482	0.131687131	0.768654854	0.3900089	0.315930552
0.924645843	0.510702904	0.145483147	0.201864953	0.204988121	0.81593219	0.123412344	0.517202435
0.033227924	0.525738732	0.50131235	0.225715032	0.243266486	0.699123349	0.194399284	0.091819658
0.757443626	0.434569211	0.213119102	0.291013562	0.077009845	0.277978163	0.35573567	0.042564201
0.243006749	0.80298475	0.073289566	0.173477558	0.10506929	0.373528539	0.481539715	0.424279377
0.240146375	0.951070797	0.80435809	0.274469892	0.217629034	0.204760518	0.268562068	0.178603892
0.627310733	0.794733819	0.881369019	0.294549005	0.161101434	0.767110047	0.202575693	0.223331812
0.297449227	0.919052992	0.228753594	0.174236188	0.170788182	0.947895177	0.387466748	0.439486869
0.254581312	0.317282944	0.584186615	0.162993328	0.163822714	0.370940145	0.216852922	0.238908941
0.401623645	0.290164983	0.669967846	0.34492308	0.063902226	0.105650097	0.121874376	0.34960438
0.496693139	0.946469786	0.881887135	0.26510706	0.049124081	0.820089282	0.379029472	0.27930761
0.057633041	0.761829453	0.070513638	0.323896386	0.098462039	0.446883127	0.35887487	0.194044761
0.900011938	0.629271592	0.477253761	0.315453524	0.168800903	0.799258675	0.408518038	0.156284931
0.750165966	0.807162932	0.013168588	0.057421376	0.057775376	0.733452551	0.335555955	0.232518434
0.163304408	0.526022172	0.636463197	0.505137897	0.270647764	0.229256369	0.248608257	0.138451856
0.072778113	0.579710915	0.021224362	0.286443109	0.007844776	0.39685769	0.298698412	0.004226686
0.532143986	0.305514436	0.877866111	0.295937324	0.209450852	0.41076383	0.227750438	0.363807832
0.850592679	0.836312749	0.620144453	0.307768071	0.272301136	0.891563599	0.224859445	0.264523322
0.544122046	0.612562498	0.493647625	0.316089332	0.165305555	0.689121636	0.384255635	0.425713548
0.897934815	0.74003192	0.660440159	0.519222025	0.096062101	0.150669175	0.260578283	0.332702157
0.227354107	0.455334664	0.716734516	0.03966747	0.16349855	0.142213058	0.2160519	0.24961843
0.796854027	0.260033579	0.001456285	0.110390129	0.170543473	0.60106491	0.442672024	0.18364141
0.972013267	0.911291247	0.766738988	0.073036192	0.121856369	0.446718364	0.362537456	0.160300111
0.634804738	0.250746721	0.488836734	0.204811215	0.103712786	0.740696017	0.385174906	0.521103923
0.203320308	0.773705319	0.011409845	0.566900148	0.1003684	0.941648878	0.224098932	0.322431616
0.415404486	0.643440509	0.790496151	0.03283519	0.135345014	0.911866557	0.127233477	0.041641865
0.27230097	0.394004571	0.306284992	0.425302784	0.063589464	0.906924735	0.266460394	0.522555453
0.36589952	0.808829243	0.132638461	0.231920938	0.12047313	0.972565397	0.22414818	0.275474108
0.844490803	0.953641435	0.741109431	0.034968417	0.13639402	0.576854251	0.261692223	0.504518503
0.143260609	0.235851849	0.947151675	0.505748901	0.154893652	0.331814107	0.312224679	0.538456595
0.714956571	0.898318568	0.234726849	0.094278203	0.083322073	0.524799438	0.142494426	0.293804836
0.004154821	0.734388557	0.042274184	0.096532799	0.033955118	0.595781572	0.331773038	0.424484954
0.658560083	0.77223608	0.479938914	0.031083644	0.157392621	0.972533494	0.454945869	0.31637708
0.979166907	0.824431343	0.138420177	0.140366498	0.106912211	0.242684511	0.416326498	0.464581131
0.212967257	0.875218406	0.136909742	0.180146606	0.052182332	0.414221464	0.185600895	0.214695703
0.487292048	0.505510261	0.115811276	0.50352557	0.127764021	0.081974666	0.372088678	0.118552075
0.915520609	0.629403684	0.783217079	0.129885138	0.068231425	0.051321307	0.20995946	0.118681633
0.458349906	0.4560257	0.293174458	0.178284392	0.06702981	0.612786627	0.164356905	0.399217562
0.911636762	0.466257883	0.739502193	0.507992504	0.192381156	0.858065316	0.25449945	0.291154369
0.141130734	0.92919571	0.930692235	0.335338696	0.129790223	0.283676145	0.431400214	0.20982923
0.015298715	0.727187171	0.697993007	0.469942001	0.150050652	0.644851822	0.027428188	0.058630987
0.98243292	0.715607993	0.407525219	0.123511469	0.095925225	0.967948404	0.302201236	0.072053093
0.291881566	0.355134606	0.103881542	0.366997915	0.102104314	0.212060619	0.371141744	0.006117259
0.806282887	0.524142464	0.134511729	0.418160398	0.109651361	0.293277694	0.345978999	0.109084933
0.568535636	0.679018629	0.831977553	0.171740919	0.05628425	0.58265779	0.321042261	0.216077176
0.581996383	0.720992368	0.234638703	0.385322446	0.126149145	0.721671912	0.4449822	0.287029003
0.964724437	0.371878118	1	0.109902809	0.093517747	0.383364454	0.350633798	0.387514392
0.485813675	0.394383802	0.346787777	0.029837159	0.187472362	0.082611913	0.209894418	0.294709883
0.088836192	0.230482702	0.663069562	0.359893997	0.070112676	0.817342083	0.434356719	0.329331377
0.309883908	0.681211522	0.051929118	0.188418108	0.190281568	0.051064935	0.335633567	0.061124335
0.23829762	0.677112914	0.140705041	0.476947105	0.130338373	0.59039034	0.421465765	0.22951825
0.669236767	0.777141104	0.038662126	0.304186486	0.127810254	0.880099653	0.258102128	0.395608263
0.703419833	0.55896092	0.132019051	0.012036322	0.154848083	0.752866081	0.324210556	0.011877019
0.104575724	0.525163135	0.031480968	0.184099009	0.143256234	0.283969645	0.411190098	0.047852489
0.923195622	0.481494879	0.382716863	0.409790302	0.139776531	0.941147874	0.428482802	0.114336836
0.370348311	0.77102377	0.217090489	0.36098963	0.204194014	0.47933352	0.402336654	0.188577877
0.388683412	0.377016919	0.427888594	0.142342458	0.075898826	0.249585298	0.297754191	0.167825388
0.524478582	0.640054543	0.391598118	0.161605163	0.150231017	0.592775791	0.343858682	0.470321086
0.253927547	0.64000269	0.383812603	0.442163198	0.146012601	0.8447851	0.313391717	0.004964164
0.328019153	0.829497095	0.306685121	0.535083579	0.113674911	0.615464302	0.303537608	0.544622297
0.825289275	0.226614555	0.335436919	0.291548443	0.093738269	0.841923576	0.415880396	0.431825296
0.62467481	0.32825281	0.27659205	0.16287797	0	0.784066783	0.154729477	0.18874684
0.539693573	0.229010193	0.790485334	0.345751042	0.128399036	0.572986543	0.227465457	0.22590506
0.689376829	0.683537831	0.996986368	0.501039014	0.158199462	0.105433808	0.214729181	0.465122989
0.4100507	0.331842729	0.629107742	0.074734172	0.192596093	0.605035115	0.31064554	0.488551609
0.733527814	0.612053827	0.192714551	0.114550268	0.093785338	0.924534798	0.395483209	0.448732921
0.136955747	0.742267289	0.501442614	0.447588818	0.186746644	0.303785529	0.169342244	0.546257966
0.648846623	0.969524899	0.724429814	0.008599757	0.169138661	0.577113578	0.366138524	0.506687934
0.733636686	0.32702426	0.655508916	0.176819213	0.157197223	0.18313838	0.397941533	0.25242562
0.916341974	0.334850568	0.91032636	0.02223907	0.222492178	0.363738519	0.29958679	0.073582549
0.674271018	0.739875093	0.224356342	0.315576109	0.070560476	0.497176091	0.338564534	0.464337576
0.890522491	0.491291803	0.326035266	0.101547419	0.212862625	0.079909332	0.398436203	0.020046764
0.84613761	0.353788682	0.537272418	0.017157926	0.245441926	0.031376928	0.410438237	0.08869984
0.066994622	0.666316385	0.241850214	0.167558046	0.059870319	0.519848145	0.488744504	0.098462546
0.358527264	0.571655948	0.882842535	0.420341784	0.076836709	0.339667078	0.351185452	0.216955492
0.154882601	0.344321783	0.175209051	0.148446395	0.130525443	0.103615221	0.324914511	0.322635001
0.021168762	0.955395198	0.285732505	0.388005583	0.092046884	0.048349886	0.399945046	0.467250935
0.933571785	0.888975045	0.853026063	0.377663221	0.161072332	0.691384794	0.205907823	0.080733612
0.854328671	0.648296963	0.185346822	0.274349134	0.100765543	0.997339771	0.237388137	0.056671357
0.76713302	0.629587914	0.465486418	0.11940277	0.033617743	0.002747035	0.400897971	0.122403067
0.758218687	0.688858129	0.953099115	0.293482585	0.067211173	0.206752981	0.314219247	0.239805049
0.451442233	0.598785501	0.098071278	0.063958799	0.111704378	0.61790603	0.273127715	0.241141844
0.82324317	0.835401338	0.25059657	0.246470711	0.202706367	0.952435538	0.257218467	0.522311984
0.807372717	0.661205249	0.541485055	0.010228154	0.102777575	0.28114158	0.219546332	0.448700497
0.699420301	0.301687826	0.880034146	0.244289878	0.087085821	0.800622809	0.241843022	0.484342488
0.416980172	0.762612112	0.143316419	0.116722047	0.063029634	0.342378708	0.335786304	0.083321419
0.334190221	0.288697828	0.994134334	0.543646774	0.12335933	0.30502945	0.226813243	0.303276411
0.574351005	0.752888201	0.097523846	0.236233977	0.13908237	0.709440682	0.209227504	0.393293916
0.666564218	0.941268572	0.972046259	0.472952091	0.055458837	0.444037071	0.213101201	0.14118443
0.581954391	0.238769241	0.14810128	0.222992651	0.202742581	0.541608944	0.344877858	0.123202423
0.168616148	0.500112372	0.413688568	0.409135827	0.118979069	0.505869605	0.528858293	0.426859161
0.995802825	0.963498125	0.07672573	0.55009	0.112604199	0.252358223	0.145509239	0.055187918
0.206009901	0.318904058	0.659097201	0.149604142	0.185580672	0.170026031	0.31332207	0.163035427
0.573925739	0.2953549	0.809918636	0.508924982	0.108522785	0.651766838	0.388712998	0.454068594
0.922536504	0.475013476	0.908415564	0.015092032	0.160531902	0.737004765	0.200695457	0.420839998
0.345753167	0.29752843	0.702477749	0.250670948	0.058178448	0.394710986	0.269778181	0.352239123
0.817316249	0.552493972	0.283034531	0.233175541	0.095182375	0.441992452	0.359648444	0.281696916
0.324074087	0.895710127	0.165180168	0.137469132	0.190455793	0.268599845	0.170439084	0.43721831
0.392439693	0.897218733	0.864746601	0.102843925	0.074774626	0.549359822	0.212088038	0.190026663
0.437223676	0.995640016	0.079031343	0.385153557	0.209753084	0.707929387	0.240063544	0.002024725
0.063454005	0.692615059	0.582220858	0.13672759	0.169385535	0.399371934	0.285789263	0.27211166
0.138746403	0.818866837	0.177024216	0.433040092	0.133938357	0.497100935	0.131090089	0.466029024
0.097974699	0.47346334	0.328497429	0.552760443	0.126640829	0.652835512	0.308525983	0.04490498
0.46224694	0.720187285	0.415136045	0.079694926	0.093616967	0.487484927	0.086599514	0.235584049
0.970258416	0.96193261	0.793479981	0.506636523	0.032936359	0.946046508	0.377034786	0.13629056
0.623530467	0.494255117	0.105015395	0.002399543	0.182977002	0.569651293	0.327319689	0.408076499
0.607946514	0.8235826	0.773997942	0.377385547	0.119560848	0.512268187	0.267883225	0.012573012
0.728809194	0.878824505	0.819122302	0.562567667	0.164458582	0.354752218	0.27842845	0.104643384
0.510485301	0.970210609	0.833603563	0.336106988	0.182590524	0.448306961	0.368776703	0.003616487
0.69497633	0.443524143	0.214844376	0.146943017	0.199175006	0.189821623	0.354003323	0.420776634
0.29426716	0.480300969	0.437239813	0.340044294	0.114271187	0.795943305	0.14805799	0.496454972
0.9408853	0.525172482	0.780495561	0.084441487	0.137806242	0.6674229	0.306056444	0.304731715
0.672252672	0.597950574	0.242672996	0.133468848	0.074711917	0.840017494	0.368799983	0.112874927
0.38577518	0.561157095	0.214040595	0.000792294	0.142523109	0.443706462	0.252015711	0.299640945
0.403060166	0.341469369	0.352421238	0.016435548	0.099699274	0.072446697	0.131966282	0.391059746
0.914762428	0.341519209	0.607336503	0.552558003	0.121248014	0.270750529	0.363829676	0.250635518
0.230306007	0.757764719	0.498900802	0.299279731	0.168549968	0.655442221	0.384307699	0.315737902
0.978769308	0.350442397	0.36540299	0.261377353	0.218645023	0.451421504	0.254565837	0.122258063
0.886085119	0.859260549	0.640429132	0.017311753	0.194496298	0.134805122	0.370621811	0.536653928
0.061232504	0.607700846	0.482009315	0.106426935	0.078017553	0.186372273	0.41324407	0.060794087
0.448895419	0.343064487	0.483247721	0.007287285	0.209481925	0.216934134	0.465193166	0.108326819
0.442239555	0.970711205	0.35285308	0.316286901	0.021598713	0.508958258	0.443145154	0.052820559
0.602741573	0.868681681	0.331412105	0.370485102	0.146128654	0.676657661	0.329008743	0.381540757
0.947262558	0.351287022	0.288468919	0.385615911	0.088607752	0.751974527	0.193623954	0.27658867
0.060894465	0.516855817	0.810965591	0.311974893	0.140139758	0.736661687	0.340655709	0.510591547
0.289422437	0.522713088	0.820540755	0.187671723	0.12297988	0.635314953	0.076511475	0.428764778
0.659527431	0.366871505	0.258799202	0.173631308	0.139575638	0.810971846	0.305555886	0.334615451
0.998987663	0.320916642	0.930251783	0.475306706	0.122798724	0.291268042	0.387438087	0.070099412
0.747053933	0.831000589	0.817129456	0.469446302	0.138918003	0.0786096	0.293072379	0.065049987
0.21016641	0.413815731	0.528821309	0.539760866	0.274637618	0.866451183	0.286642427	0.374431747
0.168642323	0.664998772	0.61468538	0.367161234	0.096023248	0.727939788	0.360863944	0.22214653
0.645580754	0.362535641	0.190312477	0.138654287	0.109334788	0.816154196	0.454937248	0.029591531
0.309385998	0.46471232	0.385979765	0.248590288	0.144910552	0.717289679	0.374515924	0.032253339
0.361909371	0.744531023	0.798381471	0.14905352	0.14633268	0.492282987	0.226141362	0.204540895
0.656669045	0.876439499	0.863116377	0.377755981	0.148701774	0.700460504	0.245228196	0.085341299
0.437715681	0.280189006	0.187352024	0.530144518	0.171580254	0.331245894	0.527412485	0.408001648
0.447779601	0.871784318	0.984018356	0.329780687	0.173293731	0.840226991	0.467629535	0.343537894
0.620185014	0.6431986	0.425597476	0.407248643	0.114857161	0.424041198	0.442672754	0.440023061
0.597627239	0.943439713	0.121976414	0.159113189	0.17094137	0.45512029	0.102878117	0.346346566
0.484532227	0.37722732	0.171708116	0.152464925	0.025348813	0.066896289	0.208748299	0.083000811
0.277992637	0.56663388	0.665921271	0.306267117	0.070030175	0.584840768	0.458105036	0.249613489
0.060868199	0.427291867	0.459412264	0.298637802	0.102164245	0.386923352	0.272019425	0.408167839
0.894445307	0.686959451	0.66988338	0.2045532	0.125652401	0.274081614	0.3097054	0.329810979
0.255811394	0.854992765	0.822476453	0.163462916	0.144960319	0.248046305	0.257400018	0.535709203
0.925874527	0.349799508	0.697982891	0.390368569	0.143232844	0.717747927	0.298510549	0.221469183
0.242803948	0.758135769	0.836811603	0.466927308	0.017199563	0.614623346	0.254871129	0.249619178
0.109718406	0.766344845	0.394795727	0.316056237	0.092054874	0.982005595	0.287713465	0.046661249
0.683112342	0.88779076	0.795966114	0.188153534	0.138287567	0.48179409	0.276527183	0.008537334
0.047992544	0.917626324	0.22685464	0.111249904	0.110612596	0.675913893	0.378711672	0.010246252
0.285873901	0.366869986	0.635276101	0.347160428	0.122202322	0.968835661	0.388217888	0.108946923
0.679523865	0.639485545	0.470004904	0.52370141	0.185009227	0.65635807	0.447653532	0.403589029
0.557852722	0.786550628	0.6851418	0.546481646	0.141731861	0.357970559	0.353536901	0.062322433
0.719590952	0.872642251	0.449254886	0.090977859	0.15086457	0.368375552	0.397166191	0.336864192
0.497152915	0.721803796	0.802827303	0.55542929	0.104252229	0.142117058	0.353964948	0.546210797
0.309025057	0.671009908	0.622731318	0.022389362	0.113311566	0.506805756	0.248186204	0.091765217
0.529534805	0.583100732	0.89102729	0.417370615	0.217662376	0.634998753	0.233430515	0.021989408
0.347745502	0.277687669	0.740883259	0.001785631	0.085773602	0.594474989	0.200051075	0.064082745
0.42336935	0.995535885	0.566768585	0.004383056	0.179226045	0.779493539	0.24921978	0.294962206
0.466055463	0.393603383	0.328010265	0.102294258	0.182678185	0.144693041	0.32337631	0.471721708
0.642577811	0.525077056	0.600989261	0.331241962	0.132172618	0.57722112	0.391885837	0.385391414
0.263277759	0.925056626	0.765125984	0.264874047	0.1180049	0.788403784	0.429407303	0.158995453
0.154737127	0.697284992	0.653535668	0.3356416	0.097538813	0.402874351	0.249991973	0.51852328
0.879444636	0.296880747	0.535791348	0.365471127	0.182965541	0.851846465	0.263856824	0.278897905
0.327338402	0.723306216	0.19668305	0.353206762	0.161048524	0.902905742	0.503807536	0.316168969
0.361066552	0.654833624	0.648362936	0.186324771	0.174860378	0.5360542	0.184748381	0.363207359
0.757675589	0.275079565	0.461319355	0.163917747	0.222424577	0.453246737	0.350468786	0.377560059
0.512182357	0.291557628	0.001436617	0.316368113	0.146466897	0.849247682	0.23793712	0.196554725
0.635075312	0.571171259	0.458199346	0.153965646	0.239182952	0.109503361	0.250957368	0.210999316
0.804277386	0.321276953	0.103593411	0.443928065	0.178345809	0.92677095	0.276407185	0.517901408
0.454076374	0.277090479	0.807649448	0.363209851	0.160961082	0.815189362	0.11836534	0.348355583
0.634218593	0.450997957	0.40466999	0.487908546	0.021260918	0.960177733	0.275068233	0.264969069
0.904740551	0.461285307	0.339391084	0.140568426	0.134843288	0.520153872	0.190857432	0.448423847
0.725486101	0.772017422	0.007553969	0.005586445	0.168869658	0.95686853	0.24282743	0.461039239
0.663676943	0.417904481	0.044491774	0.550366288	0.098525648	0.098913688	0.338506807	0.045274673
0.394923714	0.646564442	0.486675444	0.460278609	0.120776525	0.293466774	0.423617087	0.403015261
0.134733847	0.795601568	0.72748338	0.00733306	0.202718655	0.972966908	0.414860006	0.093158529
0.013163883	0.288677805	0.478625852	0.271969079	0.155479276	0.45405161	0.207817501	0.24250672
0.427757924	0.422564553	0.522752997	0.01865303	0.11398518	0.374486741	0.371273286	0.347745021
0.730697389	0.606755897	0.971868518	0.332873536	0.179496467	0.340207169	0.1393133	0.139491161
0.458890904	0.567467466	0.249237421	0.442176668	0.104812116	0.492373862	0.395648676	0.43870699
0.226635329	0.795087028	0.750972636	0.461361333	0.14808406	0.013321263	0.403915236	0.032869702
0.231198349	0.576045805	0.735085349	0.430701863	0.159316476	0.514573216	0.167537657	0.348776354
0.492603619	0.232838797	0.704946534	0.030339456	0.073647204	0.312261903	0.226303031	0.074294762
0.157017884	0.422541545	0.248482028	0.154708029	0.082781226	0.602736378	0.45272348	0.052244362
0.965161705	0.928546247	0.016230122	0.233129288	0.120274831	0.964267867	0.528356682	0.18224964
0.43147252	0.84269225	0.801092939	0.268669294	0.198431118	0.323606206	0.296940816	0.448058568
0.755892395	0.341880991	0.602911547	0.009695574	0.183209619	0.523691646	0.439308906	0.039400051
0.781571497	0.258306172	0.319341094	0.519754678	0.066771261	0.092376257	0.236548361	0.227034637
0.57251147	0.646227084	0.746553037	0.016648862	0.151300288	0.045724578	0.439565396	0.248965448
0.865578779	0.380705476	0.43460036	0.270640916	0.167247513	0.785040995	0.239437352	0.090028707
0.09887976	0.492109167	0.095585332	0.107029334	0.15841529	0.509096095	0.24301822	0.217856866