0.505	3.106	-0.538	-1.274	1.028	0.382	0.824	3.721
0.329	15.114	-0.508	1.019	-1.733	-0.793	0.090	9.924
-0.961	0.706	0.644	-1.663	-0.051	0.048	0.318	9.752
-0.095	15.723	0.616	1.328	0.179	1.251	-0.114	5.948
1.459	5.062	-1.261	1.243	-1.021	-1.292	0.833	2.651
-0.543	12.951	-0.116	0.015	-0.071	-1.132	-1.115	1.944
-0.519	6.339	0.870	0.381	1.450	-2.291	-0.062	9.030
0.443	12.194	-1.084	-1.098	0.652	-1.047	0.759	1.566
-1.367	1.943	0.586	-0.672	0.972	0.502	0.949	5.964
0.891	12.424	-1.286	-1.241	-0.864	-0.916	-1.241	8.551
-0.858	7.196	1.418	2.184	-0.422	0.043	-0.704	5.859
-0.894	10.270	0.210	0.283	-0.993	-0.755	0.572	1.637
-1.300	14.259	1.387	0.413	-1.092	1.185	1.074	4.845
1.820	2.835	-0.512	-1.306	0.082	0.442	0.143	8.622
-0.132	3.583	-1.140	0.573	-1.503	0.347	0.257	7.194
-0.716	7.076	-0.174	0.464	-1.795	0.605	0.479	3.865
-0.114	6.470	0.730	-1.514	-1.301	-0.121	0.061	5.835
0.091	3.790	0.084	-0.982	-1.571	-0.219	-0.473	0.570
-0.945	16.506	1.082	0.005	-0.324	-1.057	-1.001	7.829
-1.183	17.462	-1.136	-1.544	1.388	0.375	0.091	4.136
-0.496	0.625	0.767	-0.204	-0.740	3.409	0.261	0.189
-1.184	9.878	-1.806	0.551	-0.104	0.226	-0.301	1.854
0.270	9.766	-0.756	0.664	-1.104	0.180	0.941	9.201
-0.659	19.624	-0.708	-0.502	-0.366	-0.686	0.041	7.043
-0.576	18.516	-0.079	-0.197	-0.339	0.732	1.589	0.203
-1.060	9.679	-1.317	0.589	-2.027	0.525	1.621	0.571
-0.079	5.644	-0.247	-0.382	-2.341	-1.196	-1.272	0.611
0.513	15.092	-0.784	-0.546	-0.863	-0.699	-0.620	7.490
-1.422	11.000	0.423	0.963	0.219	0.346	0.733	8.746
-0.245	12.991	-0.648	-0.683	-3.061	-0.149	-0.572	8.324
0.478	5.240	-1.423	-0.751	-0.068	0.668	-0.947	0.569
-0.355	4.749	1.788	-0.807	0.235	0.307	1.586	9.446
-0.540	19.501	1.138	0.934	-0.567	0.334	0.649	9.847
-0.823	4.979	-1.899	0.077	0.948	0.076	-1.417	5.010
-0.950	15.369	-0.600	0.248	-0.687	-1.856	0.415	4.588
-2.620	18.249	0.652	-0.451	-0.151	-0.258	0.135	1.754
-0.840	19.653	-0.971	0.447	-0.041	0.061	0.820	8.177
1.701	6.722	0.094	-0.473	1.684	-0.239	-0.563	3.556
1.203	12.979	-0.315	-0.290	0.129	1.713	-0.751	6.252
1.486	3.514	-1.656	0.445	-0.402	-0.796	-0.986	1.950
0.773	1.883	-1.833	0.141	-0.015	-0.029	-0.595	3.123
0.195	3.693	0.640	1.317	0.943	0.110	1.401	2.843
0.420	8.722	-1.170	-0.334	-1.791	-0.339	-1.154	8.043
0.744	19.317	-0.323	-0.047	1.991	0.258	0.584	8.313
-0.778	13.043	-0.578	0.223	-0.957	0.235	-0.023	7.314
0.144	6.268	1.611	0.909	1.240	-0.315	0.188	8.819
0.295	6.842	0.785	-1.618	0.219	0.770	-0.844	9.071
2.275	13.700	1.118	-2.989	0.137	0.306	0.351	6.998
0.594	7.151	-0.566	2.371	0.326	0.026	-0.095	4.086
-1.615	12.078	0.454	-0.818	-1.967	-0.408	-0.327	0.852
5.720	6.359	3.963	4.517	1.965	3.208	4.725	5.001
4.727	4.328	4.800	5.585	7.950	1.438	5.687	6.474
5.786	3.005	6.367	6.065	9.486	3.417	4.154	2.431
5.206	4.376	3.075	4.690	8.849	2.827	3.039	3.473
5.923	3.398	4.200	5.329	1.657	0.223	4.614	5.277
3.586	5.130	5.023	5.626	7.474	3.715	5.836	5.647
4.363	5.210	4.206	4.435	1.481	2.859	4.157	5.364
3.926	5.093	2.376	5.539	0.912	3.040	5.084	3.836
4.411	5.051	4.324	4.482	3.839	2.912	4.667	4.901
3.502	6.585	6.472	4.315	8.084	3.620	5.040	4.419
3.634	6.059	3.078	5.405	0.745	4.835	6.422	4.971
5.413	5.891	5.528	5.267	8.622	0.896	5.994	6.511
5.185	3.589	4.838	4.216	2.091	1.595	4.209	6.731
5.335	3.001	6.340	4.592	2.659	4.592	3.868	4.301
6.398	4.600	5.619	3.185	5.106	4.604	3.729	3.818
4.540	3.755	5.197	4.376	2.937	3.491	6.091	5.891
3.896	5.008	3.899	5.626	6.886	3.547	4.491	4.097
5.969	4.984	4.063	5.436	2.556	4.159	5.567	3.793
4.777	3.054	6.540	3.893	0.228	4.267	5.880	4.357
2.964	4.643	3.375	4.168	7.929	3.383	3.868	4.774
5.359	4.650	5.677	6.344	5.100	0.667	4.136	4.979
4.520	7.122	6.444	6.356	1.736	1.196	3.275	6.142
3.792	3.854	4.429	5.771	4.977	0.652	7.986	5.366
5.092	4.753	4.289	4.830	1.246	2.582	5.324	4.164
3.894	4.781	5.372	3.812	5.112	3.192	5.011	2.797
5.682	4.975	4.235	4.268	9.662	4.262	5.488	3.108
5.313	5.189	5.568	5.462	5.237	2.255	5.928	3.941
5.655	6.271	4.550	5.720	0.041	0.146	5.265	6.171
5.982	5.353	4.877	4.775	4.369	0.021	3.855	5.086
4.103	5.055	4.206	5.232	1.570	1.982	4.785	5.939
4.829	3.691	2.727	5.327	6.036	4.340	4.634	5.070
6.066	2.786	4.610	5.218	8.899	0.945	6.396	3.070
4.188	6.430	5.557	3.837	0.912	0.271	4.842	4.787
5.035	5.498	5.812	4.843	0.040	3.776	4.832	6.720
5.297	3.539	4.802	5.220	6.371	1.969	5.957	4.254
4.414	6.713	5.471	3.686	7.417	1.680	6.275	5.226
5.975	5.743	5.644	5.943	9.758	0.848	5.887	4.238
5.004	4.503	3.458	5.452	0.392	3.665	5.364	5.249
4.207	6.543	5.401	4.187	5.580	4.775	5.622	5.067
5.476	5.864	5.861	6.467	9.889	2.178	4.267	4.804
4.509	3.784	4.889	4.865	8.331	1.695	4.502	3.908
4.774	4.481	4.916	6.727	0.935	0.429	3.117	4.624
4.478	5.356	5.342	4.501	5.911	3.581	5.322	5.509
5.672	4.363	5.845	4.331	5.241	0.079	6.744	5.608
4.164	4.309	4.442	4.463	7.331	2.676	4.979	6.117
4.573	3.911	5.362	4.520	7.794	4.953	5.210	3.702
4.519	4.494	5.330	3.807	4.717	4.891	5.385	4.164
4.306	4.956	4.560	4.936	4.714	2.114	3.818	4.281
3.692	5.430	5.620	4.136	9.008	0.816	3.398	5.515
5.019	4.641	5.840	5.096	3.693	1.197	4.353	4.839