0.272010506	0.314038154	0.44512726	0.451847928	0.297939297	0.56230943
0.124442942	0.341996123	0.310318032	0.338910223	0.35102107	0.552368474
0.107966505	0.250908126	0.567187253	0.666477898	0.309378902	0.436189085
0.120140291	0.648661321	0.422355669	0.600525522	0.340852115	0.488327741
0.052239236	0.237341513	0.979035164	0.009322399	0.343539003	0.534163342
0.052352091	0.494397142	0.447077675	0.522264806	0.309789016	0.481216564
0.051614262	0.379912875	0.407434036	0.458849171	0.359025958	0.517200149
0.313157269	0.732874304	0.063688476	0.370514091	0.33168094	0.498406144
0.227813235	0.620540483	0.100181637	0.168205112	0.299628247	0.42049139
0.309102327	0.199391977	0.153117185	0.367858798	0.348411935	0.400058851
0.334700999	0.6347143	0.256718624	0.362838799	0.265741788	0.495602908
0.046105345	0.38296	0.62956235	0.014943332	0.328954991	0.526079103
0.142778228	0.164170501	0.168946965	0.270398956	0.294550387	0.435330507
0.179274234	0.149006794	0.06626067	0.387665598	0.316137375	0.624026382
0.067591383	0.0480135	0.369978872	0.298940516	0.304559269	0.612259707
0.34078732	0.926723754	0.050569667	0.643960647	0.350196286	0.52414704
0.193686619	0.480054287	0.119219961	0.390837793	0.338989066	0.550066196
0.308616683	0.147578532	0.680955252	0.226949032	0.349075148	0.519125206
0.035361319	0.276261536	0.2563934	0.384497816	0.352774654	0.541352965
0.082505686	0.227428645	0.68064082	0.564918728	0.268514635	0.610190244
0.079698089	0.678533527	0.801113552	0.45214808	0.360985424	0.507482943
0.216177674	0.477471843	0.50706679	0.36744255	0.319772802	0.492408536
0.058418758	0.311113241	0.047219563	0.454008418	0.342183235	0.571663457
0.165607471	0.230086909	0.276082487	0.065519112	0.34754767	0.490676532
0.049420878	0.36897799	0.168334024	0.036730444	0.384191598	0.4478744
0.289153468	0.73915892	0.516853043	0.0186278	0.363419612	0.427092736
0.128523302	0.430590722	0.560516439	0.220869317	0.299176938	0.496655463
0.216884744	0.4378115	0.642893254	0.266019157	0.307968467	0.568097002
0.18499148	0.48269118	0.182246569	0.111705786	0.336901003	0.44325789
0.079896957	0.273401883	0.91708088	0.127776094	0.292109824	0.433177256
0.060482572	0.871507987	0.762657706	0.20654271	0.317706448	0.476269351
0.07609759	0.537678664	0.174406905	0.077832559	0.34592107	0.520722
0.083602955	0.095848669	0.704422993	0.166639982	0.32416898	0.428060182
0.326238766	0.418116681	0.242365712	0.592612314	0.331230438	0.471832844
0.135783486	0.050662309	0.985383094	0.355142292	0.332668405	0.558623305
0.311936546	0.270184173	0.98775606	0.604695572	0.338691491	0.499438602
0.178210795	0.051655483	0.517128641	0.65180322	0.336481771	0.54086535
0.18184462	0.342542589	0.543766642	0.221616636	0.299752157	0.499643864
0.333924786	0.103081849	0.780303355	0.086694244	0.305296297	0.444472604
0.180123876	0.793181442	0.715299997	0.060648091	0.355966748	0.565153466
0.122147113	0.430491141	0.386409748	0.289308047	0.31697673	0.452709431
0.029084402	0.690139543	0.01662811	0.094524594	0.362927032	0.398830891
0.132083099	0.220507219	0.687281819	0.039578523	0.347436048	0.491105439
0.203477159	0.029641553	0.871018323	0.21826294	0.331628973	0.325916663
0.308334945	0.433176424	0.791302807	0.140899483	0.293658849	0.537549764
0.23679574	0.92647679	0.036580621	0.456927765	0.342781697	0.551168212
0.139060238	0.767376004	0.183368025	0.331770624	0.359271374	0.500157634
0.073008887	0.700987863	0.577727576	0.043596706	0.323083056	0.56545161
0.226474388	0.651387772	0.166155965	0.304478902	0.342327883	0.610408573
0.326855725	0.153549414	0.533335086	0.581244181	0.382839252	0.556305867
0.022304893	0.132764675	0.769868585	0.150418752	0.370407122	0.435584175
0.116118257	0.495596145	0.522358634	0	0.346556094	0.473598307
0.203056741	0.840488259	0.535648324	0.237330946	0.314175803	0.471237444
0.173251108	0.408300611	0.455930283	0.686732697	0.293423628	0.506891807
0.317636472	0.258056796	0.92803607	0.491167053	0.339191263	0.508910183
0.314649275	0.582895655	0.776017389	0.238648466	0.401691731	0.53333734
0.087847368	0.515805481	0.144725662	0.382282054	0.336756815	0.492110665
0.258819975	0.647005233	0.479917761	0.437925042	0.379619387	0.539714066
0.341907519	0.009629152	0.416306057	0.645281986	0.30854006	0.528027148
0.260023623	0.42433447	0.804802912	0.644746473	0.260427189	0.586167653
0.062710432	0.2716709	0.856616663	0.033204347	0.253154642	0.419678091
0.328961482	0.831786432	0.497475975	0.078871668	0.272562861	0.412163637
0.261231336	0.433155669	0.82039884	0.283953534	0.343852864	0.442257527
0.24049018	0.313612266	0.040693684	0.043696124	0.34272461	0.474576058
0.282249503	0.822667189	0.221121769	0.075634875	0.297648628	0.51470877
0.173630357	0.586701761	0.22394795	0.351121975	0.330678127	0.492996705
0.061209698	0.050032876	0.881631885	0.258446119	0.358390324	0.485841718
0.249389832	0.125286516	0.840981203	0.412817822	0.355515816	0.482480039
0.234326918	0.795547468	0.411197041	0.147325663	0.29059057	0.516634775
0.314803327	0.757574218	0.035115185	0.699506011	0.310346282	0.418728363
0.217736326	0.986313647	0.292631768	0.381942373	0.340761881	0.53976693
0.333289933	0.867067553	0.382225573	0.438180337	0.349995811	0.523415998
0.113959177	0.946549196	0.647234121	0.130792308	0.335702816	0.432395631
0.331582353	0.650352669	0.772485834	0.502054962	0.25212657	0.369047086
0.063859496	0.359174417	0.535804925	0.008638408	0.337790123	0.50558332
0.203970543	0.05368854	0.159699257	0.51589613	0.35534638	0.436499144
0.205457369	0.726912896	0.933530757	0.231256866	0.31730769	0.56067738
0.343333186	0.387026944	0.234880812	0.456202508	0.299248839	0.513541051
0.112608045	0.500148402	0.121598922	0.411431177	0.32799834	0.590096009
0.190365326	0.273149397	0.179788754	0.574846058	0.318229694	0.549455572
0.278756846	0.642864895	0.521376591	0.083196287	0.238466953	0.489066156
0.207261244	0.837322792	0.582087236	0.150687024	0.255693677	0.535833918
0.288321795	0.076135314	0.320920182	0.035321328	0.339657856	0.573674805
0.311783375	0.084546841	0.54653396	0.219842837	0.307596389	0.540463794
0.289105984	0.324142881	0.629257767	0.677602162	0.345365003	0.487942453
0.156668868	0.444262967	0.976876072	0.368602748	0.38211641	0.459637911
0.059302706	0.017014335	0.788601407	0.379637295	0.371864782	0.503222478
0.271149325	0.736180706	0.260821253	0.051763173	0.311949329	0.507922111
0.140367921	0.712205654	0.461592038	0.05296264	0.380156711	0.503490274
0.043528242	0.146549246	0.808848865	0.319359335	0.346468049	0.471845057
0.293531592	0.206194471	0.815032854	0.440061831	0.356122432	0.497941072
0.007103249	0.286515476	0.612472519	0.339667381	0.324123234	0.520816043
0.016623639	0.000288556	0.444268959	0.166918455	0.296451412	0.536038514
0.029017176	0.195562954	0.204577564	0.253106561	0.391887656	0.410242531
0.055524012	0.144553768	0.763744031	0.008707533	0.29221487	0.438618288
0.329985249	0.624944683	0.881968945	0.519007284	0.292121468	0.496275635
0.161281559	0.105309849	0.326475106	0.420408562	0.3236645	0.51247281
0.001576204	0.494148649	0.764669317	0.667699355	0.318429682	0.523240362
0.046813937	0.740464786	0.304993671	0.630344691	0.355500347	0.426947175
0.029380712	0.935643847	0.938475863	0.31645383	0.355063118	0.437476937
0.003767133	0.595066742	0.024725592	0.592312082	0.366242172	0.516207018
0.048033626	0.722069043	0.946100168	0.706104936	0.348748912	0.581932077
0.079518345	0.609933522	0.123610693	0.057669121	0.325958673	0.548643671
0.340667014	0.932954257	0.878859162	0.091433336	0.372832449	0.464265792
0.274932738	0.052297737	0.435396622	0.143437385	0.270289628	0.474007952
0.340761628	0.025172785	0.771913944	0.261028101	0.269366231	0.501733435
0.296849076	0.565282603	0.747424989	0.095806027	0.240033165	0.478671775
0.290988546	0.619611	0.029262293	0.417030369	0.240359338	0.522996343
0.060934252	0.22136263	0.212457344	0.560478653	0.348997677	0.465646463
0.032379637	0.598267478	0.215681247	0.327918666	0.322955354	0.525587361
0.196856102	0.107622656	0.049208629	0.246048503	0.269839148	0.457489925
0.216498565	0.334072805	0.898627157	0.054827303	0.298818408	0.461541446
0.106316672	0.09164395	0.286749905	0.50214568	0.362221344	0.485991464
0.063974069	0.548058466	0.352964676	0.536455212	0.346111249	0.531821696
0.209317042	0.35603326	0.598480489	0.021739301	0.328316565	0.492616272
0.295631789	0.398072987	0.294449388	0.409538854	0.290885844	0.499236618
0.234917121	0.954051991	0.623135321	0.22810512	0.371672154	0.521939791
0.139197426	0.659840541	0.471583473	0.448045863	0.309169276	0.544412823
0.211521994	0.647902088	0.584441176	0.079260829	0.332077935	0.527720886
0.111104547	0.681560981	0.708883234	0.1460496	0.30343109	0.498689457
0.043711826	0.879089778	0.207209701	0.182631383	0.35018508	0.512355616
0.03782807	0.754435898	0.387209466	0.427446998	0.295257702	0.490908736
0.216950405	0.052154999	0.250212784	0.271549312	0.307861042	0.501195861
0.235184295	0.211588209	0.200655656	0.362866178	0.260308712	0.503449583
0.173863133	0.575380724	0.705860383	0.019702286	0.281159283	0.572748309
0.1641363	0.181206487	0.080801177	0.419738531	0.335796093	0.431897788
0.149658144	0.17392985	0.993330468	0.511558821	0.350590628	0.613633263
0.233902376	0	0.972423875	0.552516907	0.301748175	0.518842027
0.030770916	0.826909132	0.11873457	0.655266215	0.308312229	0.445390997
0.317301158	0.238398326	0.353838088	0.581113697	0.277112663	0.509748964
0.205118417	0.125952479	0.274383924	0.059410606	0.337815114	0.472330434
0.120108046	0.800668841	0.704393212	0.31680251	0.348638619	0.533114014
0.225584781	0.158549804	0.169334697	0.701725481	0.295786927	0.603128371
0.126258294	0.328317327	0.723370485	0.009299591	0.326295687	0.43667001
0.060965078	0.686578077	0.878237252	0.308355218	0.308697205	0.576092476
0.135063556	0.220801753	0.95903495	0.051788805	0.271788584	0.544935254
0.127756525	0.021278196	0.0247454	0.546049807	0.391965551	0.471069133
0.31076017	0.459991318	0.189942784	0.694574332	0.388688938	0.580742199
0.166472569	0.409717044	0.69794632	0.686726386	0.37401627	0.515064416
0.233531543	0.014115823	0.322920404	0.27759608	0.380968454	0.423380585
0.035354085	0.041001669	0.954701433	0.221196533	0.347601095	0.476847505
0.175281388	0.879439561	0.456666512	0.261639415	0.368798459	0.502585498
0.299828189	0.501423977	0.050385493	0.373896572	0.358464214	0.531942278
0.106708585	0.681990201	0.263941526	0.190930035	0.369294972	0.462042979
0.007803854	0.405230178	0.946316308	0.627243399	0.352860448	0.480436726
0.09034306	0.564296252	0.710216373	0.204873111	0.30786723	0.540918868
0.22151623	0.158443693	0.603377902	0.160388854	0.35058949	0.479240878
0.112158866	0.935142855	0.371859088	0.283559631	0.301948293	0.505795052
0.026450363	0.218854111	0.119490353	0.452597521	0.295257167	0.39393218
0.1201719	0.459877882	0.3341032	0.186549893	0.248712535	0.441325689
0.100679325	0.53453065	0.037013632	0.338689039	0.378075598	0.499594866
0.24633028	0.638722126	0.121552683	0.504382759	0.321978725	0.455827271
0.010404479	0.037001552	0.125975888	0.061296658	0.285508066	0.35849306
0.019378775	0.951125124	0.45160231	0.426187936	0.343863263	0.423852124
0.197444376	0.804856038	0.052752771	0.706847225	0.316093196	0.539827636
0.234794012	0.423158348	0.771233229	0.158808632	0.294015462	0.461110947
0.283176316	0.136018474	0.381123403	0.502953593	0.292155555	0.440308018
0.133904711	0.448205729	0.829181817	0.36093773	0.276550865	0.52549367
0.297824549	0.104689897	0.273581626	0.206278413	0.260859482	0.48129046
0.204169716	0.259088178	0.096345339	0.39385664	0.340808824	0.503805524
0.036850129	0.919746446	0.409915856	0.478150404	0.294353425	0.567521545
0.041565931	0.125694808	0.137810482	0.583646918	0.337789851	0.440048102
0.160814707	0.045748735	0.550364382	0.240204547	0.352224882	0.449405288
0.284589371	0.527637043	0.550033851	0.336657232	0.281470391	0.496893192
0.128348957	0.198991429	0.661003868	0.331887757	0.326051692	0.467416167
0.285907865	0.643566196	0.117305181	0.411285786	0.293867629	0.476719201
0.026885361	0.690325877	0.135404713	0.196807496	0.353896264	0.447048126
0.315275467	0.842599783	0.414651744	0.324143694	0.338949027	0.53207221
0.032640832	0.167660979	0.406428817	0.05070305	0.307264	0.444301832
0.010579347	0.384101309	0.869574843	0.074644203	0.304740491	0.491502276
0.18615561	0.077999006	0.575995993	0.383204656	0.3184746	0.499428946
0.279180852	0.645520085	0.1260643	0.112423606	0.38840555	0.501608483
0.258033462	0.712436319	0.276462539	0.247645088	0.335350081	0.563868567
0.04460244	0.805700156	0.915406139	0.060650374	0.293182341	0.522721107
0.246672934	0.081713498	0.107540993	0.642135854	0.24338143	0.488633194
0.008406718	0.401728498	0.495469786	0.031959431	0.289890866	0.463326978
0.141145245	0.034347175	0.383402851	0.154391749	0.349891982	0.449072662
0.251209618	0.884190148	0.35140219	0.21244406	0.304873399	0.466000837
0.243315133	0.20490538	0.971407176	0.631027734	0.317421251	0.506286876
0.13492998	0.28403569	0.782787436	0.131163193	0.305198904	0.503615003
0.334041695	0.495575117	0.995894097	0.513746275	0.325779502	0.494173688
0.062592544	0.938140833	0.7993214	0.577788067	0.320895024	0.50353033
0.128915079	0.492577716	0.289531651	0.012643861	0.358399832	0.424105243
0.292221494	0.816256206	0.228621067	0.483938081	0.360168152	0.480161657
0.03523286	0.849788128	0.267591519	0.594372907	0.273098518	0.401617089
0.257530444	0.184082619	0.232741135	0.641182143	0.342440693	0.511083456
0.339568535	0.27254745	0.531331728	0.039573697	0.271225447	0.570805558
0.305254866	0.310843983	0.229445645	0.338098717	0.295222583	0.409659743
0.324827173	0.614387199	0.898639259	0.704262241	0.243707473	0.580366016
0.18235266	0.487496845	0.494805202	0.405708869	0.359610804	0.480042981
0.299853859	0.06240498	0.390218162	0.446801752	0.274562641	0.422696203
0.324476129	0.495779577	0.888273126	0.647706424	0.385232702	0.543648371
0.18320716	0.848831049	0.788248335	0.257008123	0.310298413	0.367108655
0.063340106	0.532184238	0.035668961	0.258449257	0.40419816	0.438665531
0.26395991	0.056799436	0.316504935	0.55188431	0.339162537	0.466506295
0.322788634	0.69930028	0.798295063	0.711105316	0.345223486	0.458028445
0.180239357	0.265353306	0.169373474	0.353929737	0.321622106	0.459970353
0.249677071	0.443940261	0.224754723	0.147136276	0.393156243	0.474288858
0.027432164	0.676058611	0.043818732	0.391029849	0.255691727	0.480466719
0.321843489	0.515347754	0.981914676	0.459369127	0.305470623	0.470389385
0.146489328	0.796211254	0.48380943	0.172288481	0.366903403	0.470809858
0.015253043	0.417162861	0.497037629	0.242295248	0.358562856	0.530815473
0.155753939	0.13247432	0.266016623	0.599049604	0.342749694	0.482436651
0.152043816	0.979798186	0.664182562	0.58427899	0.361862858	0.501059819
0.118500616	0.61207221	0.825089579	0.48999434	0.246582412	0.465912295
0.17588487	0.254603204	0.565211009	0.417901619	0.310668295	0.505389017
0.014612601	0.160144117	0.332767347	0.691546326	0.295127254	0.584012028
0.199085447	0.372967183	0.373991789	0.417556841	0.315504907	0.483748883
0.151379343	0.705384666	0.238688211	0.320281637	0.345962258	0.476623589
0.088111178	0.827120225	0.379513472	0.42631951	0.394130059	0.464821923
0.17667283	0.932761056	0.263006893	0.43429696	0.357763661	0.417542094
0.155436302	0.929616183	0.079048884	0.688984877	0.36603433	0.48601485
0.18980749	0.446496227	0.286517294	0.319449684	0.398095507	0.594685974
0.118632017	0.898226141	0.115577791	0.041944481	0.342569331	0.484214139
0	0.793307315	0.651440048	0.359298285	0.330960631	0.506505541
0.238828328	0.632862462	0.463037771	0.440701	0.358791268	0.538155365
0.063033265	0.033919991	0.823501809	0.485770824	0.333206401	0.521380077
0.301285422	0.851398751	0.165578664	0.0929346	0.369536856	0.40782041
0.221634202	0.961628773	1	0.375871337	0.347789734	0.533044945
0.086288473	0.939651092	0.047347955	0.613859763	0.384968461	0.583013495
0.21733406	0.464295639	0.098249352	0.122962565	0.276251105	0.405810094
0.03908312	0.02855583	0.105508612	0.33865379	0.29855932	0.452417742
0.129483885	0.868196872	0.442427555	0.259197558	0.376147311	0.483866195
0.147875644	0.604034957	0.164759677	0.379345603	0.340758321	0.490859855
0.319443068	0.40258064	0.12967291	0.232933957	0.316453384	0.455808799
0.140007707	0.342736214	0.715610552	0.706238135	0.345782898	0.591727551
0.071365866	0.410046749	0.248649286	0.04042077	0.349238236	0.421755295
0.191497643	0.114714295	0.833360745	0.39204234	0.313125195	0.499520289
0.106721137	0.659762357	0.384138713	0.470661714	0.326842903	0.493459433
0.112238711	0.55156019	0.523216081	0.165572508	0.351653151	0.54306909
0.255984143	0.112143482	0.172445915	0.371435574	0.322038017	0.427537417
0.185174936	0.392268447	0.334131507	0.507031443	0.305701517	0.495300524
0.22379189	0.31050372	0.950919314	0.158309282	0.279612764	0.526028067
0.134653837	0.716908398	0.647829547	0.283625159	0.29707368	0.508450564
0.159506027	0.394664522	0.066203875	0.036490041	0.343248053	0.516969545
0.09449	0.683384982	0.632489239	0.023988374	0.374267593	0.587700752
0.190478915	0.925739897	0.717463696	0.451423675	0.31092713	0.563272426
0.259288879	0.559595683	0.803942946	0.043494434	0.314197268	0.511335842
0.090120175	0.490092495	0.851342937	0.527023918	0.327035575	0.545257648
0.14069068	0.538766793	0.812381767	0.521876218	0.314641617	0.411410659
0.04892457	0.397849878	0.539765038	0.339051036	0.310771896	0.57293532
0.105451786	0.602996356	0.754861215	0.202774994	0.299660482	0.490577067
0.112394605	0.102967596	0.455433031	0.232779991	0.317759163	0.507347607
0.326890994	0.28753069	0.426623773	0.096591152	0.346870322	0.489403876
0.169720036	0.309925735	0.772940729	0.663042616	0.332621912	0.505413245
0.254607616	0.584553357	0.780809726	0.364413153	0.316854564	0.513086993
0.21411127	0.097830028	0.495483371	0.126699731	0.286146348	0.591875025
0.114832625	0.930078589	0.317723431	0.094970946	0.36587433	0.510125899
0.317725501	0.690504018	0.080722986	0.557632567	0.29774132	0.536634242
0.135909668	0.979778233	0.044290217	0.265700583	0.309936045	0.587323967
0.400000507	0.635975867	0.698803117	0.500790449	0.557982825	0.893822489
0.364170244	0.342253437	0.418695286	0.444105311	0.838925303	0.577978066
0.386566398	0.519998075	0.273230934	0.054927409	0.918897731	0.685651373
0.460227506	0.389774329	0.059288778	0.523432647	0.435490477	0.573394369
0.410965693	0.43614974	0.730315282	0.032891724	0.396532499	0.695545385
0.216052299	0.42535443	0.295666408	0.016796869	0.442294436	0.659808863
0.515375016	0.564575914	0.71835363	0.072037092	0.586849617	0.534143836
0.376848654	0.410258354	0.073664427	0.631254077	0.345329824	0.769293243
0.416629298	0.574696185	0.419680332	0.441483638	0.389498172	0.543634088
0.268164019	0.658854796	0.739026553	0.152469345	0.868948151	0.665982102
0.291301823	0.639558399	0.99652161	0.289905904	0.73951679	0.662495736
0.308483146	0.591750754	0.327328813	0.063911344	0.676698457	0.544506111
0.347531	0.402479955	0.001432702	0.059205869	0.809840856	0.581170928
0.311339842	0.56250489	0.103606625	0.11725108	0.376874575	0.777399399
0.21666224	0.701707896	0.536417093	0.134305312	0.691373929	0.779636115
0.290079247	0.557290436	0.670889434	0.541869048	0.494103475	0.932985386
0.44431081	0.421368665	0.407773436	0.071216669	0.595051058	0.535498604
0.369951131	0.537292591	0.38276121	0.213585355	0.592029869	0.956666531
0.322010066	0.5435388	0.416083062	0.082356645	0.836041811	0.626790538
0.302264298	0.51428304	0.0785126	0.260421172	0.46699225	0.997257143
0.442735252	0.468337374	0.727656585	0.462111584	0.991899306	0.661704584
0.360688934	0.600567518	0.643273318	0.485050228	0.70245732	0.818315525
0.326479017	0.422625266	0.493200936	0.318924876	0.767409327	0.757906922
0.341827663	0.419254362	0.922027344	0.277147646	0.648316182	0.998489594
0.340692846	0.586286786	0.41222322	0.175718781	0.676342406	0.668245516
0.280264276	0.550110102	0.994366099	0.46556974	0.521908762	0.75399587
0.354013615	0.529267325	0.271318282	0.050033005	0.693928895	0.635857045
0.407112422	0.50327933	0.173339922	0.58625956	0.703558084	0.704721343
0.197220428	0.374706238	0.822219384	0.069318599	0.786807528	0.517488498
0.280908867	0.606819047	0.048053795	0.571168384	0.859443498	0.802730322
0.398191819	0.425116904	0.748355111	0.172313738	0.915814911	0.907427173
0.309113357	0.449963378	0.340908875	0.058093407	0.762065482	0.896363204
0.378316741	0.635333509	0.176126298	0.42477806	0.760364413	0.788674005
0.297526339	0.560288414	0.828985125	0.659828608	0.490222068	0.828235159
0.337737628	0.567443407	0.112234104	0.477402782	0.462470082	0.621997201
0.444066841	0.615667128	0.666320921	0.155927722	0.422910365	0.729689906
0.394818492	0.576470414	0.175882011	0.436327123	0.697996631	0.68261911
0.249129186	0.549677254	0.457505558	0.342861611	0.812229663	0.830607514
0.293801993	0.715411172	0.648270976	0.209778717	0.630733953	0.768596124
0.338338544	0.682811821	0.644093384	0.096694432	0.536310423	0.567686703
0.385207059	0.563215708	0.517464708	0.173961153	0.947506203	0.911774615
0.437681103	0.404341459	0.171067953	0.307773507	0.443033259	0.828383565
0.296148747	0.36758115	0.907944107	0.259446129	0.33164717	0.746312964
0.263230653	0.376354178	0.792478441	0.62514474	0.766650399	0.627530448
0.319338543	0.679158197	0.227732515	0.32965852	0.964735352	0.985608168
0.331472632	0.507565277	0.966950454	0.635294704	0.971688034	0.530585868
0.350334035	0.261220862	0.926847575	0.442135321	0.633285691	0.774559217
0.318979865	0.520136679	0.121491886	0.689693251	0.760172273	0.506315104
0.435531634	0.554107732	0.50626264	0.192989732	0.404323911	0.839226254
0.357044334	0.482311528	0.856206386	0.074190681	0.764236279	0.633384559
0.188456762	0.295893618	0.460898925	0.121036246	0.458560824	0.988949247
0.311829187	0.496567059	0.322024914	0.020034708	0.658633396	0.6554112
0.481003965	0.31133406	0.451190313	0.463084165	0.645139631	0.934540062
0.322563906	0.468438226	0.604509137	0.61979158	0.736075776	0.770611516
0.252714716	0.394732612	0.853985621	0.33428487	0.465461312	0.552129786
0.276281924	0.508852829	0.936834218	0.547509816	0.579251592	0.529568108
0.370266587	0.489908732	0.683977573	0.69944542	0.752890703	0.565006941
0.28070397	0.5045226	0.095322011	0.520410762	0.608064323	0.575213124
0.382238486	0.527132943	0.538656582	0.312720822	0.592466011	0.50560389
0.326816196	0.385048123	0.602550397	0.459998557	0.577369094	0.854237383
0.416476954	0.533440185	0.497919114	0.131825323	0.350271069	0.972166059
0.246220401	0.523474392	0.678346938	0.291258346	0.77516472	0.570048536
0.366647244	0.434714501	0.995323645	0.504964013	0.835238996	0.580485263
0.477294196	0.527047627	0.603870658	0.657400134	0.837066504	0.892740736
0.339280592	0.484013155	0.426148117	0.585358135	0.421007747	0.957224707
0.282022257	0.489433953	0.142861522	0.131341028	0.60336585	0.527347698
0.491360006	0.597102449	0.820277782	0.199848118	0.545039373	0.540585685
0.340801035	0.436588234	0.766483737	0.585185824	0.919112592	0.928854779
0.275915211	0.5713197	0.451569549	0.503270066	0.635795956	0.963613619
0.266111184	0.437994946	0.441330527	0.400154171	0.754632149	0.928048711
0.331612509	0.517108322	0.456791253	0.327663761	0.375285722	0.516517369
0.458685788	0.57330564	0.495890765	0.247278871	0.89319715	0.78765613
0.425205031	0.552621187	0.709098044	0.45122818	0.924462729	0.496167891
0.250015539	0.493308431	0.002840394	0.212465913	0.428097283	0.981622619
0.388581143	0.508108175	0.47607359	0.629597852	0.548211116	0.603340629
0.338904222	0.581616527	0.093561939	0.133094492	0.960971999	0.626610315
0.469955823	0.288001132	0.59606756	0.081601056	0.460908719	0.553080749
0.3523404	0.30845703	0.91109529	0.551929901	0.493969222	0.63475666
0.259553564	0.543325107	0.810177062	0.448657405	0.722084945	0.595344346
0.267758402	0.323825771	0.545994149	0.087336363	0.759031455	0.87025285
0.302296028	0.603272218	0.567901476	0.002388126	0.426913909	0.903143603
0.365388825	0.50945283	0.721115464	0.531789444	0.43148012	0.616334237
0.276064262	0.522572934	0.971094854	0.239581979	0.55620516	1
0.353188275	0.576019264	0.863520382	0.698855399	0.706435183	0.990623806
0.275432613	0.52889766	0.01679682	0.553267841	0.697371409	0.925753915
0.42444624	0.652312737	0.665748649	0.300150736	0.538115024	0.825630956
0.35874645	0.356434335	0.639703347	0.084672223	0.991958582	0.501916425
0.240145572	0.628930585	0.114654295	0.029583518	0.568738323	0.712470373
0.445318287	0.548150343	0.513725543	0.451416392	0.601453664	0.973542121
0.245029486	0.391429956	0.628965205	0.266201335	0.886741197	0.646628835
0.283558046	0.520309196	0.266700541	0.550234684	0.359471865	0.759294646
0.377078575	0.535989624	0.820683313	0.221709465	0.453122802	0.633582439
0.307028304	0.631642729	0.158956249	0.588959868	0.357119058	0.718618158
0.347332374	0.448060987	0.806848979	0.116199644	0.865679377	0.789684944
0.423100526	0.588577791	0.4767296	0.039449705	0.803875754	0.585332778
0.410496891	0.340196138	0.584535039	0.413127215	0.347315504	0.676937217
0.366483715	0.53288975	0.011877891	0.304318482	0.618046407	0.753514295
0.453455423	0.374358937	0.121330602	0.30862465	0.586695302	0.759602877
0.287007062	0.516350999	0.510168323	0.105477142	0.785416825	0.989935557
0.216715672	0.61978563	0.963076651	0.370975813	0.661249972	0.589143085
0.293296527	0.569380865	0.628346147	0.438952928	0.603634676	0.827046003
0.292134161	0.409920626	0.843869997	0.458790303	0.470024703	0.961144507
0.386903138	0.46062318	0.414832615	0.349169084	0.763265128	0.77581623
0.422872687	0.339019536	0.765953712	0.350326952	0.331674728	0.956791912
0.357230403	0.392613207	0.788214431	0.201940692	0.883078248	0.559916485
0.368687105	0.693379667	0.733521397	0.609512892	0.587874713	0.671981554
0.335307366	0.658932208	0.875825399	0.659204663	0.944902228	0.600645805
0.358290748	0.679844954	0.015161061	0.147400586	0.735361529	0.654206009
0.364309044	0.518673242	0.233593488	0.240696117	0.747812011	0.737144459
0.368118192	0.543712132	0.530103643	0.253679244	0.782555113	0.940530545
0.357241679	0.420501166	0.375689928	0.66656301	0.580911378	0.617634114
0.360335476	0.445194664	0.918134243	0.517004956	0.36943084	0.828393431
0.387965521	0.372993014	0.297765324	0.048133754	0.99488031	0.865536656
0.357704547	0.464322088	0.302203693	0.681971502	0.618135976	0.553224324
0.364657307	0.577029911	0.150657844	0.004719552	0.780091147	0.631790342
0.379999785	0.475715196	0.218846815	0.671730495	0.356654092	0.559846712
0.359614682	0.482211907	0.163997582	0.066368722	0.795555084	0.943247962
0.364369537	0.385237067	0.758282822	0.564112712	0.578951429	0.555010304
0.48376163	0.507449574	0.113613421	0.64799327	0.406256505	0.971162973
0.27571204	0.480632259	0.665304499	0.510786858	0.684696086	0.520732262
0.505333681	0.470355177	0.448586144	0.699953933	0.330977755	0.587548051
0.395176526	0.366554181	0.228866052	0.205834429	0.636873618	0.713303185
0.533571659	0.606375107	0.674176423	0.652519258	0.549114278	0.677598766
0.153654755	0.519405479	0.621119	0.639027638	0.820039232	0.748659746
0.293050567	0.527378597	0.986795143	0.517909455	0.546950549	0.558186605
0.400577629	0.448758342	0.938373022	0.054529655	0.773997703	0.741175634
0.428000655	0.341060068	0.525082406	0.601404475	0.876126835	0.562045677
0.28590355	0.522759087	0.32146107	0.689542307	0.411119113	0.524784455
0.366941766	0.557152871	0.33862092	0.641035639	0.533487756	0.523939646
0.24080939	0.541107827	0.92791176	0.203798997	0.784206358	0.853128654
0.39180483	0.464251012	0.491160496	0.272623724	0.469070605	0.525361527
0.292840295	0.374435335	0.711785583	0.126097712	0.994186211	0.669433869
0.352685328	0.436973545	0.667063196	0.261722266	0.898192221	0.623611051
0.437278168	0.455041347	0.460087559	0.47368027	0.842285708	0.703188819
0.374644122	0.580904676	0.687001629	0.29521876	0.356589248	0.691918594
0.368627689	0.607864067	0.895589964	0.687102996	0.845834277	0.601177494
0.399307778	0.361401342	0.783368456	0.582804415	0.596876587	0.934225235
0.407150531	0.46642814	0.314125923	0.194191015	0.865675725	0.51696736
0.274411321	0.56355886	0.661909415	0.292231223	0.995829363	0.858520189
0.352838528	0.53364473	0.719331672	0.623940369	0.983131762	0.997535591
0.374543225	0.286536273	0.254750026	0.306627577	0.508817402	0.86158889
0.267483028	0.608387371	0.338757694	0.695945929	0.678782754	0.859896937
0.399164118	0.400339097	0.433681028	0.379788704	0.552331554	0.516203143
0.429593448	0.503325819	0.156626501	0.423297041	0.531554775	0.817374604
0.39864005	0.680606449	0.309580566	0.397229798	0.64674581	0.885633119
0.330580217	0.631333578	0.129034449	0.298427607	0.605049204	0.594768432
0.350777703	0.512521047	0.107342234	0.076726218	0.945320021	0.821949607
0.359943025	0.537320662	0.999528281	0.359440998	0.773002259	0.689420613
0.420863461	0.629831404	0.446807478	0.685614398	0.436958176	0.735443607
0.276854484	0.352025203	0.683187043	0.685340266	0.777091875	0.840553115
0.277823627	0.658101454	0.74007656	0.369569317	0.839291974	0.49704443
0.40341526	0.328821442	0.895443985	0.327067674	0.872662527	0.860389053
0.295736286	0.409826513	0.913684304	0.228880442	0.644439867	0.725123683
0.396457891	0.3783187	0.084705531	0.586670958	0.617892086	0.609078359
0.320025433	0.371241995	0.85445896	0.286307972	0.331184925	0.918288685
0.318766087	0.309581762	0.108397135	0.128619098	0.427470486	0.845969866
0.312488621	0.320410383	0.835714295	0.709385358	0.556406233	0.774832354
0.402256086	0.536426449	0.175408789	0.386790283	0.599699248	0.618568277
0.304033438	0.33475496	0.541970194	0.305273209	0.806179397	0.997846815
0.362941958	0.519188472	0.142498966	0.035729526	0.84629912	0.888395912
0.313318236	0.434218311	0.121651422	0.419826708	0.947315604	0.721749225
0.292018814	0.537197031	0.586834003	0.23420535	0.52402425	0.871961405
0.361939082	0.471184959	0.440215109	0.179964388	0.732754432	0.868770244
0.294236669	0.370259378	0.825158032	0.657648798	0.911308858	0.72109581
0.377998402	0.365881325	0.087309822	0.662851122	0.829305836	0.745891654
0.280624207	0.613833534	0.457156744	0.370956294	0.559952812	0.658994663
0.300792324	0.563410843	0.352973098	0.610507828	0.398777074	0.60097077
0.396935592	0.580139486	0.532728078	0.503022749	0.667799914	0.806865521
0.286712915	0.617332861	0.179840816	0.186780577	0.917191057	0.993432068
0.41664402	0.501387551	0.336942494	0.337594911	0.823422416	0.954003818
0.226286152	0.361227724	0.656529734	0.403396084	0.531089265	0.976959856
0.366319383	0.278874808	0.148900849	0.163675781	0.554242278	0.949764616
0.299083415	0.528129333	0.724052685	0.62284949	0.875298396	0.578433108
0.457334809	0.439532191	0.349290264	0.584038675	0.41102043	0.988253756
0.261505294	0.52117386	0.858776067	0.039135254	0.50134414	0.694151886
0.281032059	0.467112378	0.057433465	0.226227312	0.947221113	0.76372217
0.41416206	0.338202537	0.329463514	0.365493104	0.482193699	0.630002378
0.309516614	0.463181094	0.781990639	0.64382886	0.359530781	0.912524905
0.274144698	0.350946355	0.255362275	0.603263369	0.819110266	0.572380614
0.34581617	0.468342171	0.990623721	0.490822093	0.583377952	0.634195796
0.384386004	0.410745539	0.150053794	0.539822771	0.514148195	0.98600206
0.364609906	0.572457493	0.501649759	0.074234515	0.868553192	0.946439625
0.41147681	0.46364359	0.536689483	0.385113962	0.765434699	0.518533007
0.390863762	0.604081391	0.05469181	0.505889413	0.818804135	0.814684995
0.468666927	0.664641226	0.888708775	0.64405517	0.841973401	0.586729717
0.324455965	0.52138124	0.005682386	0.252982406	0.734387368	0.929924203
0.453554305	0.580396839	0.590019767	0.633069348	0.452165358	0.864921762
0.360879997	0.480832107	0.520972137	0.570362991	0.912628478	0.530587946
0.393260235	0.405601862	0.20750845	0.118709139	0.630847816	0.648059026
0.268710202	0.387432804	0.195034551	0.394090217	0.633104626	0.799861229
0.484557764	0.542762076	0.307710394	0.204206918	0.699150239	0.922535495
0.437992463	0.50946457	0.708758387	0.248929097	0.566527667	0.98189051
0.329980991	0.492435522	0.255523568	0.256883406	0.649591083	0.858141886
0.248805902	0.545390907	0.650761834	0.208671197	0.466153043	0.798510981
0.386246105	0.566393322	0.253025622	0.378018243	0.553705944	0.981687378
0.302555859	0.332879405	0.484675375	0.121333881	0.446142863	0.679133367
0.414570159	0.464346314	0.121542167	0.29928207	0.488506995	0.899851095
0.444273832	0.413176517	0.391664331	0.157392462	0.494377068	0.853749387
0.405288674	0.597214784	0.876912993	0.581072792	0.513924732	0.688487748
0.334128496	0.381574345	0.536542667	0.069816949	0.745126864	0.865733675
0.391140517	0.364654937	0.600004438	0.498832407	0.333650691	0.567477844
0.317927766	0.406174739	0.010534487	0.25434124	0.662149864	0.808239943
0.157450534	0.58704833	0.359814361	0.045221777	0.59959647	0.790634325
0.323143407	0.6055982	0.746365197	0.038380739	0.681627711	0.81220901
0.455423166	0.363215123	0.721898443	0.029453076	0.765156511	0.499348935
0.296554088	0.475631329	0.586638727	0.235622191	0.346353897	0.862838626
0.387903437	0.611274883	0.624177155	0.050243808	0.403330492	0.54244551
0.391305261	0.424549013	0.153203126	0.666551676	0.351786461	0.825623054
0.323661333	0.390473769	0.373191563	0.447776058	0.623479926	0.558830715
0.329026578	0.514373846	0.405616957	0.282726241	0.645141755	0.582242125
0.334111694	0.430554466	0.616671417	0.564227556	0.981237374	0.710191671
0.289447037	0.282393564	0.367060315	0.237473256	0.964161719	0.970611514
0.205949952	0.418574661	0.395976936	0.445537268	0.380162881	0.842197219
0.289097266	0.497127442	0.414904283	0.396567028	0.63590838	0.965611837
0.490331289	0.644800781	0.13172736	0.676457014	0.434664131	0.848312705
0.303765811	0.548259896	0.394007222	0.157780494	0.651125362	0.50907105
0.377767657	0.720990722	0.423634751	0.447058421	0.706786564	0.779482864
0.35018518	0.393626518	0.161925575	0.185597889	0.594157978	0.833855008
0.410735574	0.455339661	0.560798268	0.019255203	0.393316021	0.900705786
0.325301611	0.574705306	0.46107783	0.657507748	0.430714943	0.771666293
0.415238273	0.335648241	0.799997713	0.096660071	0.730781279	0.784602074
0.499878956	0.403851378	0.615108727	0.34930924	0.631725727	0.797043429
0.251291173	0.430433288	0.509371056	0.160543241	0.84193599	0.583494634
0.397629921	0.38870706	0.515121376	0.47117483	0.474990418	0.9543431
0.31058487	0.514762773	0.448219085	0.177179123	0.536673558	0.564223549
0.430647856	0.467310703	0.811154429	0.081692831	0.618951045	0.623264185
0.378536206	0.510092534	0.876636831	0.109286788	0.741598168	0.920864785
0.499641571	0.401459403	0.929223233	0.437025622	0.985624975	0.733948367
0.387740007	0.527333321	0.994272983	0.621035076	0.410837755	0.772744322
0.284147605	0.248662468	0.718292749	0.043828639	0.518063261	0.863897363
0.378364026	0.564664866	0.299395416	0.037826726	0.611543921	0.721675857
0.351777004	0.364300157	0.425800429	0.350228855	0.739142559	0.85116899
0.341676113	0.478322767	0.390471704	0.223147179	0.699641619	0.612129738
0.369013256	0.495092807	0.012875175	0.505296074	0.891285844	0.537949769
0.380972675	0.377862655	0.180259126	0.371259226	0.876053272	0.526488552
0.481114185	0.415523034	0.635557262	0.540375327	0.572201722	0.700358768
0.389251211	0.444895843	0.37844437	0.353708986	0.574602683	0.786939199
0.361730518	0.543995932	0.116195305	0.348834206	0.582910385	0.652855372
0.308642952	0.494627267	0.418154218	0.101006756	0.839269793	0.518343084
0.394247852	0.416277463	0.345260646	0.471774813	0.802385684	0.783457917
0.398926708	0.318645345	0.738823541	0.594435165	0.34019012	0.838735898
0.316042849	0.524059815	0.956702722	0.071195305	0.834970414	0.952604435
0.384811582	0.561548046	0.897518846	0.04243134	0.664332874	0.640992512
0.341548657	0.513984683	0.302609678	0.48410857	0.385655293	0.855854063
0.269291793	0.590923088	0.723670206	0.567018817	0.882211165	0.835710325
0.375710671	0.544375396	0.99822675	0.163001778	0.381325401	0.860778346
0.37148469	0.707069971	0.124908717	0.381981552	0.501106475	0.978335548
0.343811808	0.511996855	0.920944498	0.110361421	0.496096783	0.515615552
0.289969091	0.391524774	0.393847006	0.334516444	0.58946513	0.601343506
0.29527678	0.471265219	0.623526763	0.003057472	0.339047903	0.627665206
0.13085919	0.791068533	0.658810453	0.510964029	0.077321263	0.155640679
0.194285606	0.538616945	0.046390283	0.244868386	0.115418178	0.101848914
0.224309614	0.952361849	0.696015549	0.56521545	0.093818915	0.103638004
0.127061896	0.593297812	0.861150895	0.639242911	0.102302876	0.186217226
0.317448019	0.686082538	0.094933565	0.51066776	0.064985068	0.10881888
0.15075001	0.264239026	0.363530337	0.230331506	0.09347948	0.116377284
0.241247744	0.875408824	0.285426278	0.193250878	0.054598431	0.158904007
0.121673865	0.224478207	0.335272814	0.206426148	0.101298997	0.187698547
0.231817819	0.691855661	0.018830236	0.392484922	0.129335578	0.005884565
0.294323837	0.331548225	0.093231448	0.215115463	0.094206715	0.138974787
0.012708539	0.98782936	0.310506395	0.258063135	0.133480675	0.085729694
0.214367154	0.903207111	0.803249346	0.555858821	0.09401656	0.095804987
0.200535804	0.84678859	0.908251775	0.650522341	0.154920294	0.162946642
0.160046883	0.414585055	0.144756212	0.07791703	0.104094158	0.079632615
0.128970181	0.941814715	0.403836032	0.383178549	0.024738671	0.119928992
0.014784862	0.64126739	0.660276607	0.669031581	0.073934699	0.062685533
0.172235405	0.132913235	0.073183402	0.494061117	0.109851606	0.145133265
0.110561178	0.287945505	0.844375237	0.275130718	0.099953638	0.117985657
0.078971061	0.181966601	0.580082122	0.07563207	0.126071166	0.13542302
0.262947758	0.12195161	0.27271611	0.257172448	0.057355108	0.141902868
0.282339237	0.275752656	0.859507183	0.255591453	0.106672636	0.115922429
0.009990099	0.545078029	0.175836388	0.46633223	0.105372983	0.229697522
0.270284769	0.968871197	0.195921007	0.351333204	0.118714185	0.207642021
0.185870298	0.842141344	0.976825288	0.24861426	0.067263762	0.119937386
0.091917813	0.017110855	0.142197214	0.379476159	0.158095643	0.10475648
0.310629049	0.816957749	0.686276336	0.450570208	0.107789061	0.166013112
0.326047237	0.240276316	0.388163159	0.521593806	0.042315851	0.177009004
0.084102354	0.462699791	0.163104913	0.253305226	0.154320051	0.08944116
0.301792108	0.698220729	0.614639041	0.180678654	0.065687238	0.105468112
0.32755788	0.171187842	0.573945612	0.352501803	0.103454735	0.076899206
0.233522196	0.039647956	0.125467361	0.209252616	0.07277239	0.102440098
0.309704611	0.048733588	0.818336961	0.244500494	0.03434753	0.120069793
0.100101179	0.211104101	0.28208677	0.550376814	0.108803475	0.139997509
0.09677169	0.182597104	0.984412146	0.215989535	0.114166365	0.168102245
0.207244052	0.628829798	0.019302186	0.66542386	0.058528743	0.141939891
0.183963536	0.395838741	0.768932537	0.412537553	0.097588095	0.127307244
0.059351845	0.130418111	0.094747005	0.131433484	0.108896468	0.155613271
0.222082352	0.234156247	0.236467268	0.638391124	0.127833692	0.149051293
0.072705168	0.401307274	0.12672734	0.069351077	0.080721375	0.169994127
0.271634984	0.848174489	0.217856109	0.273817376	0.081131313	0.211014313
0.090737788	0.314548526	0.066447904	0.687345073	0.065243811	0.044705227
0.332498777	0.855682659	0.724057975	0.069144305	0.080096343	0.16484309
0.340993258	0.285969728	0.319349933	0.504735187	0.066504214	0.055651645
0.086377261	0.930533587	0.555226277	0.555346969	0.076173354	0.148956505
0.221663654	0.831477479	0.068785712	0.314139026	0.082464715	0.216173598
0.123642545	0.927560994	0.877693848	0.26246828	0.101835085	0.140544209
0.049517431	0.579700574	0.945210956	0.645076071	0.107928656	0.067284741
0.027742943	0.696709637	0.360552396	0.476102967	0.080833019	0.127172791
0.274400917	0.952639231	0.246479971	0.625358823	0.094080531	0.135232786
0.026619134	0.359823918	0.791861957	0.417151998	0.06595765	0.175083397
0.099027916	0.987071462	0.181138005	0.609436843	0.03795925	0.185851376
0.018999233	0.171955778	0.383005468	0.390666976	0.154855022	0.156411096
0.167706237	0.219397106	0.906940736	0.119184828	0.142258596	0.082761837
0.275806728	0.633828005	0.757113062	0.494154002	0.083874186	0.126004547
0.208553934	0.593722799	0.616506669	0.698875021	0.131409018	0.164944367
0.152267449	0.658642797	0.706857551	0.035624751	0.12736795	0.196632255
0.219318194	0.341278527	0.262415025	0.658405664	0.112303048	0.207185387
0.178182842	0.298570308	0.822317817	0.316178762	0.106905676	0.166961129
0.008200331	0.586386397	0.636459058	0.410234073	0	0.134785423
0.006763553	0.310318891	0.634824362	0.571908413	0.084716319	0.145265271
0.302819829	0.177021018	0.141809505	0.216492522	0.086755638	0.184978125
0.037486666	0.294863978	0.4558431	0.575079726	0.087044944	0.157821888
0.295863858	0.473464315	0.583132781	0.021673405	0.107265217	0.083836117
0.164274555	0.354414103	0.580565825	0.352375066	0.087099051	0.165761097
0.3126325	0.512132211	0.183077639	0.507683574	0.120335513	0.204982512
0.276875586	0.760331449	0.148857125	0.588667926	0.127275364	0.146246333
0.178965386	0.686929639	0.897697219	0.669177252	0.056300843	0.108295291
0.00197329	0.632133401	0.206786647	0.122078837	0.058145931	0.114190489
0.330791927	0.47265295	0.264935384	0.495971527	0.07958747	0.138542205
0.120450956	0.10892973	0.679887997	0.341330371	0.079559719	0.034646454
0.137391984	0.035527386	0.335715559	0.40720781	0.117826863	0.121810963
0.138540175	0.828816899	0.956229315	0.433383472	0.091525754	0.131146263
0.203850209	0.357164824	0.764926512	0.490390621	0.103497195	0.081666255
0.313519364	0.701090188	0.6591638	0.055815247	0.116843489	0.056839855
0.304570132	0.770001868	0.340646976	0.171746589	0.123785108	0.066152473
0.217620511	0.273578053	0.022712864	0.194997781	0.079361665	0.077511581
0.019871293	0.935717589	0.860778846	0.170485396	0.096765292	0.183622823
0.279445344	0.375905335	0.561933952	0.55593586	0.126134407	0.122430304
0.191394872	0.189907199	0.946778776	0.369903292	0.104203054	0.154221935
0.286704874	0.733074315	0.845362941	0.471222049	0.123385534	0.092084245
0.096461095	0.113521242	0.517528623	0.3735176	0.130710924	0.207568201
0.329054281	0.271773271	0.952868934	0.548713047	0.049509045	0.105913823
0.056987509	0.22022962	0.270494125	0.165971119	0.214538345	0.17423224
0.307624151	0.543343956	0.45438119	0.0984079	0.042858487	0.181045088
0.139142449	0.720836598	0.731138134	0.357497449	0.097776349	0.160162798
0.005377704	0.96641408	0.204999946	0.430722702	0.207779287	0.161826001
0.00443549	0.223730645	0.910247165	0.654623848	0.131688351	0.09037914
0.267644764	0.480623367	0.132772428	0.560043565	0.081907403	0.121897744
0.236373069	0.595938911	0.441380782	0.129629378	0.135718152	0.16335544
0.256651855	0.957659565	0.353157913	0.016900716	0.084952966	0.10967041
0.171985582	0.332285059	0.266981554	0.71219058	0.062631869	0.096139795
0.198794102	0.49303796	0.374780763	0.552735229	0.058227222	0.137453576
0.190574596	0.049192414	0.497519095	0.060300977	0.108904208	0.175665726
0.170232156	0.604197989	0.265137003	0.114757001	0.063212589	0.220138573
0.26644527	0.730132766	0.548648415	0.233748274	0.09302459	0.216881959
0.05877578	0.984414647	0.039289692	0.142167762	0.083580246	0.063376325
0.341031866	0.036259258	0.506838947	0.218706235	0.023724928	0.232117837
0.031873902	0.077237385	0.979195519	0.70107164	0.061574026	0.12144433
0.140410966	0.480355299	0.647826676	0.422540582	0.093909731	0.077932727
0.174591797	0.689989147	0.113731319	0.086494836	0.113486287	0.211586651
0.216408149	0.378851791	0.011424931	0.34825404	0.027963489	0.119710464
0.234969577	0.511226118	0.851113183	0.049652384	0.119630865	0.082264237
0.258657257	0.53247331	0.25662507	0.212508373	0.123752375	0.110575378
0.22504553	0.871680941	0.371210831	0.193812664	0.048264221	0.078631668
0.233208914	0.288926466	0.187631669	0.619473454	0.097489795	0.286966009
0.339601913	0.853433759	0.286024813	0.211100293	0.030027466	0.230390636
0.254911923	0.730716486	0.506453019	0.706272273	0.089991391	0.112125995
0.069249142	0.469696281	0.853428158	0.180547861	0.148941409	0.100924219
0.232675315	0.009570683	0.641871154	0.263839954	0.057992373	0.248696055
0.32473516	0.591073255	0.064061496	0.352363326	0.148075454	0.176921292
0.035029694	0.040509411	0.573139928	0.268201197	0.138067145	0.030395355
0.340946849	0.008094804	0.752085638	0.08619923	0.118646936	0.160609124
0.004388938	0.265934295	0.152946258	0.584436991	0.127549526	0.191051947
0.136701289	0.732956032	0.291061343	0.370856435	0.114975834	0.16226298
0.104277551	0.832427974	0.71414897	0.170556425	0.065919437	0.141560129
0.336793813	0.004177122	0.891481064	0.338997895	0.038376725	0.090599468
0.119309153	0.090559015	0.726585432	0.599215463	0.098340975	0.06484407
0.332331988	0.314270965	0.16665073	0.344712074	0.076918952	0.192684097
0.181457306	0.650719258	0.974142212	0.530620567	0.073210585	0.205633359
0.085849693	0.384218852	0.345900429	0.657285956	0.142883861	0.233832884
0.199295507	0.580744418	0.006714705	0.170997136	0.117852695	0.154841171
0.298416401	0.63387191	0.146508089	0.639071727	0.102879605	0.216656042
0.235785131	0.66894255	0.140405121	0.122453233	0.08706726	0.164866579
0.092390625	0.310660141	0.249001561	0.281731849	0.085406478	0.06862445
0.1305697	0.968274474	0.347612948	0.544731213	0.110543392	0.224650304
0.206416252	0.853512475	0.176255454	0.438495134	0.089712975	0.098988838
0.233292892	0.096741567	0.213852722	0.406649601	0.117256282	0.039079306
0.050852799	0.841361898	0.2623273	0.29597879	0.123790874	0.083275738
0.029177076	0.008924324	0.172303132	0.631491852	0.027695263	0.22275315
0.227945859	0.314646524	0.331377363	0.397582041	0.126182033	0.009057433
0.089832476	0.405192034	0.753248304	0.270386509	0.115578524	0.120612145
0.047549222	0.939262273	0.314851322	0.276258302	0.087699139	0.018128055
0.042317851	0.338433667	0.413017354	0.413522619	0.040923604	0.054648029
0.142215654	0.265938906	0.567336059	0.38864353	0.105139878	0.108847811
0.029323243	0.27053784	0.182152544	0.353724496	0.034963097	0.217208721
0.197163034	0.597768519	0.15600804	0.20239383	0.091138946	0.107127327
0.31036792	0.146910264	0.21477005	0.013251358	0.084134899	0.100399655
0.20229109	0.926443595	0.550398749	0.101635484	0.133843276	0.096494406
0.011385437	0.855371994	0.277504078	0.557104564	0.14562322	0.189581451
0.226076044	0.658930341	0.545905479	0.654080254	0.071842071	0.25846842
0.049326384	0.560309325	0.94829659	0.686073251	0.056933338	0.065182636
0.051836095	0.304633509	0.901047902	0.062945753	0.162029615	0.217697666
0.035346646	0.775528713	0.60642126	0.518051903	0.070574215	0.1622758
0.019319068	0.718006987	0.874578728	0.356068537	0.083831999	0.169463954
0.263913875	0.553471986	0.662045893	0.249594319	0.153109202	0.202053063
0.277094936	0.20689532	0.101985381	0.000422966	0.049875366	0.227147413
0.109864409	0.048675724	0.261306066	0.566229675	0.074330086	0.119059442
0.089009671	0.431129803	0.160087493	0.460729536	0.128451427	0.140283318
0.258744566	0.915152612	0.320767304	0.177326835	0.089646401	0.112532004
0.208992321	0.22305188	0.75090656	0.532448941	0.045518298	0.106740102
0.283914064	0.44950413	0.784511816	0.495620458	0.093680665	0.211022497
0.087830612	0.361357479	0.635207693	0.239335167	0.113652059	0.195565184
0.177544661	0.235798297	0.449458603	0.033735667	0.128228735	0.130578868
0.136592313	0.259597485	0.851775715	0.578573637	0.113337854	0.17793703
0.127809684	0.031195643	0.053193421	0.3370903	0.116814333	0.189389654
0.196359574	0.285669489	0.505299957	0.242120002	0.13417307	0.123962048
0.258393805	0.100689499	0.344924407	0.168109962	0.102396235	0.26074658
0.273005448	0.407505542	0.631411274	0.089570115	0.11864041	0.095870476
0.049693065	0.489703853	0.997264097	0.336000689	0.109867835	0.162428983
0.046400264	0.587918619	0.278603584	0.317983373	0.060938026	0.153220086
0.072267949	0.283002496	0.507663274	0.322022514	0.07216504	0.122962573
0.155670016	0.004099455	0.267653191	0.602081098	0.043121064	0.129244637
0.122637497	0.774984799	0.008959309	0.487839798	0.136633921	0.117250695
0.204581217	0.200750096	0.816987973	0.067864214	0.08944923	0.264687811
0.10142003	0.024749381	0.657428561	0.054012541	0.127713353	0.184899358
0.115256703	0.711548912	0.871673335	0.308636055	0.064024568	0.096048558
0.267049327	0.327997677	0.524004016	0.470353634	0.099559399	0.077311252
0.020345801	0.643313448	0.217139128	0.611317489	0.064545977	0.072464295
0.283980588	0.507544371	0.577388411	0.102192673	0.055714356	0.100237049
0.236319745	0.815434065	0.443233157	0.493064629	0.135170793	0.136562171
0.082267852	0.961847752	0.829519018	0.471642776	0.042429049	0.258480771
0.178923785	0.456915459	0.826454518	0.011274586	0.050867562	0.169759386
0.197351789	0.729295371	0.535770676	0.573301403	0.127165919	0.19123294
0.033930507	0.395293143	0.419653045	0.213816834	0.06886286	0.131275219
0.319880199	0.007828325	0.002692501	0.210621147	0.051522926	0.134762853
0.129706492	0.854931631	0.169094446	0.663012468	0.138511665	0.135484242
0.013125248	0.961637769	0.47536194	0.119698777	0.056171135	0.050094395
0.105924939	0.449408098	0.917127883	0.616833743	0.077211755	0.077789503
0.262607826	0.847170801	0.375490317	0.347242523	0.020014034	0.147245838
0.036050661	0.423885014	0.327570112	0.444306001	0.032413058	0.179931502
0.067581961	0.401039979	0.586215558	0.451542499	0.087394285	0.175436319
0.126924756	0.181534031	0.431319911	0.623736236	0.078004992	0.081985604
0.218532343	0.203059619	0.747585538	0.518810919	0.0564664	0.165637328
0.321403416	0.308340525	0.297058224	0.418899101	0.156556641	0.102490788
0.299122626	0.300541497	0.452616536	0.030791256	0.0164348	0.16547036
0.334980068	0.941258205	0.790089668	0.569865145	0.147929206	0.145436763
0.042965763	0.50193004	0.561063818	0.247714446	0.06487309	0.209291212
0.142205201	0.246492989	0.926364957	0.665554116	0.116414054	0
0.099540076	0.94220546	0.28053057	0.403420182	0.145258866	0.154240481
0.006034956	0.284877829	0.756298898	0.545976959	0.073326323	0.121174028
0.301197197	0.014437661	0.187093705	0.168676344	0.09937381	0.14640023
0.183801635	0.31126239	0.739433652	0.395016892	0.092274939	0.174954497
0.215158469	0.893805574	0.804457093	0.429101838	0.108959816	0.167268742
0.285892513	0.850967206	0.422752738	0.268166727	0.049279422	0.037738467
0.024905845	0.848584872	0.791776634	0.533482375	0.107166391	0.141600932
0.135340481	0.726435235	0.073765929	0.703543835	0.072840562	0.261007338
0.027144713	0.082373362	0.816284106	0.547248473	0.073254694	0.125558264
0.219790947	0.524633442	0.343697647	0.412161054	0.087881726	0.098711377
0.195471301	0.473692902	0.339871831	0.580220523	0.075919009	0.180751367
0.2098765	0.518995864	0.375823463	0.22226873	0.132890448	0.19968144
0.018512548	0.778272093	0.330032517	0.547386396	0.069381235	0.059713709
0.309932331	0.964851406	0.160539858	0.228850413	0.07301817	0.129512156
0.063803935	0.14711663	0.461798381	0.477362605	0.073513965	0.162504537
0.180399196	0.544983374	0.324295511	0.439346605	0.051829993	0.180987866
0.113937018	0.969823261	0.765525537	0.112568113	0.069616671	0.14057843
0.279513229	0.077374673	0.431156691	0.070869097	0.153323334	0.164781541
0.253635463	0.644039338	0.264945603	0.395643614	0.118014411	0.21588056
0.01490682	0.059871422	0.656889919	0.089919726	0.161903402	0.151561954
0.30297342	0.123703079	0.622859636	0.666553242	0.049623313	0.078539379
0.045613235	0.949417279	0.533731972	0.283916588	0.090639411	0.164486802
0.228451303	0.514550691	0.13189733	0.213127631	0.105107489	0.141582938
0.134369463	0.487376079	0.645124747	0.042910969	0.147522208	0.223764313
0.3360524	0.745753592	0.001350991	0.363151776	0.033828154	0.224399185
0.224368344	0.268692944	0.179991694	0.407491959	0.149053703	0.115251456
0.300788935	0.267134375	0.331344123	0.618069723	0.062206338	0.107217206
0.115095515	0.32930272	0.744824023	0.360031702	0.111719775	0.110815626
0.137991511	0.545119736	0.066657166	0.200038939	0.136935394	0.072170293
0.305256043	0.827011365	0.310958033	0.263556319	0.084805861	0.054479354
0.245833989	0.431651096	0.832346913	0.605120673	0.129089204	0.190970844
0.192921034	0.803578626	0.632668824	0.199677464	0.111041149	0.181894339
0.058669591	0.266074955	0.252915569	0.097169988	0.017804451	0.142663957
0.278340521	0.163190077	0.630258186	0.559671301	0.121471398	0.195209471
0.343135209	0.68823049	0.792771435	0.374221222	0.043175315	0.269404157
0.142763636	0.861159255	0.218789735	0.277422178	0.078021269	0.229872517
0.14372243	0.568654203	0.506379363	0.604138135	0.156648251	0.160751961
0.166861015	0.302108524	0.067321762	0.208816175	0.115500243	0.087941557
0.02411148	0.974172215	0.200199297	0.320495787	0.129720359	0.161701102
0.119768587	0.429999589	0.539897996	0.430425656	0.039058717	0.157633852
0.058096727	0.80129347	0.080080546	0.575617179	0.146694208	0.128268084
0.107550524	0.582962657	0.696420349	0.289724315	0.124176237	0.1717588
0.118960923	0.007312038	0.458982119	0.213866313	0.054193838	0.170858387
0.000486092	0.39430454	0.154862584	0.209193727	0.070008638	0.276044133
0.183207307	0.968196442	0.446620807	0.521944481	0.094064784	0.121875173
0.023976873	0.222967219	0.368725435	0.42261491	0.046480435	0.151962614
0.069478117	0.696796585	0.314669832	0.389401508	0.098757258	0.201499807
0.16413993	0.043726545	0.387308608	0.413823544	0.105121249	0.170682737
0.287569402	0.595549395	0.233866314	0.649450961	0.140167037	0.029704578
0.156925389	0.293939838	0.115209804	0.516598192	0.023449285	0.164426764
0.0694656	0.388988749	0.775921141	0.677447565	0.047912965	0.221613408
0.186515728	0.579109764	0.107268916	0.633038824	0.092573423	0.204288108
0.247832711	0.965371719	0.804295623	0.550207798	0.05668631	0.120296412
0.302816444	0.807501244	0.118682351	0.691892433	0.073509837	0.166970287
0.213494912	0.648381047	0.166763654	0.001695872	0.111812805	0.24861068
0.209353889	0.809673585	0.040542611	0.008907968	0.039432789	0.088246244
0.038748086	0.739698885	0.990246163	0.095149377	0.109973857	0.1788001
0.041384205	0.958715857	0.522151648	0.500648338	0.125204142	0.263478052
0.055987911	0.491979609	0.748441249	0.280272441	0.118661215	0.133569561
0.20628492	0.898662598	0.404389753	0.280069872	0.158013064	0.114328784
0.160476449	0.648207487	0.599586829	0.355825738	0.101358485	0.172005928
0.08835132	0.896583415	0.86620615	0.674634543	0.063391388	0.123376975
0.69441803	0.82543926	0.512382626	0.764687701	0.465918736	0.922921472
0.739088958	0.173212505	0.230751104	0.806549283	0.772913282	0.70625416
0.804924575	0.57001139	0.098013515	0.760272524	0.852258936	0.728591784
0.669131215	0.127284235	0.876860349	0.701818653	0.354792745	0.72206414
0.821857945	0.705627081	0.084971141	0.678720298	0.589806077	0.513182691
0.852721947	0.585614308	0.13437824	0.729468774	0.939596342	0.688775606
0.792199745	0.459970131	0.547707847	0.782654962	0.863892928	0.86176175
0.664262979	0.827226946	0.434843082	0.655708719	0.851002313	0.901406661
0.810900903	0.805375785	0.009745124	0.895793373	0.332226247	0.707556114
0.834504895	0.778293138	0.36944083	0.796218871	0.411559439	0.813556068
0.825526732	0.488656076	0.84987004	0.767445681	0.335267689	0.67762282
0.835901479	0.505454789	0.610841433	0.802809759	0.881748868	0.620917678
0.789131519	0.181085731	0.483099003	0.90332025	0.586491105	0.825672429
0.829013337	0.39930505	0.300815797	0.836210714	0.472534348	0.794179885
0.800839922	0.744886877	0.003404638	0.772324554	0.576393149	0.889169503
0.755577471	0.35562579	0.867564132	0.887481144	0.667271521	0.735126092
0.714174521	0.018523902	0.908361247	0.84521247	0.43569291	0.802333984
0.782192653	0.345300424	0.941167361	0.910698275	0.754174463	0.769071983
0.705678739	0.01635392	0.602908857	0.783248996	0.605401818	0.879597995
0.824661784	0.636224789	0.73083903	0.70868254	0.80610536	0.821085809
0.818065134	0.143455528	0.629364934	0.634412249	0.70254021	0.63213718
0.823352449	0.526366872	0.618859788	0.829917139	0.996189977	0.678890598
0.737883551	0.618706458	0.51308001	0.78280271	0.498388185	0.706351089
0.758368589	0.720180282	0.258249498	0.718961895	0.944744717	0.558563237
0.742454379	0.634933299	0.996519949	0.774622939	0.818311447	0.850101463
0.68097439	0.127424656	0.548158726	0.672850834	0.707616116	0.723643981
0.74729847	0.734401625	0.002753904	0.736216021	0.752890201	0.606627594
0.770998334	0.28885948	0.756445303	0.842107879	0.347755442	0.674405866
0.859323354	0.497231677	0.885099113	0.6900696	0.396451714	0.969277309
0.822995208	0.492308359	0.179752112	0.783281556	0.9782691	0.550382601
0.752784248	0.760625427	0.699056021	0.890139627	0.483943752	0.949381333
0.759503581	0.158473277	0.841938779	0.93294885	0.41121001	0.922648424
0.775506887	0.662166989	0.753895839	0.715293615	0.936493572	0.737270691
0.767958809	0.472401152	0.524603624	0.752446056	0.974060489	0.673425366
0.849654617	0.16210253	0.040939101	0.781732467	0.748526664	0.81572976
0.74628331	0.376300876	0.286398524	0.753646661	0.938872517	0.512538534
0.800760329	0.043174919	0.269689358	0.691213518	0.582393527	0.9689403
0.661101208	0.028030429	0.368397821	0.850453177	0.461976013	0.510482414
0.782058931	0.734419242	0.360038406	0.739110168	0.802838122	0.87895853
0.706336107	0.534882092	0.142026011	0.788750052	0.660114418	0.86322725
0.747216508	0.989960894	0.047240253	0.792043814	0.96994689	0.675326246
0.664328727	0.369358623	0.357220478	0.968881447	0.471821087	0.871510649
0.736062824	0.619709406	0.972022528	0.826913335	0.670534967	0.682470105
0.655756706	0.255817607	0.387391218	0.644097243	0.370486283	0.54806936
0.844054485	0.77595501	0.458783144	0.830177717	0.33132664	0.73333444
0.74036264	0.485517198	0.349553098	0.64033612	0.756320409	0.745503521
0.699823814	0.656738945	0.431940288	0.764803026	0.372128693	0.516746908
0.725637989	0.08889938	0.016603371	0.823179973	0.539931027	0.975099195
0.734591819	0.729537923	0.660070473	0.847275419	0.605904662	0.741286268
0.810665651	0.482232713	0.399117752	0.859755513	0.395904845	0.837187618
0.802717484	0.880221759	0.798260849	0.842475623	0.782400096	0.532383887
0.758677727	0.648119779	0.001679214	0.772961534	0.958226827	0.606051491
0.915520673	0.494821619	0.201969274	0.819222491	0.782383849	0.675687528
0.677879126	0.290103452	0.193944569	0.752791776	0.552539032	0.680547213
0.792489596	0.129883015	0.746455438	0.811695441	0.502315651	0.7952086
0.726778207	0.075414696	0.261062448	0.838060808	0.563685229	0.672466314
0.822937614	0.793424108	0.491764288	0.817086209	0.378426591	0.640896629
0.823783699	0.265540798	0.447684859	0.827812658	0.917380667	0.841626956
0.679507941	0.141592486	0.237454243	0.817176042	0.695890376	0.964761937
0.699820454	0.494190722	0.925008592	0.911047604	0.555083389	0.971957663
0.831925976	0.22197017	0.689047015	0.75935246	0.452194263	0.646266398
0.76233708	0.862050196	0.456533008	0.84860801	0.739840752	0.880838555
0.739282086	0.003785468	0.357797573	0.770046051	0.354019908	0.946220631
0.721164347	0.045485696	0.46998598	0.768023799	0.86327026	0.854225335
0.762026273	0.953117812	0.531565585	0.845405003	0.882242493	0.987661292
0.727507061	0.258965627	0.92426473	0.759490913	0.793574434	0.775108283
0.759005822	0.019494679	0.549466065	0.882710769	0.983615781	0.727764788
0.764928505	0.484949219	0.169307965	0.905749328	0.604728262	0.842299564
0.837252925	0.157266534	0.269500554	0.74715078	0.8576101	0.662340829
0.841314805	0.870062619	0.575011471	0.852514529	0.92403259	0.562886111
0.717703795	0.550284724	0.619420767	0.821045377	0.359321944	0.986014068
0.746134091	0.544602723	0.518990058	0.792726513	0.958014292	0.652762324
0.803481719	0.744911149	0.878018708	0.987963066	0.967584038	0.971099481
0.758875888	0.203573793	0.644308115	0.748060218	0.605875162	0.976237052
0.783393555	0.223949419	0.176999893	0.849534427	0.804638048	0.861644961
0.810973075	0.41893946	0.028913371	0.716830518	0.357845288	0.848721478
0.630726694	0.896306718	0.712694556	0.774917422	0.336634976	0.856097434
0.773068838	0.340972904	0.619956596	0.79486068	0.54836229	0.501859404
0.714271322	0.533263673	0.2427547	0.693083663	0.456286512	0.60418138
0.912206494	0.928313083	0.185529145	0.731543447	0.589664118	0.792428762
0.833745761	0.858586089	0.207466894	0.722121954	0.922339538	0.656034338
0.729757421	0.404074025	0.437438826	0.855648155	0.783522097	0.871957581
0.839879125	0.226994079	0.736613409	0.681000903	0.573273411	0.503724814
0.828883021	0.864277333	0.497170916	0.858052122	0.699342183	0.971878751
0.727447185	0.99905771	0.517031909	0.617435475	0.682025028	0.599426066
0.728454517	0.244634906	0.271843671	0.758689257	0.745879958	0.89083813
0.753987639	0.216587025	0.11541894	0.644418551	0.950239142	0.953912814
0.725447999	0.118845944	0.24768178	0.776156058	0.522958378	0.872068364
0.749187619	0.863583272	0.233742762	0.68064202	0.891799803	0.549172111
0.624590989	1	0.706531508	0.821033636	0.609385312	0.7505239
0.882917073	0.960505112	0.583165834	0.645907813	0.800093875	0.604733582
0.923644946	0.040491609	0.471730739	0.782031524	0.859070478	0.982360287
0.941521842	0.182482732	0.349980246	0.823800124	0.817603239	0.827152226
0.865781405	0.653087219	0.934125071	0.632542225	0.854189009	0.548087916
0.724365591	0.490323809	0.768329611	0.79767263	0.719787983	0.574546394
0.701794792	0.982088424	0.685511935	0.770452213	0.922750567	0.911403804
0.875269768	0.916374272	0.841776327	0.755228969	0.467057415	0.76674723
0.688807401	0.434130046	0.387784586	0.818875445	0.765331582	0.740957315
0.818533056	0.03445307	0.941670974	0.865589985	0.899305822	0.983836393
0.689932832	0.893262649	0.962642173	0.858576671	0.952625406	0.793946995
0.77184302	0.609205275	0.875371735	0.896493211	0.559733067	0.710596947
0.703397742	0.395795038	0.429448517	0.830943449	0.928398162	0.833955152
0.821933986	0.53379479	0.003069534	0.86420645	0.536719971	0.771439502
0.804263891	0.811232272	0.940438739	0.709275735	0.657046997	0.714302724
0.930162475	0.411094175	0.378918975	0.711348629	0.566121222	0.605400185
0.783581792	0.589292753	0.75822059	0.817002119	0.62661462	0.717279766
0.765403322	0.337501663	0.283225551	0.784306614	0.967627932	0.810636762
0.740202511	0.04463149	0.523469712	0.687154081	0.391801607	0.637938426
0.761443434	0.476887339	0.326757423	0.860303253	0.377475362	0.750963806
0.760416369	0.422040766	0.882898285	0.820209743	0.586262844	0.693604978
0.692803801	0.469408561	0.190447725	0.729098299	0.596820561	0.747852362
0.760216635	0.115647228	0.256946884	0.890060226	0.480458442	0.61221035
0.861849961	0.927077909	0.62650832	0.878263677	0.541200762	0.940946802
0.773737603	0.34059807	0.470461908	0.886147774	0.614466041	0.778546293
0.723767497	0.495873753	0.169236507	0.765720459	0.935291172	0.808224793
0.776599853	0.033955303	0.791385941	0.763049925	0.81943344	0.824913238
0.66011844	0.057386172	0.872488552	0.770027282	0.518507509	0.813294394
0.759937459	0.458928886	0.487129494	0.843181004	0.788898681	0.601722769
0.810585841	0.44226018	0.585785526	0.697996693	0.790899461	0.97893378
0.767463346	0.228565062	0.241600722	0.743104822	0.330756566	0.929040559
0.74907513	0.582960356	0	0.863385139	0.795355864	0.995907255
0.738531132	0.523586211	0.273684449	0.817708698	0.453896026	0.991545673
0.782610667	0.407894137	0.227835967	0.775561534	0.623409268	0.697069927
0.74947287	0.201759599	0.733058796	0.842441295	0.647096697	0.581114524
0.959355681	0.277744689	0.240951104	0.831757984	0.937231199	0.505503727
0.656763345	0.973657049	0.965856952	0.799274747	0.98648887	0.635195848
0.686527973	0.16916457	0.745212413	0.725606941	0.640137865	0.542556797
0.75461462	0.943246244	0.882971979	0.907877188	0.472228544	0.715745038
0.643870218	0.802183203	0.53964807	0.904448435	0.928967388	0.54695993
0.75067546	0.809208839	0.648626522	0.831043531	0.38853773	0.578255895
0.674720981	0.23475715	0.863722979	0.895415961	0.627046421	0.587432612
0.6741589	0.843916668	0.042938057	0.703125787	0.471189039	0.564587094
0.668251892	0.906415885	0.70425825	0.844877698	0.693658779	0.923862855
0.673540018	0.114467282	0.612632461	0.766164492	0.909666364	0.542503648
0.742027746	0.316952816	0.541385387	0.893032864	0.702749709	0.752909187
0.714420103	0.796860418	0.645039537	0.885487464	0.722697025	0.682453497
0.750623862	0.414060611	0.014693298	0.825872677	0.905512666	0.882685767
0.673296025	0.961396909	0.792343049	0.709771706	0.736378073	0.650791831
0.654836828	0.906068567	0.010458801	0.518844067	0.403035906	0.925347
0.834011289	0.806933562	0.655680143	0.744185161	0.803946703	0.721487479
0.715458602	0.149095173	0.370325761	0.691584141	0.967554289	0.633374213
0.660337963	0.2591713	0.211102871	0.816672217	0.956598342	0.820497912
0.735129077	0.786604315	0.977951386	0.722621131	0.976814018	0.768491816
0.775171917	0.608969425	0.632253943	0.81807011	0.926915745	0.949541757
0.787821996	0.645974759	0.322234898	0.703076993	0.997689571	0.505737745
0.541555377	0.874079075	0.724765723	0.866430754	0.625206628	0.904164327
0.834014222	0.631504809	0.977850165	0.755492385	0.34514624	0.642340816
0.977708387	0.390728334	0.096155337	0.759678304	0.525421924	0.916908918
0.716693627	0.0057616	0.761717728	0.818948999	0.573625483	0.70126012
0.72402645	0.8176811	0.31234411	0.844433517	0.886078944	0.715053251
0.815392523	0.133047259	0.009371396	0.712454838	0.372965306	0.679163969
0.759637583	0.031850219	0.469327089	0.760728316	0.403821845	0.665752316
0.763165793	0.823773992	0.746702513	0.822777524	0.755101598	0.898504994
0.688485625	0.449702203	0.139231558	0.834140402	0.390831832	0.580442774
0.819974512	0.247719925	0.657062038	0.817085513	0.831244086	0.895331982
0.669443626	0.143332601	0.719264701	0.839941112	1	0.581580544
0.69464091	0.930466742	0.357089081	0.709267569	0.565712459	0.809607363
0.714916383	0.519929635	0.981859902	0.823639608	0.405612539	0.694777934
0.842098538	0.505055713	0.509771413	0.765461314	0.674479065	0.970357387
0.851026713	0.471187346	0.091908612	0.734768164	0.395597018	0.851922881
0.760480303	0.973652428	0.971699964	0.684432868	0.891904043	0.645258052
0.775347425	0.616375267	0.609907283	0.742725521	0.490148251	0.688240092
0.731626338	0.825915328	0.357812022	0.789910282	0.609055393	0.741215627
0.772020088	0.559516022	0.12606307	0.730050313	0.527234547	0.675079966
0.842948101	0.285957186	0.729307662	0.86832122	0.879613775	0.594495377
0.808632432	0.134603511	0.668311019	0.664807953	0.904565985	0.842687452
0.739116233	0.451789911	0.881856915	0.741285299	0.864850847	0.920482827
0.837416841	0.97083931	0.92933349	0.717250399	0.731796478	0.886271286
0.810002341	0.515234412	0.018222231	0.735022261	0.837568016	0.76585943
0.721142538	0.545962823	0.716091398	0.744829643	0.767785464	0.656110536
0.786046399	0.071922348	0.043531292	0.69209327	0.434013472	0.988326748
0.639290067	0.387130126	0.7058073	0.834668736	0.842639125	0.658639719
0.572252667	0.188308501	0.973741993	0.638230351	0.419187814	0.71035157
0.895338919	0.560367551	0.590871884	0.846414462	0.368625245	0.895554002
0.763122112	0.296867489	0.194645638	0.914004668	0.86832038	0.738688664
0.767416509	0.489580557	0.207350013	0.568067682	0.710396974	0.545627214
0.885844501	0.353219153	0.646529437	0.891659608	0.962944055	0.770288783
0.708803262	0.696654009	0.214842972	0.773759407	0.549985807	0.586116875
0.767725503	0.368760471	0.521316541	0.823311274	0.912531456	0.892297759
0.732510052	0.533618806	0.650612878	0.70914261	0.882855571	0.573584874
0.681059402	0.590225	0.674029653	0.690259924	0.759008227	0.735039815
0.688751376	0.251159085	0.956365131	0.751497509	0.477811186	0.920098165
0.665876479	0.464666106	0.84208535	0.760952341	0.59449756	0.840028387
0.748827227	0.546974176	0.459695209	0.93716779	0.884104714	0.621214134
0.723058504	0.742562393	0.22836245	0.724428714	0.550459385	0.814856131
0.742034802	0.443232328	0.779041972	0.652935424	0.924935562	0.882686889
0.687613167	0.668173057	0.597080255	0.821167154	0.928094286	0.924393035
0.715954185	0.28059697	0.820147085	0.790211228	0.869387907	0.50612425
0.819297469	0.267246006	0.709265589	0.791063414	0.592662906	0.556789115
0.657697437	0.428872283	0.875210466	0.760746041	0.838231909	0.785779608
0.945036283	0.36281204	0.664997282	0.8199234	0.62443291	0.878134698
0.769965706	0.34675244	0.172521773	0.804353111	0.507896361	0.695629634
0.745619737	0.618637412	0.619689763	0.794118059	0.836174951	0.508020428
0.800463695	0.793406071	0.811397814	0.842247694	0.872996658	0.771121692
0.719505311	0.686329091	0.268197931	0.801247472	0.523906264	0.825632464
0.862653786	0.420592472	0.468688072	0.845297729	0.944687842	0.795865672
0.775178148	0.204772647	0.597050895	0.765800781	0.587271451	0.638520962
0.824654903	0.306410505	0.731050898	0.754364705	0.342727081	0.78858687
0.588306362	0.18197769	0.870464149	0.775577004	0.885402094	0.581615527
0.729094078	0.833616245	0.42125474	0.849447237	0.847678674	0.963892799
0.725065581	0.095212478	0.180209867	0.861716235	0.916248958	0.604736171
0.633191919	0.722705564	0.046556864	0.729103695	0.910585155	0.5860272
0.834708891	0.827912058	0.518382147	0.769249841	0.898793353	0.720412064
0.74631979	0.473840017	0.550923005	0.792599824	0.360180296	0.551272246
0.887952932	0.20401748	0.555682416	0.762087553	0.938618298	0.589695824
0.736434892	0.934762231	0.862662273	0.787803405	0.794349241	0.70236233
0.675890359	0.999362247	0.112854566	0.776935323	0.859720255	0.82228972
1	0.205645849	0.532900442	0.710075046	0.486674535	0.917323422
0.756533668	0.006191831	0.79470911	0.83339741	0.799021723	0.994930285
0.799940034	0.018279588	0.953272718	0.713802625	0.564192127	0.975387298
0.819306207	0.250252183	0.259703378	0.810262966	0.389244389	0.600255189
0.715227557	0.18170422	0.98431349	0.719878845	0.655906008	0.764695817
0.846109764	0.412658607	0.776096021	0.77337875	0.55822304	0.941206318
0.788614046	0.26213331	0.014076546	0.723079064	0.411301306	0.556408721
0.833276778	0.930433347	0.124024266	0.822314839	0.699427441	0.838986639
0.828821854	0.914084992	0.721923415	0.740013865	0.933294016	0.807722684
0.679567615	0.342946703	0.381153454	0.906411454	0.668137165	0.834710163
0.738270916	0.619719647	0.184552917	1	0.709848579	0.671964695
0.835006724	0.887394682	0.359966047	0.745438254	0.471568362	0.576051612
0.694300269	0.699740501	0.979474361	0.739001185	0.374829446	0.52478228
0.77770009	0.418159362	0.98585373	0.812128528	0.944015366	0.633823457
0.833660079	0.83262208	0.873153211	0.814646152	0.757781834	0.795755377
0.817503697	0.297190541	0.658242935	0.875606759	0.432479296	0.870289537
0.735762373	0.291863273	0.435859009	0.729114633	0.754598699	0.982384773
0.719283394	0.137299201	0.01532407	0.856076023	0.825646973	0.569445773
0.81569274	0.428105136	0.17807913	0.793285474	0.671252517	0.57182147
0.776171697	0.066549301	0.893015781	0.8221574	0.360017615	0.819961202
0.734018049	0.001258598	0.766044428	0.698414992	0.874930129	0.993730444
0.739797818	0.086718729	0.010874464	0.748448295	0.859942161	0.519615387
0.753034743	0.671474272	0.200473721	0.816862326	0.703672663	0.504281621
0.871182946	0.52145612	0.040579226	0.826737714	0.775616651	0.82140635
0.826979282	0.287797169	0.292252647	0.823875226	0.392753494	0.971401854
0.611900842	0.045177224	0.877299579	0.825565258	0.944946612	0.693939335
0.798685095	0.123786327	0.884661866	0.725407977	0.559736977	0.924706023
0.728244775	0.843454808	0.899633389	0.763304588	0.749958433	0.530511746
0.805643605	0.008920367	0.344291452	0.946594422	0.935713216	0.767823123
0.851625458	0.759034592	0.005045328	0.829637941	0.851694513	0.760357464
0.746046314	0.885553329	0.028877571	0.791589999	0.730123147	0.682542993
0.815250579	0.715896766	0.993479312	0.747684595	0.847664935	0.965895904
0.70198112	0.707684746	0.947724335	0.847181608	0.87651253	0.522704195
0.780380497	0.33521285	0.177641993	0.746600313	0.88247218	0.625361201
0.620050118	0.714548311	0.474837346	0.744960097	0.777107492	0.557677129
0.809492854	0.729821527	0.543390046	0.880356308	0.914733563	0.734730316
0.736439957	0.150876063	0.824498968	0.772669267	0.571472102	0.670860259
0.77377822	0.049080321	0.244297796	0.923639669	0.899178048	0.621776392
0.880609201	0.476758335	0.587930028	0.733405478	0.388459587	0.711671655
0.662109779	0.172315277	0.843922008	0.828725651	0.906984167	0.699017344
0.648196016	0.043936828	0.943471485	0.741762774	0.66730872	0.666912673
0.754298892	0.009346744	0.388787196	0.868298885	0.83113898	0.565272812
0.822407648	0.316230825	0.80594363	0.727281947	0.511819188	0.935887552