0.841629504	0.089946289	0.033008466	0.183334632	0.368049539
0.932173533	0.472064966	0.398560976	0.103160202	0.303065372
0.780626114	0.57055207	0.301206624	0.0703377	0.38666909
0.808037485	0.285027888	0.45865734	0.15266606	0.393352789
1	0.679963949	0.306519603	0.093257878	0.279334381
0.864350809	0.310951553	0.567699009	0.1355677	0.316416045
0.728811332	0.627203811	0.442762783	0.096205695	0.230974698
0.835696904	0.146720283	0.647150862	0.038192835	0.207427611
0.832277823	0.546704023	0.3795309	0.111586112	0.291348763
0.700280438	0.590259702	0.283336684	0.097957077	0.144600065
0.880005154	0.057054322	0.01881749	0.195069967	0.482882476
0.887495285	0.03702009	0.249134586	0.084103272	0.258366611
0.798312965	0.249868513	0.411777629	0.049923283	0.461667301
0.734213135	0.665139375	0.506273468	0.099173567	0.275577209
0.655504763	0.557501717	0.077452429	0.159113699	0.162633049
0.822890902	0.640130054	0.408582586	0.066184163	0.431206164
0.905558722	0.129935238	0.483863822	0.180510979	0.388888108
0.825963478	0	0.375642793	0.136143065	0.145453527
0.67400676	0.665566456	0.525314532	0.050990727	0.252011674
0.806404558	0.189933874	0.263992527	0.150059738	0.365312106
0.808686695	0.131327053	0.274939576	0.114511225	0.272632079
0.90516443	0.497054475	0.133181601	0.122410658	0.112432598
0.975349175	0.634793025	0.466285425	0.087162226	0.116113191
0.842785801	0.41113376	0.411410424	0.166162564	0.324529057
0.743556568	0.022371976	0.27906405	0.165987812	0.230172472
0.743393852	0.363033431	0.541082245	0.139325687	0.398276862
0.730240785	0.393362111	0.401006718	0.058676779	0.308363312
0.801235775	0.51109703	0.653711766	0.120296714	0.223872454
0.671000633	0.640254101	0.226564608	0.131374029	0.341405178
0.874556295	0.328524565	0.502209586	0.189150002	0.286988352
0.863762186	0.11453536	0.259503562	0	0.380175939
0.684899226	0.572601098	0.654425917	0.185862179	0.373792488
0.925336468	0.278190703	0.16397652	0.063973713	0.334406362
0.887903165	0.689424756	0.516694358	0.158626041	0.258137515
0.820714619	0.641574244	0.351079443	0.264576932	0.17871191
0.896960335	0.58402144	0.440054424	0.138226725	0.092475347
0.922787903	0.03695553	0.64485684	0.139254317	0.426326997
0.834523887	0.420571184	0.191457892	0.124059605	0.195831016
0.852341984	0.097788637	0.479158871	0.138721372	0.210997913
0.768581036	0.633860491	0.168921838	0.094433076	0
0.869484521	0.301251576	0.631674759	0.157993282	0.157521026
0.712199989	0.076909446	0.025637114	0.074024732	0.16687469
0.840034221	0.391300214	0.251960523	0.18493142	0.253664437
0.773911764	0.320507319	0.283737315	0.098462365	0.395883955
0.824312624	0.074017665	0.06012929	0.135380062	0.219782372
0.796524092	0.433052114	0.586158929	0.166643353	0.2154727
0.653254834	0.357895862	0.399507816	0.174367566	0.344319621
0.742014252	0.42066233	0.015813843	0.174801143	0.273822208
0.742085415	0.067050583	0.476623982	0.10159529	0.102563083
0.725092044	0.20773984	0.514640131	0.154885328	0.260609284
0.740802889	0.539539241	0.433520334	0.159290227	0.281687213
0.688097868	0.52564408	0	0.134150837	0.179207586
0.702346821	0.073370889	0.362639459	0.050145371	0.389783768
0.85949119	0.677791913	0.554728785	0.16894509	0.151480808
0.81072526	0.545700305	0.584927134	0.165340425	0.280320332
0.885829648	0.113391686	0.481802451	0.137854881	0.298140879
0.777435587	0.441878803	0.500340786	0.079643926	0.293911748
0.851249292	0.520130658	0.227966671	0.126993954	0.039298251
0.83202482	0.59736982	0.626741201	0.153007126	0.139744757
0.789822359	0.448970418	0.632555264	0.17849649	0.33730241
0.814489662	0.584954252	0.094568845	0.093504432	0.195649859
0.890542626	0.159124688	0.6543657	0.134058916	0.289304389
0.828389203	0.273655402	0.589331685	0.203667517	0.397317814
0.863856428	0.264586533	0.290832777	0.157972803	0.327981498
0.913722295	0.035195157	0.113801754	0.119663659	0.312148454
0.803227566	0.229329486	0.230242668	0.235227564	0.262139571
0.793703862	0.546455475	0.085633919	0.17468082	0.361088882
0.93865468	0.119213341	0.393741025	0.148203464	0.393762493
0.620209355	0.182768862	0.081570736	0.111092007	0.237828794
0.862347784	0.604362805	0.120659023	0.059258004	0.316053005
0.973985943	0.266017098	0.148471697	0.101460538	0.362813027
0.835161673	0.588352537	0.569421275	0.142487131	0.261880127
0.897662576	0.185654802	0.584548488	0.143565484	0.205603501
0.774733355	0.014534839	0.385534385	0.048437415	0.069613189
0.734848077	0.342609981	0.359559918	0.167674205	0.192288167
0.74077814	0.64845415	0.434994364	0.085600884	0.259774475
0.886857668	0.034285989	0.423714885	0.019852825	0.243869881
0.642423572	0.248601777	0.593187183	0.173179537	0.45633879
0.815542602	0.012239841	0.151969886	0.111462137	0.203959964
0.732956212	0.514010051	0.223035171	0.174690617	0.280116992
0.908271549	0.630499927	0.650321045	0.265826908	0.249879009
0.781226345	0.157673836	0.290326384	0.075432857	0.247691044
0.833896206	0.09140418	0.417548239	0.105580992	0.095206298
0.756278974	0.694317306	0.474584503	0.023123864	0.254359485
0.69619661	0.069893948	0.407256413	0.079489227	0.273873545
0.97759883	0.620346401	0.251732499	0.108058597	0.205414257
0.810676744	0.265952914	0.363715041	0.165013849	0.35001506
0.799863223	0.380581082	0.606015334	0.061990419	0.332666995
0.837010251	0.209192761	0.625903177	0.20866064	0.301373589
0.985500992	0.698925466	0.174825067	0.073289324	0.41189431
0.621689164	0.230667769	0.031466654	0.111761701	0.364381186
0.832734776	0.192885113	0.236479892	0.065322154	0.319080751
0.718138334	0.464384688	0.180915289	0.021348693	0.19737734
0.823521169	0.505626361	0.367237435	0.10462916	0.148590581
0.796326787	0.244156032	0.55146923	0.133678999	0.420738441
0.869238642	0.42306446	0.346439691	0.109229189	0.549214556
0.747665365	0.103230901	0.038104421	0.18164731	0.309012437
0.851584716	0.552113857	0.408263762	0.119189019	0.252487967
0.916815885	0.013043517	0.3925196	0.119277216	0.339230758
0.953897711	0.191010695	0.405980185	0.206508657	0.470897447
0.385259067	0.871624217	0.635771969	0.445917254	0.746176461
0.57497362	0.49440824	0.96197281	0.437206363	0.774939369
0.457469296	0.820493275	0.611251425	0.265873754	0.699163469
0.775983672	0.793635703	0.963569377	0.924342057	0.835413018
0.415670542	0.772515998	0.692300949	0.488851706	0.967406883
0.215125545	0.861161127	0.782475479	0.906362123	0.810144392
0.800063856	0.592677686	0.656393205	1	0.727425015
0.141330281	0.71065556	0.755113296	0.689810157	0.556438299
0.219213078	0.628180738	0.742558333	0.985717581	0.622127333
0.050419596	0.832946682	0.608473017	0.608087145	0.862597011
0.512832487	0.543555857	0.844170269	0.475295619	0.882751748
0.509702065	0.932689756	0.638433627	0.429948737	0.784696616
0.343082568	0.925239417	0.660853203	0.55238485	0.69954196
0.127952832	0.637243661	0.808861031	0.832401094	0.731511064
0.739085247	0.674578959	0.405090541	0.499680147	0.705487877
0.564928241	0.833047855	0.634634746	0.567694313	1
0.327760122	0.886125915	0.761868571	0.184505235	0.874521731
0.655000623	0.825170302	0.37635154	0.532091288	0.85195726
0.478669865	0.727305099	0.669627421	0.503213403	0.610305508
0.581977566	0.827129334	0.805731433	0.146151512	0.902240087
0.551984863	0.671508713	0.671848934	0.959810519	0.772641765
0.217161232	0.649837512	0.773601773	0.858959989	0.759027097
0.157603826	0.508958019	0.88264795	0.183889685	0.73450774
0.380529289	0.74368307	0.486069999	0.458486204	0.830638632
0.619348645	0.679423734	0.902222745	0.659031364	0.833575671
0.716083042	0.709439782	1	0.879275882	0.660702431
0.764958745	0.620624701	0.868156482	0.481800358	0.678376649
0.629355317	0.790280263	0.441298813	0.735665828	0.709845804
0.734790704	0.746560074	0.567771882	0.299727614	0.905525596
0.157543814	0.813465381	0.700929905	0.799366971	0.928770359
0.165018982	0.523315149	0.61835164	0.587701259	0.621055629
0.330175875	0.613489371	0.465607063	0.625265351	0.731314094
0.561998137	0.950913098	0.470238269	0.638301416	0.848847121
0.061457447	0.702786722	0.678256841	0.696940062	0.918324124
0.73645161	0.791210945	0.827499273	0.708994481	0.785655455
0.790821709	0.574108714	0.766363308	0.711764035	0.70534922
0.372209362	0.60657269	0.466551939	0.772041015	0.758913947
0.540579067	0.717295594	0.216409663	0.43098879	0.78493801
0.620530648	0.748171597	0.706547557	0.983958176	0.920134461
0.46150272	0.820841671	0.625629531	0.241063557	0.879197904
0.438829977	0.568028681	0.453786172	0.930534358	0.945452974
0.617226202	0.872880788	0.520706472	0.28952842	0.819719258
0.54446956	0.726451933	0.527087342	0.222025062	0.93928461
0.248763935	0.487093199	0.490346589	0.601393267	0.749594509
0.131886426	0.741831331	0.612679541	0.373641618	0.755557902
0.775766896	0.734942589	0.611215619	0.467082196	0.781603768
0.361338153	0.68197251	0.634826141	0.947693413	0.882219984
0.815636446	0.502673379	0.685617362	0.831551447	0.8379598
0.709838954	0.827354469	0.690622982	0.864421991	0.824351866
0.7468465	0.851859138	0.599851196	0.190631143	0.793013509
0.439600548	0.858882171	0.653726625	0.634816729	0.710901513
0.041806378	0.672794503	0.686339896	0.704272806	0.98918823
0.068334923	0.732099813	0.497126256	0.702347949	0.812106712
0.734008151	0.484330786	0.540948418	0.845551056	0.897094243
0.00495214	0.774716221	0.740112158	0.668821611	0.677129016
0.314133229	0.539969971	0.844848294	0.144044063	0.801536237
0.773547938	0.713961089	0.565360912	0.723298052	0.946794171
0.430258596	0.574960307	0.648921852	0.788976347	0.836919643
0.785033065	0.802473163	0.602256196	0.312263343	0.656486543
0.015560569	0.736692852	0.821958599	0.464470555	0.673658611
0.785259994	0.887088087	0.776294285	0.567900464	0.887334855
0.615702117	0.628223634	0.793792007	0.274412515	0.89158372
0.556553837	0.714254514	0.782315765	0.669154933	0.740489142
0.098214184	0.769677089	0.818773655	0.606009725	0.984749307
0.416719471	0.649976813	0.610134016	0.966337435	0.919121291
0.639141241	0.758811086	0.659210531	0.861316733	0.742205628
0.388966624	0.995245771	0.700187352	0.126064657	0.721811093
0.38952429	0.790777087	0.728665784	0.251066926	0.902125313
0.297025126	0.928917493	0.724196219	0.165651596	0.806765027
0.770024883	0.741894995	0.715084257	0.728670858	0.73547971
0.379772488	0.870165487	0.658817614	0.546263817	0.902759042
0.527916461	0.404014803	0.565704411	0.842635125	0.79821236
0.346583661	0.631367162	0.656993096	0.304231891	0.647259421
0.543852349	0.574845479	0.391817641	0.967587072	0.961456551
0.370898023	0.7633096	0.683694163	0.266952954	0.708277299
0.646096444	0.606915637	0.808724556	0.242515842	0.701602792
0.304038694	0.900628185	0.616145493	0.984468215	0.884320549
0.405388025	0.753175887	0.832430679	0.364899587	0.839638832
0.583060943	0.742716773	0.623462365	0.680433184	0.905108639
0.14489646	0.806455745	0.911534139	0.249157251	0.616471509
0.542532251	0.563747219	0.508941732	0.979203925	0.855508539
0.131089748	0.60533524	0.534160681	0.719469508	0.89321501
0.474669165	0.576052327	0.668019182	0.704860463	0.705156281
0.230642624	0.567613646	0.657768225	0.651058301	0.724403912
0	0.676761011	0.488442735	0.376394999	0.733531385
0.258859644	0.50504254	0.826216317	0.171794776	0.789228712
0.347002797	0.722706317	0.59106846	0.67534205	0.810135841
0.285711926	0.792187524	0.430585872	0.459123698	0.724820094
0.463269061	0.768288128	0.672336802	0.741745355	0.64397128
0.273605425	1	0.583491441	0.558538994	0.935454391
0.148062466	0.403640148	0.900959162	0.523788337	0.807006798
0.028098812	0.782428782	0.501269103	0.512879131	0.84217934
0.510384339	0.828129413	0.843085522	0.382830444	0.965319826
0.358150583	0.734906606	0.613403526	0.277571383	0.711829494
0.611867182	0.828978092	0.495486767	0.70942963	0.779565995
0.459474843	0.580929365	0.499479157	0.792682748	0.881421564
0.272780363	0.843210798	0.688535798	0.675981555	0.599402312
0.215520726	0.57545691	0.737339053	0.931401802	0.904945721
0.501580983	0.956360839	0.916373586	0.873457766	0.601836368
0.269981508	0.890147657	0.743131856	0.388586196	0.616093742