0.902709275	0.571718398	0.182025356	0.809419777	0.200575917	0.087443109	0.927478311	0.360865095
0.512591628	0.555586754	0.344997899	0.752910699	0.200019407	0.068216053	0.56083764	0.058392969
0.885294095	0.520269047	0.188043817	0.772768012	0.258888385	0.677920818	0.880065276	0.987484042
0.367921146	0.611775906	0.258458755	0.877197741	0.312847802	0.641216126	0.431793359	0.676168311
0.367024359	0.642272926	0.113650478	0.768499319	0.287919569	0.476471837	0.5228044	0.402762592
0.565203548	0.555729658	0.239378629	0.842298935	0.227315488	0.433569302	0.962434651	0.838742219
0.929864827	0.605220252	0.207710327	0.819284089	0.29718152	0.686613368	0.560863173	0.686642848
0.583480267	0.493250732	0.166704355	0.773228529	0.249454761	0.31723561	0.354288239	0.292876618
0.703076644	0.662142668	0.305076175	0.655958115	0.176070731	0.734778277	0.879079445	0.578619943
0.98316169	0.544236683	0.223501669	0.723354886	0.306588373	0.33956011	0.709711808	0.337883594
0.67229974	0.529339542	0.363826443	0.846475326	0.179296747	0.695174602	0.349394634	0.79798297
0.962393179	0.572708483	0.285173057	0.687528389	0.343575191	0.553496475	0.539495849	0.06171907
0.414222931	0.574855405	0.078510568	0.785524467	0.244888498	0.476365835	0.914946331	0.996879523
0.497856336	0.45233763	0.20821142	0.809983085	0.241333511	0.002754772	0.803902736	0.781386115
0.732478957	0.527347779	0.142818589	0.750813655	0.057445938	0.922817832	0.37290782	0.957550444
0.61773916	0.546409879	0.274357647	0.691581988	0.262593521	0.218406866	0.654108118	0.448206587
0.512326913	0.533501085	0.181916646	0.757756507	0.405864634	0.730350831	0.739175838	0.158412802
0.57257126	0.536725378	0.19515241	0.780058996	0.28075525	0.375829309	0.94561364	0.960564668
0.655828835	0.443922764	0.176818891	0.758394736	0.251391729	0.593074383	0.868929889	0.422940939
0.459362397	0.59603356	0.21145007	0.773711594	0.198589766	0.387839801	0.660798907	0.271631544
0.86563283	0.560319631	0.167599057	0.739593023	0.258197269	0.266414148	0.800155513	0.908433711
0.354899398	0.558627682	0.215763377	0.731699305	0.360640807	0.102320828	0.821542795	0.075008772
0.806013649	0.538552691	0.135208908	0.897976987	0.358296192	0.587824302	0.634125591	0.772596822
0.44489553	0.681050522	0.178779497	0.708814457	0.189977123	0.488262452	0.556929358	0.755044338
0.910678524	0.619778464	0.152824244	0.846756944	0.18029043	0.71154882	0.877880545	0.298552007
0.615961046	0.610135079	0.178694056	0.797169647	0.294310682	0.004891127	0.732846039	0.188762009
0.855626245	0.550181193	0.295602337	0.670357612	0.36689933	0.283357852	0.469481132	0.651367373
0.489693529	0.551306428	0.219446765	0.851505823	0.175450582	0.447306287	0.564275655	0.946377716
0.523526913	0.642533	0.166709797	0.700552178	0.260040052	0.916149342	0.515791126	0.281002398
0.491905704	0.375650384	0.297782887	0.80562064	0.238921182	0.590073182	0.47719112	0.114546404
0.550223762	0.67265979	0.192182916	0.7781709	0.232603132	0.627826048	0.466225458	0.567678127
0.97778757	0.523004898	0.299180656	0.782400882	0.315805128	0.96271781	0.628897641	0.331446437
0.806736889	0.526058872	0.234656726	0.820402441	0.197529717	0.510876214	0.947268136	0.400679451
0.720197002	0.536499883	0.091222223	0.740512453	0.291752152	0.909322174	0.988298757	0.767553277
0.965532993	0.514896836	0.075269242	0.801035511	0.20788176	0.790797348	0.789387852	0.641566833
0.428457146	0.471702968	0.232539497	0.87733621	0.267066571	0.637356978	0.43671068	0.189549435
0.966056858	0.49468613	0.241254693	0.628524387	0.189503411	0.458960291	0.837994099	0.440415388
0.811825143	0.507415086	0.233695159	0.879658328	0.231786627	0.1473246	0.371434307	0.743834344
0.814087366	0.582168996	0.155132162	0.871398999	0.412380454	0.111002802	0.711030929	0.304190498
0.867392381	0.441726538	0.270188433	0.716809744	0.317465534	0.817745107	0.389057971	0.77679501
0.439031181	0.482562178	0.082089639	0.818972586	0.146660871	0.523354357	0.354017507	0.681170015
0.891406616	0.529671405	0.098513924	0.797142914	0	0.234780482	0.682827278	0.351478661
0.586214231	0.58490995	0.122802544	0.739334232	0.373252903	0.976023025	0.568446208	0.672803103
0.837804475	0.580624932	0.189138537	0.78022269	0.258849813	0.037308388	0.978520746	0.954363904
0.690475569	0.572195445	0.214535667	0.755790781	0.235374469	0.687989914	0.625553792	0.745951525
0.637279366	0.622620981	0.306750252	0.771274619	0.173480134	0.180667489	0.998929429	0.624203655
0.414702934	0.593790594	0.04214847	0.744703412	0.244388564	0.10690012	0.438207179	0.488738487
0.674213025	0.607752175	0.126006413	0.711586101	0.308962959	0.747916128	0.768716493	0.824878956
0.864838292	0.482061801	0.115040349	0.798170991	0.288594743	0.457176305	0.521116736	0.4167314
0.861984498	0.552519528	0.281724303	0.867092557	0.151918116	0.882148869	0.852475863	0.45895579
0.592654379	0.63181612	0.113858642	0.79184189	0.256942488	0.866369483	0.337299812	0.046981929
0.373266754	0.57573821	0.238206766	0.721272798	0.100563048	0.127271177	0.75988855	0.694198832
0.796915612	0.622352944	0.185810221	0.775880418	0.340887015	0.642679282	0.474902849	0.446438887
0.426063138	0.644367744	0.257200637	0.655411168	0.309776405	0.033268699	0.488910171	0.817310917
0.686724052	0.515255288	0.192751181	0.928042118	0.121084691	0.126160203	0.425700234	0.180878785
0.959239138	0.566811657	0.236701292	0.98923521	0.275158161	0.831624105	0.626664921	0.724320311
0.620421391	0.581587879	0.092887135	1	0.241938718	0.691569377	0.972886223	0.567990379
0.366286069	0.580802712	0.05060226	0.72337178	0.226126021	0.457223426	0.730197292	0.323091259
0.764362836	0.54257202	0.044012185	0.980322757	0.28883473	0.422919654	0.636188415	0.216059982
0.802869578	0.573775456	0.282923156	0.891720154	0.105931293	0.198936137	0.655347031	0.116833598
0.461767283	0.465859836	0.240385556	0.713687142	0.089002521	0.799524497	0.423596597	0.024109545
0.789969838	0.523750977	0.227491448	0.845725358	0.27629974	0.142825591	0.817415174	0.267326721
0.693789603	0.588297168	0.303111898	0.723603927	0.248118677	0.450000952	0.862264284	0.836064914
0.863625213	0.49508792	0.326332622	0.774294523	0.224661213	0.137379646	0.904436334	0.246697759
0.664511763	0.596531525	0.236601101	0.817292553	0.144099565	0.417098201	0.974244667	0.744772812
0.793485323	0.552205659	0.284138704	0.668548802	0.233573767	0.775397683	0.449286455	0.344299827
0.438451816	0.585745335	0.264089953	0.82343402	0.347779057	0.578901881	0.5616532	0.831386419
0.697648365	0.537002421	0.215848111	0.644191785	0.366667396	0.158910436	0.406053519	0.831596567
0.394379455	0.472032762	0.339326681	0.878301104	0.298759302	0.314881646	0.345431107	0.702092048
0.657752599	0.525597008	0.261516531	0.739590438	0.282245871	0.559240928	0.992893904	0.117870332
0.771792472	0.573352011	0.147894825	0.777751452	0.222535235	0.969549045	0.390784396	0.708918764
0.441450407	0.537561849	0.205787471	0.903958606	0.334496684	0.582640889	0.462241008	0.789963552
0.506028393	0.565270862	0.111581776	0.816269958	0.190332926	0.028675385	0.562694188	0.560298145
0.986478847	0.578386064	0.249518291	0.78750927	0.194633457	0.388002418	0.93695604	0.761460362
0.815918032	0.517882401	0.116215127	0.679211276	0.177651856	0.770809098	0.980710347	0.336693655
0.71697752	0.704212203	0.174570367	0.772411956	0.320629686	0.044846357	0.98784237	0.951962962
0.466747067	0.642678885	0.370406978	0.706274901	0.320111873	0.183968627	0.991876334	0.628233596
0.72751769	0.478357876	0.085800516	0.656816589	0.220015372	0.476627906	0.918643962	0.576379608
0.938072245	0.546355758	0.230398663	0.720558076	0.336960703	0.705769096	0.726673244	0.397426405
0.637971342	0.665123402	0.033229913	0.863733733	0.352100074	0.482003848	0.976649842	0.233657656
0.642098066	0.537574501	0.142239747	0.892400714	0.341839678	0.31542311	0.409894313	0.797274636
0.799481882	0.565096975	0.184847469	0.796185947	0.255248652	0.995661123	0.796807381	0.075647787
0.87535322	0.433135913	0.072016962	0.896845675	0.320002974	0.058257949	0.418841692	0.300168025
0.647701998	0.599011626	0.166529845	0.834894915	0.14996217	0.226334575	0.37713071	0.630451249
0.452935137	0.705662703	0.150185796	0.715922629	0.285684081	0.197325434	0.691435164	0.21658058
0.398272439	0.650415434	0.315185014	0.724654076	0.114476541	0.610497866	0.552226426	0.335321674
0.559336703	0.498549333	0.275850283	0.72071415	0.214000768	0.444413027	0.982564167	0.491963428
0.464794677	0.555227679	0.263581701	0.778602751	0.27694403	0.967350393	0.604085687	0.029942956
0.96137646	0.542884027	0.204477718	0.803169526	0.284346173	0.019113852	0.908987437	0.530605215
0.470893238	0.518304873	0.204065944	0.748178255	0.275416083	0.22491353	0.643775124	0.133944532
0.354440935	0.598090526	0.259413471	0.813593531	0.260731584	0.321724898	0.358784801	0.416199084
0.601292187	0.591779228	0.264104357	0.752125814	0.040979576	0.558504016	0.995228015	0.731377918
0.831904837	0.533589266	0.1351672	0.829027499	0.302349817	0.726333493	0.897478259	0.507686262
0.998099395	0.469926924	0.265642178	0.788209777	0.310803213	0.697101962	0.500723954	0.148276604
0.635552865	0.561350354	0.280900719	0.838594455	0.280655801	0.211307	0.544790369	0.643710452
0.34773405	0.572079554	0.384468389	0.810170752	0.20941372	0.445487141	0.475635227	0.144133203
0.99512865	0.56203101	0.338723036	0.870100433	0.278300099	0.44762693	0.433679617	0.722602554
0.351236095	0.506242112	0.188814677	0.768828252	0.415452889	0.038240499	0.45270762	0.402423011
0.735677607	0.534792035	0.214900714	0.785525927	0.211790817	0.152876594	0.620508156	0.230370802
0.571099171	0.474816353	0.272400339	0.739097039	0.182646021	0.413577067	0.65439042	0.218240544
0.458523516	0.414547497	0.195979923	0.878011371	0.245816116	0.39300491	0.762901474	0.790491167
0.377207723	0.543766871	0	0.637682566	0.28211552	0.25580737	0.977973787	0.091203136
0.661243051	0.496912646	0.322763761	0.78716331	0.332896163	0.551390886	0.653299933	0.935084436
0.430684779	0.554010174	0.192589273	0.687677806	0.206019673	0.896646774	0.827602147	0.219174139
0.919113215	0.473166266	0.227079775	0.780625973	0.276690052	0.653709986	0.439326008	0.852460282
0.53408082	0.576181042	0.21882136	0.825109718	0.081276005	0	0.909599828	0.521106522
0.735365308	0.480904387	0.197353213	0.794718238	0.238106216	0.16550333	0.389951419	0.482454297
0.889762283	0.439631218	0.197369662	0.628193789	0.341624016	0.716107748	0.96904027	0.783725491
0.888936101	0.588287143	0.268886335	0.776524913	0.195785387	0.910762573	0.379900609	0.805175135
0.779083029	0.480371952	0.26732842	0.763965134	0.222084157	0.888494058	0.994985433	0.917549266
0.578358896	0.510489032	0.269626629	0.600155109	0.235648975	0.366859019	0.461398021	0.844168754
0.865435748	0.583332694	0.090351797	0.878108296	0.185416569	0.45389328	0.361058164	0.991266267
0.768570257	0.538099884	0.211304477	0.739629487	0.312875302	0.486383798	0.739853339	0.671037171
0.803401281	0.582374717	0.161951196	0.863741748	0.275764232	0.823683103	0.6762218	0.445724657
0.902507038	0.566115743	0.21759694	0.733885634	0.253471298	0.489762758	0.924114573	0.106255343
0.975934657	0.525317512	0.243142184	0.720530157	0.232765002	0.923472307	0.946464221	0.918818336
0.993968766	0.573815719	0.180470257	0.723520108	0.305592108	0.527069968	0.8004054	0.83765276
0.34987334	0.521737093	0.201826638	0.777767354	0.311326034	0.942117772	0.85068217	0.374227321
0.411842635	0.575053938	0.301153603	0.82756401	0.313941077	0.82155605	0.400571119	0.030253046
0.549929969	0.440756757	0.365373289	0.789499623	0.283802126	0.36220083	0.756443578	0.144864349
0.95544882	0.559996683	0.261204905	0.796512627	0.24878462	0.567621976	0.592804879	0.129837189
0.590861893	0.545002849	0.32110982	0.770540809	0.306651069	0.663134194	0.751010088	0.693318232
0.551051784	0.564911096	0.22011834	0.840933923	0.148329966	0.082920692	0.596438083	0.213524184
0.432134995	0.573915978	0.079146318	0.783937539	0.251457418	0.95308431	0.938000274	0.124557264
0.6437877	0.465837132	0.116917542	0.746040247	0.153072305	0.284506072	0.951898951	0.489517294
0.713649049	0.543416516	0.331463723	0.789162467	0.199402353	0.05700112	0.508796092	0.413304535
0.401704696	0.54865775	0.241074676	0.7161924	0.371836542	0.051721539	0.55723863	0.859742297
0.405443222	0.554896071	0.191343023	0.796079675	0.391469387	0.870753419	0.854791874	0.393609318
0.940727268	0.60920408	0.144900316	0.893053002	0.278684016	0.878183303	0.787011119	0.828411278
0.529772982	0.637091249	0.034672921	0.785684164	0.148375477	0.640428109	0.443968976	0.647843216
0.628175427	0.576104928	0.234247933	0.857283459	0.488447231	0.938761787	0.551281148	0.877703467
0.949474266	0.601635921	0.282633576	0.866827292	0.269459618	0.349567938	0.54456436	0.861319523
0.647967705	0.529649686	0.33522168	0.712751828	0.262378197	0.275320612	0.731767596	0.054891848
0.56724328	0.639539359	0.266974715	0.802086042	0.234388245	0.286134975	0.860535835	0.434293999
0.990839947	0.587141419	0.176990665	0.725966331	0.126287267	0.797073937	0.668142247	0.085099574
0.717606858	0.591543381	0.270241037	0.747893537	0.224138544	0.782282997	0.671504558	0.604242079
0.687981106	0.538027321	0.17881291	0.700077654	0.400446648	0.978790023	0.79237308	0.475492055
0.453868063	0.565948093	0.273604774	0.792855497	0.361366456	0.666698467	0.770084616	0.719314746
0.691075429	0.541424876	0.356668728	0.761862448	0.235772783	0.080551446	0.392437152	0.655793234
0.815081532	0.60433296	0.156199055	0.885567073	0.372970731	0.141970217	0.606579339	0.548639214
0.772694658	0.480413248	0.286143911	0.963679041	0.319899048	0.683507297	0.474016823	0.182504029
0.517027397	0.552038263	0.254260372	0.818981871	0.168695159	0.468985877	0.616250802	0.376845198
0.845814258	0.465554197	0.220909768	0.633307235	0.333434505	0.788336731	0.642204142	0.340232137
0.678807431	0.424633395	0.280814586	0.837237816	0.230454697	0.605942389	0.915895103	0.049991689
0.935655876	0.538066387	0.288198833	0.787333227	0.189446306	0.909114084	0.846428127	0.125879573
0.754233448	0.614922536	0.2332568	0.807784919	0.179727481	0.834489175	0.500533931	0.539325476
0.902030945	0.609619512	0.317391484	0.684957427	0.280402845	0.79456108	0.705734108	0.159998688
0.912898979	0.563773852	0.281894008	0.803459346	0.169345972	0.397846858	0.402789593	0.90014267
0.522863831	0.571308531	0.214188924	0.793283436	0.244442079	0.69509611	0.941394012	0.077887132
0.631348827	0.619293227	0.412596607	0.693047248	0.163586853	0.373770454	0.534350424	0.028541286
0.790289389	0.607475394	0.185374421	0.865273786	0.262023351	0.849302546	0.578300733	0.555934865
0.85345061	0.587113622	0.269188594	0.773773746	0.237654624	0.959882598	0.764720949	0.977458336
0.534321996	0.627800145	0.242209787	0.689031572	0.344121213	0.591212018	0.939519679	0.110035344
0.901035512	0.522000414	0.169760747	0.833407779	0.161359982	0.408355315	0.397284127	0.842692583
0.485263538	0.555896666	0.185924843	0.736659286	0.392657979	0.021181526	0.546117135	0.214650836
0.558021837	0.601997973	0.222956425	0.655006261	0.171990258	0.120496133	0.966496136	0.804324131
0.979828601	0.516839341	0.302864706	0.668382329	0.306236479	0.774198538	0.611713663	0.653143584
0.517388385	0.587526066	0.075033611	0.781550108	0.231121305	0.651058838	0.928398475	0.195336306
0.756741234	0.559886268	0.303012518	0.822341731	0.196122205	0.633949563	0.409099275	0.207182663
0.484272973	0.525194315	0.268917453	0.700394048	0.335532326	0.448491235	0.737955444	0.410180704
0.873155153	0.481793907	0.222993348	0.722216549	0.159488743	0.381490667	0.505120395	0.539373469
0.759383762	0.450409639	0.210080746	0.871729927	0.174173629	0.860744598	0.482868558	0.852045625
0.647169384	0.528033865	0.327090189	0.682755008	0.144112878	0.878131872	0.70178126	0.399611532
0.942259479	0.582070764	0.191255168	0.820507261	0.349287421	0.461486035	0.891082333	0.595031955
0.844004469	0.511323992	0.286545017	0.739298916	0.292193248	0.139723683	0.654228262	0.599422164
0.66696281	0.558089067	0.190236621	0.802181691	0.180992623	0.148510208	0.877930706	0.85593188
0.673862844	0.556056488	0.151476905	0.782056768	0.335613602	0.413447366	0.768926138	0.730428211
0.4347251	0.573619691	0.147581677	0.698988946	0.356954669	0.374213768	0.409139943	0.430244725
0.814366992	0.598093463	0.383662095	0.848564902	0.28383058	0.485020352	0.981807224	0.60384961
0.672652527	0.60848988	0.3256472	0.824946569	0.173882569	0.133161859	0.396730951	0.730463053
0.861057455	0.69798368	0.20821144	0.729641315	0.339061896	0.484985819	0.700916124	0.795525556
0.899948642	0.615459529	0.128528732	0.821088277	0.178836145	0.728592551	0.654197325	0.913064204
0.869883273	0.502740994	0.256214441	0.684003432	0.169926572	0.366874406	0.682195516	0.268304085
0.570972475	0.59514735	0.144730839	0.802412892	0.215707264	0.707251291	0.348909979	0.85198828
0.658140345	0.552331765	0.354957709	0.700598792	0.200680303	0.16861812	0.442499091	0.74029568
0.528882632	0.557174621	0.288266349	0.777066446	0.169475159	0.421651729	0.852052388	0.417018618
0.832713683	0.509094051	0.122488465	0.769578844	0.251408792	0.510640306	0.737558258	0.386578314
0.934913638	0.526102727	0.323559933	0.704178949	0.131248966	0.987934697	0.581751144	0.315891076
0.924957452	0.572605381	0.048533737	0.782657907	0.22296868	0.337560745	0.717732456	0.116376774
0.788605913	0.518879406	0.196408787	0.570524205	0.295631207	0.152027724	0.694077975	0.141987529
0.608204007	0.504773948	0.214890224	0.810940682	0.254021567	0.68975112	0.737934824	0.630873492
0.848752022	0.616330963	0.174412679	0.882647899	0.257627718	0.189152397	0.553799856	0.815037116
0.995357416	0.575585801	0.105107126	0.869793931	0.100605882	0.227794478	0.80975166	0.144038446
0.571571588	0.560435346	0.301550787	0.801919357	0.363701163	0.225403035	0.605385622	0.115333331
0.579817782	0.556182208	0.120870146	0.857659435	0.225898494	0.175867004	0.512141456	0.410772611
0.699161067	0.569315017	0.185107433	0.856177263	0.316054576	0.401957902	0.552443642	0.7312093
0.592932767	0.617342001	0.331050214	0.723033779	0.21830308	0.911084665	0.739844724	0.542365242
0.865660292	0.588766517	0.201317167	0.832481924	0.232692732	0.703253268	0.928927414	0.4887021
0.798386764	0.420893293	0.273682416	0.861176888	0.227667736	0.191877365	0.842935843	0.206486745
0.736415048	0.529538848	0.20243036	0.752744158	0.242400647	0.716908668	0.851465522	0.843756147
0.51871315	0.581381892	0.217202184	0.76981214	0.261498454	0.402190103	0.616826051	0.28396786
0.417220954	0.493075573	0.219134503	0.898451424	0.395960299	0.508381801	0.766649939	0.351385701
0.845032665	0.591676209	0.23431402	0.6681973	0.178211809	0.521004552	0.952627519	0.462111707
0.710931775	0.526261082	0.232304662	0.947782568	0.392756175	0.399140119	0.592094348	0.099126183
0.742368938	0.598118506	0.209987824	0.771257961	0.187283491	0.53380198	0.822384233	0.378878402
0.695507049	0.450378385	0.189721572	0.743688355	0.351846607	0.567488968	0.641074142	0.790038615
0.563646769	0.458437567	0.160073527	0.724111771	0.293938976	0.336428738	0.74611008	0.623516191
0.768066158	0.57463378	0.341917959	0.843138395	0.270563263	0.196544374	0.667999145	0.099654442
0.61999945	0.557098548	0.24914236	0.82847006	0.195487655	0.319252821	0.569230078	0.222825093
0.404247253	0.479403157	0.207679655	0.842724415	0.23916835	0.890670929	0.521879569	0.947505542
0.524481058	0.633493948	0.269955034	0.695600928	0.284179718	0.615918916	0.763279491	0.422127186
0.903934628	0.45337402	0.171664611	0.77458966	0.302241744	0.578370969	0.625377048	0.313840218
0.737354248	0.626982859	0.244473808	0.717749802	0.21732522	0.110324612	0.368494153	0.337384114
0.519511476	0.587472516	0.067064597	0.652611487	0.229277462	0.933955741	0.603237617	0.030466949
0.558691567	0.527993471	0.244447569	0.814595596	0.206645718	0.029961503	0.357589698	0.801895497
0.511348722	0.474608757	0.334360318	0.90125347	0.269617235	0.554337076	0.618544668	0.029678077
0.434217519	0.646554203	0.181372061	0.794245127	0.317764025	0.794132885	0.763818782	0.625587807
0.691882287	0.563299647	0.277016033	0.746996374	0.156020739	0.045622546	0.699976245	0.015056403
0.547269083	0.52662773	0.231430271	0.786814546	0.217694869	0.35481128	0.382149765	0.9191296
0.839969168	0.587833379	0.187457432	0.835295414	0.292055407	0.39693661	0.870412969	0.082136165
0.635817282	0.524291572	0.228891055	0.884972052	0.222713485	0.257612759	0.33966753	0.73439948
0.816718827	0.555447973	0.06481109	0.855559562	0.236456258	0.223005564	0.45310547	0.639085547
0.781482505	0.499576649	0.183798657	0.776871638	0.155359761	0.435828965	0.872596063	0.029389725
0.96362451	0.535172804	0.220072754	0.797128998	0.285182592	0.757421451	0.692906948	0.413592645
0.857990812	0.618076816	0.225353825	0.651335535	0.228637368	0.680196374	0.517463279	0.614359455
0.846792725	0.669016297	0.278187335	0.829847382	0.324105748	0.602794455	0.984185749	0.653778267
0.688715146	0.568370395	0.149388608	0.718777357	0.205301811	0.525301252	0.339220509	0.720567169
0.75380969	0.714412173	0.230275933	0.624446291	0.322040973	0.651707849	0.931363225	0.424326284
0.994543476	0.54154321	0.323688364	0.903965406	0.254044578	0.857230002	0.7928844	0.139982934
0.454430918	0.613858524	0.302228731	0.891709592	0.192678201	0.099959059	0.821664682	0.510858797
0.928694343	0.519202086	0.326834501	0.799030144	0.261128956	0.282291444	0.447788865	0.168954084
0.690157132	0.554765787	0.153442491	0.895068415	0.240697278	0.926928816	0.597981843	0.705050594
0.662831178	0.627848017	0.217019098	0.728056638	0.160476547	0.368188215	0.663044686	0.578107803
1	0.478850909	0.203834872	0.92782696	0.267632299	0.453474053	0.576306948	0.921065726
0.640939612	0.637358985	0.115092102	0.842449828	0.207368372	0.32497841	0.932811837	0.463514939
0.666625657	0.496998049	0.152460981	0.726198488	0.281533005	0.255631649	0.55427619	0.490298436
0.863085453	0.622297969	0.126757838	0.967176465	0.183286865	0.659273673	0.687466511	0.918570681
0.498942213	0.419118492	0.037887017	0.735787217	0.232785569	0.305373237	0.498205662	0.278399827
0.528635748	0.568387664	0.158397525	0.732960042	0.193860642	0.356288027	0.646506387	0.810797218
0.709926607	0.546074659	0.211975369	0.948675418	0.392843558	0.362314583	0.574416095	0.895463501
0.647643737	0.563014465	0.337744452	0.733786473	0.299567592	0.462644925	0.829314158	0.457361756
0.62592421	0.461474724	0.235434439	0.770467245	0.317223865	0.53067196	0.880256017	0.188911918
0.581212454	0.605424058	0.375144069	0.804696531	0.30951724	0.97025419	0.771413569	0.041935922
0.881640858	0.588311654	0.188041425	0.809941637	0.236107568	0.724563953	0.684036163	0.610491893
0.624825202	0.626029905	0.316789103	0.800623637	0.370227421	0.926288735	0.364867438	0.868652739
0.68999279	0.49246669	0.202681263	0.852976715	0.120686164	0.694065697	0.447465561	0.94419948
0.419317419	0.548130647	0.202852492	0.740220201	0.288866761	0.889320236	0.868520444	0.752284765
0.653313266	0.58238983	0.104599035	0.828488296	0.138504427	0.716506004	0.712885664	0.953671639
0.66865967	0.553354039	0.132749671	0.7437959	0.29487976	0.658332528	0.686767096	0.99827869
0.764856093	0.57017534	0.195398741	0.842840667	0.258553894	0.658023459	0.549763543	0.154548155
0.349556898	0.463905644	0.358344578	0.810395597	0.181037008	0.760304327	0.868259468	0.359948136
0.955258844	0.611530014	0.254814926	0.845623264	0.229732863	0.98512441	0.54164105	0.269701794
0.573496398	0.661053356	0.147970534	0.668140489	0.286913078	0.888877132	0.459219087	0.394014025
0.639603282	0.514766522	0.153417594	0.891633319	0.201559259	0.231071828	0.790789391	0.611084666
0.878338459	0.553502819	0.190379109	0.898046382	0.229913287	0.521175546	0.390437875	0.299241491
0.411483573	0.530796371	0.25129247	0.740590802	0.145330706	0.44370466	0.51639622	0.393543666
0.715854671	0.632072303	0.121000838	0.786932578	0.270515289	0.858059964	0.639746592	0.918118316
0.854193792	0.602720775	0.096942181	0.613240637	0.434438828	0.915892105	0.850596772	0.721505013
0.984292971	0.610332908	0.127957744	0.862616807	0.175792086	0.032617284	0.655081602	0.795620431
0.570797747	0.634017521	0.207081049	0.698590101	0.204367931	0.582446356	0.508621447	0.170709446
0.460582679	0.595683813	0.317704563	0.765159334	0.369608499	0.964244535	0.492170082	0.301871009
0.836442605	0.590341593	0.309972193	0.854253791	0.326168604	0.359894651	0.710772232	0.519428552
0.647648623	0.543684528	0.195476989	0.931301995	0.158777973	0.207016884	0.923196352	0.841974066
0.633568691	0.540710362	0.256443766	0.749470731	0.20356778	0.077687325	0.34041135	0.588147809
0.373287134	0.44736624	0.242469702	0.660717436	0.239897404	0.670179121	0.4006554	0.480303112
0.472316668	0.476658843	0.30321577	0.831374939	0.305102487	0.695623289	0.54370081	0.754305132
0.434778006	0.564521746	0.28170321	0.807467085	0.330409779	0.187198995	0.882171111	0.106048999
0.568410751	0.567752815	0.319038952	0.806617518	0.407676177	0.801614248	0.611652086	0.403587757
0.966814146	0.5064042	0.26157817	0.814851278	0.192109503	0.427178768	0.682329878	0.202194093
0.412291223	0.628800363	0.18719662	0.944254872	0.225104072	0.243712696	0.88510657	0.820475074
0.627182067	0.538027008	0.273293866	0.808940239	0.237199006	0.893700933	0.514928801	0.781771521
0.589266409	0.584112747	0.188252898	0.74577383	0.327773259	0.77606483	0.709038237	0.514545358
0.356753028	0.589844088	0.251799697	0.875920567	0.171362715	0.257436064	0.548464177	0.773714336
0.959388673	0.539866455	0.298389621	0.633585818	0.317490863	0.403955637	0.731472889	0.507012232
0.672381603	0.503259213	0.186335127	0.832232268	0.284537048	0.827108669	0.768022932	0.271785134
0.784259424	0.540947928	0.305031471	0.936598781	0.289909579	0.693757252	0.390244888	0.344853192
0.765650009	0.60460895	0.201968669	0.740926008	0.217572434	0.916480436	0.497147945	0.942032011
0.936032347	0.504164212	0.275417845	0.76166387	0.246263247	0.344204011	0.425348508	0.768771891
0.365965505	0.522342214	0.21046204	0.957756429	0.243026796	0.190092542	0.924816751	0.090393004
0.939256889	0.59143869	0.203800812	0.928084807	0.206546661	0.880194597	0.970388135	0.478222929
0.767666101	0.423920891	0.220638308	0.732151523	0.371193956	0.095408612	0.988230099	0.043030769
0.919265993	0.577336953	0.2131106	0.861783831	0.220657097	0.583752611	0.767231424	0.184315587
0.546146448	0.568830349	0.165087471	0.793229738	0.253290494	0.906503315	0.375385034	0.785073451
0.842062171	0.619385908	0.298558909	0.725764343	0.284528538	0.537474854	0.917670145	0.161276378
0.349282818	0.494620742	0.209807897	0.891330869	0.331910777	0.84137467	0.696268715	0.203762835
0.602577335	0.523640525	0.310035028	0.616113386	0.256181808	0.458828379	0.887728135	0.506274621
0.747496117	0.607587493	0.114934093	0.651615803	0.163968022	0.350691535	0.756491946	0.252568855
0.886241336	0.521842104	0.265527518	0.713589253	0.293757782	0.621921422	0.797795766	0.03187712
0.47869023	0.468793461	0.205962673	0.772763479	0.062646995	0.120042604	0.975009956	0.478170284
0.79447945	0.403503582	0.211674816	0.813236086	0.2568991	0.77473927	0.610567915	0.735994143
0.816945809	0.518849474	0.247855331	0.836837111	0.241588175	0.15428281	0.407214669	0.122992146
0.910209295	0.564508158	0.033694286	0.758132247	0.274994001	0.001403095	0.970299161	0.500578033
0.684193442	0.57288632	0.340176791	0.738276504	0.300230078	0.441823208	0.936922905	0.248782266
0.758149692	0.563260645	0.238697285	0.841916227	0.257059824	0.242447007	0.986106573	0.753535093
0.941155632	0.513025425	0.203689318	0.903114405	0.239832737	0.064077963	0.571807914	0.521519213
0.764856363	0.511542019	0.283004426	0.819891569	0.348444038	0.800089401	0.46228415	0.66454896
0.911123571	0.557657561	0.198035735	0.90285409	0.32192968	0.156347814	0.535536766	0.194747727
0.778095514	0.580403657	0.160323196	0.833276363	0.353625262	0.717982838	0.847560763	0.648905231
0.594539657	0.58140704	0.297991342	0.690365674	0.327694916	0.797909317	0.730098077	0.645267859
0.483705927	0.49994682	0.180481558	0.82662424	0.106174232	0.157290935	0.501071829	0.499974862
0.939373268	0.557362738	0.300775188	0.671399331	0.278038476	0.579294628	0.828173368	0.186946233
0.502419819	0.517620301	0.30783449	0.782210071	0.234139882	0.225347204	0.403582169	0.858808272
0.872812762	0.544067196	0.275316594	0.83635206	0.320445343	0.075131062	0.367071647	0.793354605
0.585417845	0.495467219	0.283086168	0.768683392	0.196625362	0.843292633	0.801700964	0.970501593
0.720223068	0.617196186	0.106758401	0.776858656	0.330349418	0.206839025	0.856997057	0.952347178
0.824282071	0.645475466	0.239982066	0.64748099	0.205031448	0.609535302	0.755595207	0.988834316
0.487117153	0.520193847	0.197002441	0.735131467	0.370100011	0.885626575	0.931563068	0.303096793
0.840401232	0.454124055	0.261225164	0.875844501	0.195776575	0.218880151	0.888465317	0.901468634
0.958894614	0.516469844	0.303793855	0.793403564	0.193764494	0.354025537	0.342993596	0.520515265
0.84759583	0.537085802	0.192175534	0.640739352	0.133883219	0.26927695	0.825628858	0.237489662
0.494090453	0.634620628	0.14847872	0.684227392	0.199538074	0.518634948	0.928229834	0.939482793
0.360592041	0.468587504	0.118551018	0.802590699	0.214311051	0.110805778	0.666536869	0.360655592
0.776358394	0.590732606	0.103281164	0.81540894	0.363059132	0.148401405	0.364710293	0.159573509
0.735875253	0.586811194	0.133454957	0.689763321	0.056928267	0.461313564	0.629361026	0.723249063
0.999546154	0.666995225	0.225191784	0.78319226	0.260875649	0.788486387	0.812049885	0.436194597
0.829864355	0.525148226	0.261073346	0.723070701	0.158492149	0.266981544	0.699923719	0.268280071
0.537083619	0.563842471	0.219653263	0.752782859	0.193933148	0.748605939	0.570225685	0.7744334
0.544281909	0.57417513	0.114783871	0.88417718	0.233044822	0.544486338	0.750401576	0.608637816
0.72238132	0.521263776	0.159402743	0.633927761	0.314589258	0.452432995	0.569651746	0.744555645
0.399977966	0.75359284	0.172404811	0.772051892	0.302999338	0.273653076	0.850301224	0.681028921
0.460646508	0.614027912	0.060071874	0.771218613	0.300718122	0.188485293	0.93712932	0.623033931
0.748909743	0.548910362	0.148077873	0.757774552	0.375937169	0.856500722	0.546561996	0.828960085
0.527014498	0.509320062	0.223295227	0.817971666	0.409853944	0.600739219	0.535834959	0.639922197
0.98739807	0.648561876	0.241995365	0.797507004	0.420018673	0.221227567	0.78262775	0.38043777
0.935477085	0.528764523	0.217314241	0.869466583	0.292954623	0.801164498	0.66299213	0.159854357
0.46676487	0.450262754	0.221526651	0.906760015	0.266297937	0.339059521	0.35747931	0.797093897
0.814628902	0.633982019	0.24124481	0.895519786	0.337910622	0.969876392	0.69826099	0.755137894
0.645085907	0.636587481	0.30451164	0.79101358	0.295990682	0.369444942	0.919710657	0.168999306
0.793393631	0.570219703	0.257584813	0.871424817	0.274665062	0.82896566	0.43094308	0.984002667
0.618388418	0.571952132	0.212221517	0.777347925	0.227570472	0.199529948	0.831244427	0.77470727
0.721048206	0.496739298	0.212325931	0.822826528	0.317586627	0.539039811	0.832618338	0.305880423
0.743791777	0.521900717	0.189454537	0.741230182	0.131733015	0.341597032	0.492934635	0.442174128
0.9759032	0.571666558	0.202728077	0.79945075	0.134100906	0.437230532	0.860713267	0.618500959
0.886185437	0.521829994	0.324244853	0.693895616	0.141630493	0.020188577	0.869281163	0.229339757
0.909103914	0.536831458	0.214263176	0.750229465	0.095134374	0.898206465	0.565186701	0.006532975
0.867247757	0.670984706	0.302607799	0.768398977	0.228807107	0.454825993	0.982556417	0.479646302
0.534988379	0.57507813	0.197556592	0.899168077	0.209076895	0.369565693	0.434632991	0.570700287
0.357516583	0.483537756	0.172327777	0.85838821	0.222673914	0.847862711	0.427661826	0.50707737
0.660592099	0.576099362	0.250792842	0.949522177	0.246474845	0.635886374	0.668440592	0.877407131
0.928655282	0.520625419	0.296816346	0.750564435	0.200260016	0.427061054	0.859875226	0.422172376
0.773191002	0.520616423	0.160536782	0.697021266	0.258269877	0.033630089	0.342569296	0.921488133
0.65437009	0.509523686	0.273842743	0.812060342	0.232893313	0.770415454	0.933490359	0.295276678
0.846061796	0.589374354	0.273921562	0.669938815	0.253488597	0.384432231	0.73221336	0.643601865
0.526019713	0.916941907	0.565531679	0.073974925	0.789654613	0.536929982	0.548109243	0.49423866
0.450757442	0.738057012	0.556676412	0.434980444	0.809510284	0.486078147	0.804628245	0.389719719
0.531068122	0.70423671	0.672690563	0.31824758	0.641841301	0.619217693	0.683781846	0.807471959
0.474229123	0.8422876	0.591299119	0.24267623	0.616359537	0.388548226	0.585123084	0.623603272
0.473506243	0.858440242	0.507632043	0.293454376	0.730309114	0.515720912	0.725840041	0.613636887
0.514234178	0.903706787	0.657820655	0.567967106	0.31486056	0.464616567	0.823257478	0.46662388
0.584969703	0.907858404	0.675233	0.563744143	0.837536855	0.520365763	0.553249188	0.279824859
0.486882175	0.824011165	0.574609644	0.143570806	0.821065515	0.554093619	0.951481467	0.410527869
0.53320054	0.847053302	0.500098152	0.325811577	0.426259569	0.405882648	0.904190745	0.656093316
0.58766572	0.792277722	0.60342889	0.783208592	0.617393985	0.340465933	0.762170939	0.597963795
0.487030066	0.838260925	0.561129545	0.718983365	0.934723752	0.611429825	0.537158464	0.527153297
0.533159892	0.87684513	0.604361334	0.014138458	0.666102262	0.596323533	0.393294084	0.867659372
0.508882246	0.79304516	0.581766624	0.129620856	0.354825854	0.744845915	0.860313096	0.67462197
0.437124475	0.855844492	0.615382099	0.569116655	0.750301813	0.789370011	0.396271219	0.879602257
0.491279213	0.733337207	0.598882712	0.396190154	0.630113824	0.462521399	0.745397502	0.669692828
0.553796766	0.876532008	0.637726141	0.001883549	0.825923509	0.350123348	0.468598653	0.608741799
0.499480517	0.850840006	0.581244431	0.611584786	0.723385054	0.447027219	0.628731581	0.843088327
0.4926755	0.837454784	0.669436327	0.572867059	0.449021314	0.449063763	0.857571384	0.890447888
0.571262442	1	0.617915318	0.1715045	0.739897291	0.533993402	0.60582362	0.654186482
0.492301227	0.808492149	0.638345868	0.289204889	0.558753363	0.476581658	0.787897147	0.826067053
0.515565522	0.893104887	0.579457468	0.654870352	0.294951681	0.466305121	0.524580073	0.441226831
0.503733326	0.899238951	0.663343053	0.328907345	0.302389855	0.431745663	0.71998331	0.864712785
0.511713642	0.835651834	0.655318864	0.187709292	0.627216817	0.506738441	0.474378526	0.778704054
0.498966568	0.758051012	0.74358192	0.784288374	0.905235239	0.543814467	0.593080543	0.10113215
0.49577576	0.800492865	0.673163649	0.404439238	0.413801111	0.530234862	0.825578006	0.331102366
0.467088081	0.943964841	0.507448384	0.073689387	0.560410159	0.377724546	0.9550867	0.163779004
0.478500562	0.787237245	0.567740557	0.296039815	0.45124076	0.259292743	0.782999084	0.018184676
0.553212425	0.894094353	0.608565421	0.561779109	0.733701589	0.418702152	0.554750215	0.317545599
0.566053391	0.825063082	0.677613548	0.24483928	0.527745354	0.544677008	0.749432697	0.208715705
0.507154702	0.862270725	0.537329676	0.341193318	0.262341484	0.558937577	0.465963124	0.822317232
0.466386009	0.839601787	0.720957883	0.081653979	0.418431708	0.408249653	0.50848545	0.158394277
0.524096033	0.86575079	0.667079948	0.452361157	0.968970409	0.509694035	0.618769316	0.364525145
0.516117399	0.79633778	0.616498911	0.199713639	0.782932912	0.412949042	0.835448499	0.517695802
0.544614422	0.808628662	0.533284401	0.017716098	0.313923322	0.41601382	0.955358516	0.966291278
0.508256326	0.78817445	0.581120959	0.759734193	0.463407069	0.559961833	0.879453077	0.613786717
0.522618409	0.833464456	0.666344481	0.02843649	0.627256121	0.635622183	0.960183266	0.322772129
0.513847319	0.817101677	0.633326074	0.388318423	0.655284641	0.635343996	0.474602495	0.202451716
0.54012028	0.848670055	0.553597335	0.216921162	0.268656801	0.197701444	0.62392614	0.37855576
0.529093546	0.827802015	0.645292792	0.683093182	0.303937975	0.435076332	0.447616803	0.381754201
0.522157424	0.857456377	0.555857249	0.287717606	0.566818685	0.419375254	0.499215815	0.030510043
0.531501221	0.921730889	0.747579125	0.64728704	0.496170711	0.694509109	0.476436045	0.16898059
0.556176095	0.829670767	0.702244051	0.567044665	0.785720988	0.375825942	0.928983161	0.367886083
0.484036216	0.830910663	0.670217268	0.534809488	0.638775579	0.516776619	0.367897297	0.067602052
0.504787327	0.812666909	0.590718622	0.681379062	0.433735032	0.523629712	0.379046648	0.385038413
0.54309827	0.819675673	0.55748429	0.416865661	0.584032956	0.482941495	0.621578918	0.595439528
0.505582734	0.744553348	0.652933336	0.658265339	0.25457129	0.294558638	0.433469106	0.781118536
0.563188389	0.78054709	0.535641689	0.20526907	0.523790341	0.677533813	0.748600176	0.420799812
0.519235486	0.909254168	0.695875598	0.718681889	0.679951298	0.56849409	0.571627456	0.484543217
0.510285187	0.881853617	0.65842212	0.34774115	0.471601155	0.479151524	0.383374058	0.617869287
0.504129854	0.836881466	0.573160345	0.687036598	0.88068504	0.394121781	0.832938998	0.764818013
0.563032289	0.827048653	0.576447098	0.53026845	0.320732792	0.431584223	0.749352021	0.856720377
0.520609182	0.896767132	0.564973557	0.582973791	0.486810451	0.419310658	0.649337801	0.915974856
0.474398356	0.767243511	0.447949592	0.430065582	0.664573862	0.556826997	0.875046612	0.532528783
0.455275047	0.81973804	0.516407218	0.120289028	0.975554351	0.339731383	0.689366943	0.43978664
0.522594261	0.987380774	0.48661483	0.558174668	0.765788322	0.500858458	0.63639416	0.292151834
0.502567488	0.82924641	0.676792928	0.568458593	0.815873787	0.562900861	0.688987703	0.733873878
0.552939457	0.883780892	0.530576091	0.529291486	0.367195531	0.307706556	0.379852134	0.400027527
0.530383055	0.804243436	0.670257996	0.400125876	0.854924611	0.574283268	0.345081901	0.602396648
0.498797522	0.846236839	0.598195683	0.475443041	0.793650829	0.486793184	0.626826799	0.669466675
0.518416337	0.864778269	0.620305373	0.014403015	0.831724494	0.488453916	0.387428182	0.56114325
0.506425943	0.832807605	0.552925521	0.241561132	0.921571633	0.527458616	0.871359001	0.892322925
0.504049856	0.763511525	0.592956461	0.727710105	0.607215131	0.514504892	0.930698896	0.232885622
0.474276513	0.832076771	0.563867048	0.58706268	0.523781009	0.325607893	0.656220631	0.550217863
0.496630508	0.845783988	0.660090803	0.47820545	0.820589232	0.378235501	0.871415252	0.897651654
0.557758138	0.881732182	0.603941661	0.388267742	0.398723853	0.444889984	0.429508617	0.253529221
0.483615293	0.856862016	0.605777987	0.425849081	0.524769092	0.386145659	0.902454746	0.438416193
0.552408769	0.813214011	0.615170495	0.555232828	0.506762621	0.281669218	0.338683158	0.161611735
0.47391658	0.935535529	0.577194054	0.242299386	0.739698984	0.346259702	0.411643599	0.721600109
0.467576967	0.873700947	0.563845502	0.009665794	0.641832987	0.391921669	0.471478703	0.877616348
0.45766422	0.9038377	0.517610253	0.006660934	0.990585367	0.596981234	0.642308877	0.684573181
0.542759123	0.872589262	0.611558453	0.565590369	0.921882112	0.572871767	0.790177698	0.059492786
0.464633402	0.783975682	0.574824956	0.258512189	0.64255703	0.336978609	0.390596055	0.84010919
0.50503799	0.860418424	0.666565306	0.711204053	0.738926976	0.486780245	0.963467197	0.102397309
0.450495711	0.906142637	0.69393642	0.345682175	0.859005593	0.34524105	0.416274158	0.923092011
0.506609911	0.963312544	0.585222113	0.336053081	0.794856015	0.491720135	0.786091278	0.123031075
0.567527634	0.881694686	0.741167541	0.776014097	0.985541738	0.537617882	0.451264495	0.341766698
0.498761985	0.809436088	0.573870352	0.525925912	0.340662522	0.52355929	0.668014369	0.041220324
0.515714395	0.760123058	0.49723186	0.116071852	0.353041325	0.503316937	0.461054039	0
0.571831912	0.85595899	0.595611012	0.384726344	0.37111779	0.493923458	0.452702936	0.695515493
0.483755887	0.815369773	0.641287315	0.525193939	0.260951923	0.843749461	0.905132696	0.196267337
0.46091668	0.831560852	0.600144487	0.408209032	0.574877168	0.335867735	0.984714206	0.610229552
0.564020879	0.884034222	0.629244793	0.221137481	0.743246667	0.602733116	0.957921413	0.600048564
0.467653217	0.834123239	0.601985508	0.444503839	0.36660632	0.562764234	0.63839884	0.865449819
0.482648725	0.756709119	0.576717859	0.495333228	0.428285785	0.436777974	0.358091204	0.062890086
0.522783095	0.889406808	0.602380187	0.246928976	0.634218403	0.460436039	0.551678208	0.959906606
0.549775463	0.909164189	0.739229985	0.229777886	0.972322928	0.341906754	0.990276558	0.792196646
0.530134257	0.77727275	0.66222843	0.270765184	0.830813678	0.37354141	0.80445917	0.895453629
0.537432958	0.875104764	0.648803551	0.477105444	0.615449427	0.463273169	0.785363881	0.065933158
0.570781316	0.844049779	0.683977819	0.109632562	0.743147467	0.601814532	0.818694534	0.794841404
0.500654917	0.938551179	0.550447148	0.294125746	0.752238773	0.572801328	0.858150376	0.549168255
0.516894285	0.79864428	0.589348214	0.340815076	0.496478367	0.481541059	0.351572926	0.921474843
0.482357709	0.785280226	0.579145938	0.786630502	0.851279455	0.620171814	0.943244235	0.002141489
0.451403816	0.882898568	0.750159579	0.011238945	0.566908317	0.364605346	0.487639107	0.309726185
0.555344492	0.897061298	0.464829164	0.06042704	0.869920046	0.537058828	0.608585283	0.238729713
0.522058535	0.835668702	0.467558375	0.157399434	0.565793417	0.427158736	0.772837078	0.918699625
0.546413158	0.842648359	0.628149728	0.392407584	0.826585363	0.392303321	0.859746135	0.897090744
0.412813026	0.83699312	0.67813392	0.106552979	0.273034364	0.468840919	0.552853264	0.585748404
0.489190739	0.754004253	0.69525449	0.549604929	0.814525504	0.534689498	0.483541649	0.538231421
0.485154749	0.858706717	0.631839732	0.605431588	0.317737735	0.542094013	0.446686231	0.145356706
0.497351512	0.786860072	0.715841593	0.325401802	0.27100658	0.732575706	0.482734496	0.985186741
0.521219875	0.816884572	0.586897695	0.385804128	0.755011819	0.540105452	0.611762734	0.513011987
0.500563713	0.810399804	0.566150805	0.348307286	0.906697434	0.526721544	0.831805762	0.359475225
0.539330596	0.774224704	0.580851203	0.508241888	0.699589342	0.410266078	0.732111896	0.972346297
0.453122335	0.875643353	0.541681175	0.228721398	0.3722211	0.53333218	0.885214624	0.129367883
0.483746047	0.805050521	0.47621365	0.047991674	0.725711652	0.463313762	0.409631437	0.152337846
0.504754302	0.955653574	0.720344791	0.48344467	0.879600694	0.480541761	0.657376749	0.340539476
0.540346736	0.909342006	0.725858788	0.726302008	0.660779055	0.632034959	0.87623174	0.350238386
0.465042	0.829724636	0.763008169	0.661997332	0.77555915	0.565405258	0.337519031	0.588805135
0.510784715	0.885902562	0.628375229	0.090728895	0.357494238	0.522742255	0.847999698	0.900522644
0.530012576	0.822311764	0.499303486	0.454892538	0.371884861	0.474044568	0.467456816	0.040422947
0.53466826	0.803330736	0.670550976	0.115707272	0.82502879	0.53623403	0.965764382	0.658390571
0.582748473	0.885466819	0.641923482	0.529531051	0.772315819	0.685100707	0.645068452	0.114332391
0.508270661	0.807283315	0.690518525	0.432638729	0.937232817	0.342065764	0.64555655	0.561635479
0.492685361	0.778288644	0.680835014	0.26245857	0.320030982	0.768376611	0.351804422	0.445888959
0.492896677	0.865146376	0.69742938	0.116349622	0.387120192	0.349870606	0.574392731	0.602658861
0.486036246	0.84318804	0.692782864	0.751077227	0.654275453	0.418620316	0.344007117	0.186515325
0.525160378	0.76287839	0.615678862	0.732599601	0.850172979	0.513765693	0.951527456	0.357217752
0.564058772	0.816789987	0.466674228	0.301596296	0.538095414	0.528727927	0.433540547	0.312505839
0.546091318	0.905586836	0.606642918	0.746305509	0.891355967	0.462440127	0.627653139	0.925888505
0.529353248	0.874910989	0.501694384	0.720469593	0.680754111	0.412750025	0.873060463	0.001404884
0.540325228	0.720073105	0.683671508	0.093572478	0.435461155	0.386526269	0.535231861	0.884852997
0.54768887	0.874237671	0.504909324	0.53870012	0.655093691	0.295057604	0.368595506	0.297725907
0.508009213	0.787407769	0.6171547	0.128312092	0.252975643	0.435490502	0.986986318	0.899987407
0.511202561	0.764654822	0.699765887	0.218616454	0.625911473	0.519093567	0.723064191	0.434295115
0.507128146	0.925151916	0.590114404	0.573264464	0.317601211	0.422459364	0.677790988	0.325986831
0.467389106	0.827095683	0.692416052	0.602924391	0.445552885	0.381998983	0.611800433	0.769948523
0.514402235	0.795633321	0.530770699	0.197355297	0.936522369	0.399326061	0.868251914	0.028787978
0.471565633	0.848118331	0.501287305	0.31340318	0.467239425	0.44670659	0.725781344	0.432527274
0.47305567	0.797205988	0.522978121	0.641663485	0.853168842	0.425598563	0.511287842	0.154861273
0.524350246	0.994297388	0.573370498	0.345709529	0.656083906	0.533917177	0.673760665	0.120768079
0.514393278	0.725297334	0.596242493	0.776128064	0.316807302	0.46951597	0.754282339	0.942514465
0.482149577	0.846930462	0.680425949	0.769135228	0.741495699	0.52432995	0.938331172	0.214835478
0.538204115	0.801783866	0.632240224	0.189916696	0.276146887	0.311657145	0.606797605	0.083013136
0.546000814	0.838217552	0.683376641	0.31814749	0.72565305	0.358240342	0.393840139	0.051916278
0.480724436	0.986794092	0.521346303	0.747180926	0.415573615	0.579939105	0.868147386	0.483777933
0.556794875	0.881008203	0.53951171	0.180796811	0.698486415	0.3606704	0.523154351	0.030055454
0.527699077	0.917063713	0.642535062	0.281881823	0.398460274	0.472100081	0.907566432	0.907668122
0.527660741	0.862271809	0.562679566	0.223026893	0.380992672	0.697763113	0.355905462	0.347771267
0.527909126	0.789734568	0.760474263	0.721503266	0.69492279	0.531339031	0.502280232	0.224074218
0.466448038	0.874496964	0.477905965	0.739710842	0.506150383	0.425446124	0.964781703	0.037389368
0.475708557	0.835155508	0.586526168	0.488989075	0.942035337	0.432598924	0.806505136	0.013891564
0.500194749	0.895252203	0.615221692	0.454751717	0.836264189	0.464053263	0.429062122	0.079283325
0.526835453	0.865320886	0.603816027	0.408992663	0.308558052	0.555967759	0.720312633	0.162328458
0.514351591	0.682318791	0.685407609	0.40433098	0.483310783	0.556974891	0.863547259	0.414694858
0.502434957	0.77940365	0.574317191	0.047106944	0.822306467	0.442664121	0.9098584	0.409298733
0.594893895	0.825670583	0.594487718	0.743444216	0.266905448	0.485912652	0.946463244	0.652302781
0.489715862	0.895186693	0.57177392	0.018559373	0.26094294	0.421458599	0.986704259	0.763998333
0.501358246	0.876388432	0.681885344	0.59260583	0.758299842	0.463323746	0.33711274	0.018893174
0.521004404	0.730633988	0.668216812	0.418417865	0.899555646	0.459055046	0.368075744	0.91012956
0.526976403	0.826552507	0.623570882	0.682883377	0.676774037	0.387714587	0.395796498	0.564844917
0.483163469	0.841272981	0.6888239	0.502131934	0.696577099	0.544408242	0.506998241	0.576650682
0.535576797	0.804037655	0.735537623	0.186011401	0.824323527	0.705547461	0.883362308	0.615118753
0.5386925	0.844199367	0.543709148	0.443389838	0.961824066	0.65768321	0.819087744	0.552929257
0.497161883	0.802795178	0.624251757	0.418615465	0.895813421	0.629582932	0.812308052	0.858512274
0.550322846	0.832976879	0.651463799	0.411563197	0.308002746	0.622817172	0.588300767	0.291038735
0.520965331	0.832347714	0.569667968	0.486960776	0.758667403	0.404965675	0.577265775	0.260078286
0.453416369	0.961143364	0.592800397	0.375542149	0.476364187	0.400539905	0.975495084	0.914309223
0.508341646	0.849248562	0.594463697	0.45808865	0.535520556	0.447129125	0.824260073	0.766694972
0.533299765	0.794743663	0.537220679	0.694515906	0.775251885	0.549574074	0.530124833	0.842348091
0.4637128	0.798411151	0.468292606	0.328293695	0.300563268	0.434115467	0.920854174	0.77865475
0.493262807	0.855707361	0.622885724	0.009395235	0.8566841	0.422250678	0.383093673	0.048951853
0.497981371	0.802964847	0.539157979	0.31740239	0.394120241	0.577638516	0.478691664	0.722286019
0.50818704	0.869543141	0.604254435	0.147774063	0.585937811	0.314972921	0.78734272	0.446765682
0.563273994	0.809962497	0.643796619	0.36239825	0.791730816	0.490889142	0.779241343	0.079332971
0.512420506	0.831832547	0.688364841	0.717329531	0.737171228	0.506559144	0.630656064	0.123292938
0.537266164	0.784986482	0.636834774	0.535392604	0.286934828	0.482456425	0.491021594	0.36968911
0.524969184	0.893184999	0.478749955	0.433930694	0.829560875	0.396250137	0.549234668	0.274908627
0.533583621	0.787549121	0.640290072	0.355289903	0.352542346	0.377911602	0.418793694	0.001405542
0.497652013	0.821978448	0.620584469	0.31220438	0.794308967	0.417117793	0.426449013	0.238068913
0.557770063	0.81131584	0.618906716	0.248979289	0.419702965	0.525051826	0.609809915	0.568446498
0.522990521	0.832105721	0.679715486	0.466167101	0.989815095	0.644880991	0.662392407	0.235868318
0.525521407	0.866823616	0.684492918	0.091391082	0.820688417	0.630686966	0.777691652	0.344354387
0.519640278	0.802564273	0.69884451	0.505945758	0.820697682	0.333186131	0.944006966	0.219834546
0.574063201	0.885433957	0.65256766	0.224295362	0.440057996	0.408427619	0.63635602	0.018623232
0.488056061	0.853019483	0.633863131	0.716446425	0.994880932	0.585358745	0.823165672	0.551946933
0.517741017	0.770988361	0.619064123	0.553636248	0.931344149	0.537338774	0.52850743	0.64189334
0.522693765	0.787858032	0.607550737	0	0.692508539	0.521098079	0.929129465	0.216657099
0.512474874	0.777556493	0.618429309	0.463909171	0.639173068	0.435609907	0.816467199	0.791352546
0.49447906	0.804623101	0.597114205	0.162010725	0.371802215	0.446566401	0.490147926	0.377997947
0.549980518	0.876886097	0.611757054	0.391362894	0.645174379	0.577773537	0.599327905	0.004287412
0.488851266	0.862562507	0.670760184	0.304530378	0.520019628	0.533626771	0.765151508	0.608709993
0.484325186	0.836407508	0.623856386	0.668717914	0.928055696	0.448744896	0.665492559	0.955347851
0.523726996	0.820699364	0.476152114	0.427515032	0.450328313	0.650339353	0.959923471	0.128511163
0.53684874	0.819515662	0.629531023	0.070179132	0.332240483	0.392176505	0.744799242	0.663133595
0.556760138	0.855006719	0.618188712	0.788712511	0.841792481	0.603788684	0.603657945	0.275150998
0.450116325	0.847970149	0.572919534	0.471145305	0.659648874	0.452433125	0.78799865	0.511247525
0.506987116	0.876935761	0.644269467	0.53217437	0.387113045	0.493942662	0.476776318	0.275126019
0.505739655	0.825344147	0.481931128	0.616941087	0.282688183	0.382742327	0.474824304	0.752955446
0.496044804	0.772753731	0.578972474	0.469452639	0.382148779	0.364112997	0.539565765	0.719405291
0.552121344	0.796538411	0.543490354	0.235969077	0.74549348	0.328764712	0.859690041	0.046867741
0.505188159	0.773105198	0.679883743	0.498315523	0.928795689	0.382961161	0.421194578	0.387360763
0.524355299	0.842400592	0.429223327	0.741803845	0.364303812	0.416580093	0.637785452	0.141786085
0.469174089	0.882687704	0.648769179	0.269874782	0.409125443	0.51183078	0.417278352	0.895493035
0.514412947	0.876885081	0.555346502	0.511483472	0.285281481	0.406597261	0.587537978	0.169793713
0.435785628	0.79622023	0.595172547	0.112084568	0.663984909	0.536196358	0.968984649	0.966182847
0.449550872	0.737246739	0.720629894	0.447119968	0.911604039	0.321219834	0.622901064	0.939459529
0.473300022	0.860321048	0.623117592	0.430607894	0.800554598	0.687943578	0.577876394	0.457222676
0.488079047	0.82684036	0.521798028	0.039672704	0.927102192	0.551233906	0.795068192	0.330705709
0.530408848	0.796726874	0.639291705	0.742237537	0.864960353	0.592912897	0.438546608	0.910704276
0.443507393	0.703255132	0.554213233	0.748332949	0.631534293	0.373672664	0.680205532	0.368366066
0.508321377	0.769171568	0.683667439	0.060068767	0.715058455	0.510058185	0.382267487	0.605809177
0.515291593	0.778835859	0.513513424	0.757946412	0.991588858	0.383904402	0.49403101	0.959349178
0.534906738	0.870915339	0.487109257	0.048322359	0.71019795	0.615043787	0.395124373	0.61724735
0.466699584	0.808228733	0.587548551	0.212469624	0.548785841	0.333105148	0.577827493	0.34520153
0.501667766	0.884658578	0.456687625	0.68979159	0.387756523	0.583069001	0.605144903	0.051695864
0.492052393	0.770979198	0.501882439	0.682673264	0.791438777	0.490900573	0.636418444	0.056419426
0.484660852	0.813595851	0.636817971	0.711266274	0.599027681	0.609573574	0.919172535	0.924058306
0.568073019	0.877919958	0.597202044	0.266017439	0.540311657	0.445576669	0.981485274	0.749734652
0.562922599	0.897816314	0.583417814	0.211121237	0.570654556	0.409275759	0.60046996	0.539292714
0.513698523	0.757686466	0.627779656	0.533923017	0.543263561	0.560771694	0.707830027	0.9987942
0.523592167	0.786901387	0.613724402	0.427131409	0.588004007	0.358521873	0.463294536	0.974982785
0.565716264	0.89468143	0.668166453	0.145349237	0.448865256	0.503967758	0.339795627	0.911113077
0.53331109	0.724705593	0.552908185	0.313360415	0.589809551	0.456328989	0.701328313	0.417820073
0.51462766	0.792042659	0.720304326	0.106834629	0.620725258	0.489488816	0.857346053	0.460957032
0.513955553	0.836357443	0.588380661	0.47001932	0.66670805	0.539736028	0.953779041	0.00070746
0.514705982	0.939147418	0.620372519	0.681859455	0.444595457	0.696770696	0.340666197	0.067319049
0.51593438	0.737056136	0.468421777	0.372728164	0.278303129	0.477483379	0.601558519	0.898259848
0.53251827	0.811700577	0.561405181	0.645189686	0.729136649	0.427492183	0.967984815	0.722343288
0.467816433	0.806789296	0.616307991	0.467993058	0.544180153	0.575409762	0.670839785	0.044001415
0.530523798	0.899388962	0.575174582	0.197414463	0.72013415	0.472128456	0.750531206	0.217759238
0.507810575	0.73158291	0.666168273	0.110844916	0.306320324	0.469206728	0.814858213	0.411545974
0.515704024	0.868006456	0.479873592	0.627581504	0.632208171	0.461899165	0.412188281	0.031745327
0.514649994	0.909177356	0.537649274	0.771589882	0.415787804	0.471812849	0.731476214	0.047891975
0.460713823	0.876150555	0.570215788	0.713912127	0.97784527	0.712980649	0.811928527	0.373925486
0.548163232	0.82489939	0.617624329	0.532872041	0.880678281	0.387949858	0.765723242	0.386636259
0.457236219	0.867612619	0.749510036	0.305863693	0.8117722	0.49825904	0.610372479	0.390748854
0.381106901	0.816927573	0.699045401	0.588810489	0.735505168	0.429199455	0.386213934	0.360603322
0.534618702	0.928651978	0.496119067	0.432511284	0.833226749	0.472709234	1	0.3017789
0.453229518	0.749168421	0.7402961	0.192993756	0.510820452	0.505254905	0.614508783	0.658100226
0.477579125	0.88226529	0.503223377	0.78617503	0.809060134	0.523450922	0.747913194	0.402461171
0.520144636	0.828521578	0.532465772	0.272251806	0.554228704	0.539419204	0.715376439	0.111635206
0.524601787	0.862045942	0.686646038	0.665690018	0.762565259	0.321544148	0.760684468	0.801341675
0.487086746	0.862911014	0.538299747	0.708840445	0.993165048	0.518415108	0.881737993	0.510863252
0.500169	0.850973332	0.62895411	0.197572616	0.418534661	0.334998573	0.792926794	0.498300053
0.532864245	0.838197645	0.615557006	0.223732358	0.841933992	0.425141688	0.788926565	0.215506292
0.497214066	0.882552641	0.693721334	0.595171165	0.764830593	0.571576072	0.637020368	0.471315846
0.438683558	0.805645298	0.553040368	0.167278022	0.377866581	0.395446629	0.724594996	0.507830636
0.52235539	0.725527064	0.552536469	0.384312064	0.55404513	0.488457561	0.932450446	0.492975216
0.472513464	0.779697126	0.494720064	0.473759004	0.418172316	0.452630842	0.394196831	0.09941232
0.505999155	0.763302589	0.581304732	0.671899087	0.333966033	0.492936333	0.745909557	0.962184329
0.502961349	0.854657873	0.62345737	0.207300926	0.38871983	0.54390868	0.538689586	0.415606805
0.515980617	0.790998031	0.849131144	0.679040751	0.854368162	0.514576636	0.434836852	1
0.473227494	0.839499935	0.583901524	0.650938631	0.416501289	0.612351594	0.500299718	0.786155061
0.462208384	0.768843883	0.541827204	0.748806578	0.620642057	0.433959297	0.678531054	0.677000629
0.512215922	0.906566419	0.68741319	0.780435295	0.744331789	0.421924775	0.496351144	0.074266693
0.551278551	0.840050047	0.523784224	0.415509397	0.460206403	0.642808823	0.927287951	0.453033183
0.495797287	0.913254181	0.737146248	0.742846308	0.450176155	0.527612564	0.855069932	0.427863352
0.49427556	0.926642559	0.604579418	0.175653451	0.777282028	0.473200106	0.789939902	0.743157367
0.494730662	0.856355544	0.655885823	0.393690282	0.882157004	0.577342478	0.386450033	0.532482798
0.510083508	0.834048892	0.585673831	0.284202753	0.860907889	0.528542332	0.34318521	0.463627422
0.576350748	0.88500651	0.621403074	0.423584458	0.627990471	0.366549673	0.39639298	0.471265464
0.556810667	0.900566789	0.572622957	0.482746049	0.985192016	0.49099853	0.542567022	0.620594997
0.528380445	0.752082276	0.674528671	0.662068113	0.463354868	0.590802581	0.763851103	0.452460442
0.609698288	0.811990007	0.644933939	0.203116792	0.787780401	0.512462642	0.993063566	0.820223709
0.524759066	0.789215139	0.628723875	0.474846389	0.575751396	0.494952539	0.661465682	0.914361665
0.49131529	0.86459432	0.563088583	0.789433102	0.47468925	0.613450803	0.616369039	0.1013896
0.456813928	0.940371189	0.5094559	0.188343316	0.706284451	0.552803742	0.461112471	0.616256972
0.515767447	0.865474358	0.581699681	0.731101159	0.277647143	0.441516496	0.969024397	0.798849582
0.526079262	0.84583974	0.519762091	0.144463318	0.567826496	0.509588041	0.365247859	0.384948693
0.482523337	0.844640867	0.537901881	0.070756501	0.829348176	0.449026347	0.805729524	0.946237392
0.523781871	0.816833193	0.630644487	0.458777502	0.565833992	0.497976025	0.908603008	0.947905743
0.536517024	0.757053536	0.672729701	0.390678584	0.579714769	0.569521033	0.642196482	0.805856377
0.457437892	0.931909846	0.704062071	0.481313079	0.73294043	0.685887567	0.682048036	0.523020142
0.503846018	0.782035233	0.633746436	0.378846706	0.944654946	0.439719341	0.402410029	0.728526625
0.474575015	0.825704478	0.595627535	0.634182037	0.774459332	0.678924262	0.493544452	0.257387318
0.498445704	0.836785516	0.670820102	0.071427389	0.765016922	0.331043222	0.973270762	0.474040131
0.450790574	0.766731785	0.703790913	0.160285104	0.720138457	0.506124901	0.687195621	0.597321866
0.525800273	0.838386942	0.609146249	0.598096624	0.497306767	0.552078438	0.919422891	0.057255022
0.521233557	0.877021397	0.77998368	0.078475442	0.298209602	0.565588122	0.945004127	0.438925343
0.520452381	0.888019345	0.703321981	0.418523331	0.534888932	0.486563413	0.682381003	0.551889992
0.511117148	0.832148221	0.545795246	0.231891133	0.964880301	0.345501537	0.856547009	0.100210697
0.512386322	0.790071407	0.661040763	0.748805233	0.627784123	0.581660127	0.829212676	0.723039533
0.56735802	0.790868525	0.593684177	0.258543449	0.732840998	0.346404256	0.705764042	0.068494378
0.521869974	0.789040693	0.553728948	0.013132964	0.443892634	0.399684057	0.394843684	0.053431106
0.477205523	0.917584878	0.597269958	0.029710704	0.861323344	0.452264632	0.798286565	0.481675722
0.508274985	0.86575557	0.665778225	0.112203574	0.29213818	0.495801629	0.735799479	0.421850457
0.523762276	0.873194121	0.752400082	0.001556063	0.437706945	0.401810789	0.563989829	0.620397743
0.512396123	0.893621676	0.659126676	0.23712507	0.579373628	0.42103078	0.670258165	0.212179425
0.470965339	0.869504538	0.463005799	0.783642893	0.561120935	0.559523418	0.477686772	0.734399904
0.449642839	0.909398304	0.668208856	0.226478739	0.374483044	0.71284388	0.655169164	0.150114511
0.478020206	0.876110236	0.574553492	0.42085498	0.899359276	0.419522507	0.675302516	0.404289074
0.521701707	0.845180074	0.686423318	0.554974441	0.77138573	0.414232812	0.368489223	0.419975379
0.495293328	0.861677699	0.557839119	0.459227302	0.544109928	0.512678644	0.889237545	0.028988212
0.423979151	0.918803768	0.483270143	0.438452576	0.715817737	0.467801138	0.419199095	0.85221619
0.546098833	0.822896491	0.67517309	0.38985756	0.500035328	0.495690216	0.353618958	0.490157798
0.482160432	0.773469922	0.57593727	0.477902078	0.88342434	0.417915752	0.800227202	0.967521858
0.585438452	0.783233157	0.630466253	0.054885383	0.298889075	0.704577277	0.865486663	0.46730461
0.522481566	0.835707499	0.584265164	0.619781726	0.387652343	0.591655682	0.511332475	0.282428506
0.535093321	0.900497184	0.51667503	0.379505255	0.822122273	0.564686368	0.628669799	0.572611114
0.506226261	0.961518181	0.597679942	0.344028781	0.357712227	0.516255698	0.379074443	0.034232383
0.562338474	0.879760964	0.566870832	0.630257663	0.374898341	0.396232364	0.44084465	0.672988731
0.548934203	0.919906725	0.675274633	0.043648131	0.795914896	0.36841315	0.350058924	0.973305275
0.486863118	0.815101064	0.720722904	0.100496536	0.419260701	0.368841338	0.534772121	0.577339741
0.555868649	0.926714048	0.542514054	0.416391634	0.560414938	0.438875907	0.476679793	0.882958253
0.5182001	0.761984457	0.68014063	0.380972219	0.687127632	0.384610707	0.713418234	0.122224696
0.498075561	0.705919598	0.579038469	0.369493588	0.402450999	0.545256156	0.758715992	0.684765889
0.49236106	0.799673688	0.595123747	0.35108104	0.347628351	0.338671632	0.53768765	0.014982549
0.538852473	0.86960642	0.620708164	0.26250231	0.926090414	0.15863515	0.559446318	0.425697135
0.545650369	0.911848529	0.512092896	0.655943226	0.572900084	0.402276342	0.384079872	0.007629742
0.559317801	0.857344455	0.668514562	0.093575075	0.725867113	0.58437856	0.701324761	0.20317533
0.501591542	0.913425456	0.74737929	0.7414622	0.331330036	0.535929754	0.860808505	0.800019559
0.533462937	0.80991418	0.769849704	0.101567937	0.308291715	0.569400148	0.597855425	0.580198328
0.474330858	0.983120213	0.683820771	0.686632774	0.617315462	0.408089996	0.761171214	0.568342161
0.572079309	0.754802189	0.682777174	0.62693736	0.927230086	0.584545342	0.366920756	0.210947896
0.527073684	0.857023919	0.659087645	0.57689823	0.844311209	0.592007786	0.670237626	0.488722806
0.486509301	0.855724599	0.622735429	0.246846618	0.802948168	0.529705078	0.643057737	0.92042972
0.518765706	0.797088685	0.731041711	0.435877373	0.841247671	0.399256937	0.443571265	0.412848942
0.547057797	0.863364176	0.550612556	0.478223534	0.334904664	0.577096653	0.893971494	0.494309152
0.581854922	0.897337337	0.674902578	0.770802013	0.669446659	0.53362645	0.676300965	0.441644679
0.515208928	0.865901554	0.638238842	0.530769869	0.427966298	0.591206579	0.367906966	0.425840697
0.572039033	0.856920922	0.586370816	0.419970727	0.771561051	0.581622971	0.86639973	0.810815309
0.463179759	0.885184805	0.705929628	0.010392721	0.842067344	0.510917918	0.438641403	0.31610052
0.522093644	0.840425075	0.633836413	0.285941966	0.780347999	0.637492409	0.46685669	0.276520173
0.499694472	0.784264569	0.691930847	0.492752928	0.837091129	0.533572731	0.574585132	0.252792599
0.484583406	0.857832064	0.67500008	0.318686533	0.664916211	0.403653049	0.518900805	0.262907812
0.482631008	0.852176711	0.545220977	0.769337508	0.620780178	0.443796302	0.890510068	0.936730067
0.551270054	0.900218512	0.528435684	0.181399123	0.254703638	0.548038624	0.392331242	0.67715326
0.565211303	0.946404988	0.560945247	0.042558678	0.821031445	0.349663591	0.856999665	0.866115729
0.574663757	0.797816086	0.5326208	0.367200335	0.430794557	0.326637391	0.894816221	0.855419289
0.501674741	0.869916665	0.669623977	0.650192288	0.731373196	0.407549661	0.880549099	0.7109033
0.529907098	0.892157317	0.626304732	0.581155313	0.794670527	0.579808082	0.969456809	0.070049587
0.521194658	0.815704116	0.677546227	0.427985701	0.829977565	0.46001705	0.872786811	0.881145958
0.482972771	0.848033817	0.552759408	0.193307659	0.455939637	0.49165124	0.676185427	0.725240594
0.463121737	0.806334359	0.658974346	0.110354996	0.659146676	0.62671483	0.395220653	0.995771286
0.522735692	0.856611781	0.608519693	0.733176108	0.918469197	0.499320694	0.717914768	0.101471297
0.521139649	0.762588587	0.751150776	0.040802156	0.915357482	0.441103712	0.81819958	0.432472935
0.496053658	0.844207518	0.644651365	0.764409549	0.513451565	0.543087437	0.849946211	0.904292449
0.448355718	0.903286139	0.670708235	0.311861247	0.856328973	0.509317794	0.613467886	0.806912776
0.491765936	0.837227705	0.519099409	0.367933374	0.559610812	0.432180436	0.940137831	0.857715426
0.558346608	0.923173598	0.70597377	0.61119811	0.474035891	0.579790615	0.464453616	0.17944129
0.554856993	0.795155309	0.5504269	0.280363386	0.493807383	0.582930244	0.51424404	0.653024678
0.521537007	0.76155948	0.652046443	0.690991168	0.775065127	0.508068089	0.739022845	0.294745975
0.507697497	0.97709499	0.460859184	0.219836595	0.872889887	0.478873815	0.396106427	0.681331776
0.171794494	0.134029172	0.300698505	0.043213173	0.555585088	0.173425731	0.098021691	0.354057543
0.105455808	0.093489402	0.854307766	0.124240368	0.766162356	0.322162467	0.130114112	0.380114794
0.092214432	0.213802402	0.700481577	0.142021155	0.565123514	0.956647724	0.082581572	0.390534365
0.11025136	0.151684594	0.976962031	0.580534464	0.974959992	0.60730527	0.100101028	0.34525036
0.06063321	0.287833701	0.376494993	0.237991057	0.907470787	0.712903225	0.128440689	0.428509433
0.166504963	0.176986743	0.527380701	0.097543262	0.279488767	0.501591901	0.187019455	0.412205991
0.142523971	0.187604927	0.854722087	0.432136615	0.31645643	0.402387659	0.142233641	0.206142142
0.10844233	0.123269006	0.317105337	0.020460032	0.296986424	0.339610591	0.104966842	0.347442645
0.14424282	0.128282129	0.933218909	0.551430627	0.883886591	0.654726603	0.17346584	0.369531099
0.121332617	0.064514803	0.817695688	0.302608117	0.300585106	0.954176089	0.15199213	0.223842281
0.039009114	0.109037361	0.402289032	0.695433095	0.291664979	0.519792986	0.125708652	0.547271093
0.091397974	0	0.999495129	0.393745821	0.748267113	0.887980492	0.142750864	0.339715986
0.100075448	0.074914966	0.991391843	0.123813177	0.330417764	0.234175755	0.131435525	0.310250766
0.142870293	0.054202614	0.791034608	0.033949648	0.376107384	0.41760059	0.086280978	0.312871454
0.099719885	0.1322399	0.628360595	0.551465201	0.883710849	0.149396535	0.124635955	0.331142008
0.083465214	0.196541188	0.355213031	0.223907142	0.45270012	0.183802201	0.099407248	0.40066555
0.146194724	0.085563157	0.410799339	0.545859973	0.708186001	0.380359411	0.104745672	0.161759169
0.115106243	0.172124445	0.527390017	0.506885049	0.476167934	0.276015385	0.129453997	0.302140044
0.132657109	0.119053387	0.31362728	0.291938582	0.983286188	0.378091006	0.151734814	0.225853973
0.121481385	0.105364984	0.480634813	0.776452732	0.984027942	0.584616681	0.070161975	0.19363313
0.174715503	0.114237158	0.282466514	0.123796332	0.593442493	0.032662449	0.161036422	0.314561103
0.108592385	0.168205869	0.73196124	0.460349091	0.277239588	0.319758064	0.177940467	0.397102216
0.144290944	0.125570913	0.566385577	0.33402151	0.265116683	0.601578267	0.174707697	0.214788332
0.076049063	0.162083941	0.725122896	0.505233422	0.584749484	0.793210149	0.088274018	0.232705403
0.076898613	0.096404993	0.363355987	0.499282887	0.475512619	0.52076843	0.103277106	0.244054384
0.017567419	0.147036845	0.882863554	0.471690461	0.372548839	0.246461923	0.143965477	0.34060016
0.108949407	0.139132299	0.798867847	0.005925199	0.324642173	0.362128438	0.136663247	0.448693677
0.164071854	0.08496883	0.506994025	0.502500646	0.334347303	0.730485005	0.086415469	0.387512797
0.175625147	0.140421884	0.320313593	0.09070609	0.350375948	0.899541828	0.071846277	0.183085279
0.087520503	0.064560869	0.907044873	0.686709562	0.713859321	0.088656863	0.134384822	0.320048025
0.139112378	0.163305842	0.327265053	0.285215335	0.370426001	0.892267617	0.100542628	0.347241717
0.110771412	0.273625333	0.843444532	0.026994776	0.469740616	0.63895303	0.054966659	0.30163318
0.13072516	0.159732291	0.578867338	0.532663251	0.359596729	0.378188172	0.087674467	0.252294089
0.130648449	0.169319237	0.503436654	0.613353124	0.653923396	0.23936959	0.083056813	0.452616399
0.12069619	0.119423803	0.756548551	0.473751919	0.889357255	0.762305452	0.042866481	0.506834433
0.135240925	0.108920449	0.928606196	0.324087229	0.897525262	0.175697465	0.072845457	0.419131817
0.184219722	0.096793724	0.719712677	0.189566199	0.350062824	0.261514862	0.088203685	0.157152552
0.130968844	0.134477336	0.498054611	0.297787921	0.623113546	0.143647171	0.137383481	0.322320795
0.135869748	0.157804647	0.922235151	0.588323141	0.629097385	0.246869571	0.110985258	0.28157481
0.12222802	0.072949838	0.990866037	0.473367347	0.726775097	0.007762035	0.082835424	0.333015528
0.085021432	0.186315634	0.632413408	0.515728722	0.621362366	0.952004085	0.033191599	0.242307597
0.112028237	0.149263776	0.330573461	0.303691731	0.848602117	0.019978051	0.115166513	0.240774459
0.144546195	0.174699316	0.797564442	0.311111752	0.636562478	0.284447641	0.053844299	0.382895084
0.125597109	0.144905917	0.669650585	0.369217726	0.688325262	0.833573817	0.092363817	0.257157599
0.136359378	0.140611788	0.736835166	0.692334253	0.715968469	0.07488713	0.087090157	0.314920973
0.096604331	0.066108351	0.97796104	0.020291115	0.74750184	0.476162152	0.122878139	0.358881413
0.071630049	0.125260651	0.56225349	0.484358193	0.720647276	0.293765805	0.117287338	0.418311157
0.145420211	0.161584771	0.54401624	0.141563126	0.294009885	0.568253051	0.096780237	0.318742057
0.095681059	0.132413827	0.238491006	0.154259658	0.555082022	0.108304988	0.041029121	0.174772242
0.062783501	0.140208364	0.825881924	0.015107756	0.683667793	0.120262369	0.104178762	0.310165198
0.106545225	0.133476238	0.851077488	0.738547643	0.561440812	0.769153284	0.115618594	0.248915668
0.135633979	0.145670928	0.637818412	0.281197136	0.735251858	0.805192314	0.164484857	0.447415847
0.146539867	0.088063844	0.312365286	0.005357806	0.27065487	0.213895637	0.114652632	0.443093623
0.182859079	0.106865169	0.687252225	0.354349439	0.733887616	0.303039483	0.129908886	0.42518011
0.095615136	0.119105413	0.410256371	0.211527649	0.292881819	0.848822526	0.132753736	0.417595623
0.126637543	0.182610977	0.554974382	0.03732482	0.401947483	0.555018267	0.089031862	0.499865762
0.08291176	0.123000552	0.706049911	0.24268321	0.847176038	0.842507384	0.072367825	0.305826759
0.050025166	0.128277517	0.481713773	0.74187332	0.472635931	0.815145561	0.087730811	0.308554369
0.096833171	0.145844564	0.968732766	0.359244517	0.81249622	0.727850173	0.143426638	0.242923968
0.063572252	0.218631135	0.938860083	0.352408864	0.934569304	0.031314463	0.09278263	0.226461329
0.04926224	0.085258346	0.30468308	0.216386505	0.55575596	0.718104602	0.08891081	0.513488208
0.102460498	0.160477113	0.46300485	0.54109789	0.614377078	0.275087013	0.112364602	0.372563309
0.132685147	0.136368507	0.675912191	0.365282985	0.46368138	0.858853431	0.023815787	0.232082169
0.085241862	0.121310918	0.965946644	0.178696389	0.689467142	0.541316297	0.120052984	0.334002666
0.133778443	0.085791582	0.517207294	0.331606614	0.996304694	0.512041656	0.061102345	0.261293784
0.090424596	0.169573125	0.927007751	0.344134279	0.924121374	0.91629876	0.106310083	0.232987437
0.109752965	0.054102478	0.627813104	0.351100395	0.745943338	0.02457014	0.123942186	0.208884583
0.115149755	0.095890259	0.437616281	0.003225863	0.67697296	0.713355698	0.098186151	0.258127395
0.152308218	0.167990547	0.452708094	0.629579803	0.496445816	0.915692666	0.059707298	0.149889354
0.190382672	0.155368138	0.996138536	0.374597334	0.752465812	0.797873336	0.132898988	0.290277459
0.10286362	0.257419474	0.777609236	0.052593274	0.768935734	0.691212713	0.072725327	0.198014089
0.128398042	0.253005886	0.768367305	0.681678943	0.871954612	0.558709096	0.114466134	0.35316425
0.146196798	0.05686273	0.438063944	0.448829788	0.675571092	0.625818621	0.094367191	0.24010424
0.113018843	0.071627977	0.45740752	0.210170539	0.828567146	0.518890291	0.151849706	0.339416324
0.125478143	0.052687671	0.632734133	0.02409871	0.623759442	0.123252633	0.123122556	0.27772621
0.108481326	0.297984201	0.534932165	0.002856047	0.785153849	0.282325932	0.058797831	0.357870817
0.102491543	0.056241723	0.750655769	0.106570788	0.904884383	0.562323276	0.046858635	0.214144478
0.096948276	0.118511337	0.359095747	0.565310004	0.459354448	0.265565335	0.12776916	0.365574028
0.161622625	0.072974757	0.679096688	0.263261137	0.567073003	0.88721546	0.124400422	0.218999604
0.146032107	0.064023571	0.84502992	0.286223701	0.519185858	0.469413351	0.084387961	0.478987017
0.127361176	0.047913503	1	0.494428373	0.831901392	0.591397996	0.143800646	0.169986083
0.122629026	0.179918405	0.703823805	0.413215853	0.781581122	0.317440695	0.097015376	0.385318436
0.130381772	0.026650307	0.454380493	0.679547906	0.507483059	0.024448131	0.142108817	0.357230372
0.128184222	0.224540203	0.57024907	0.659663317	0.502549015	0.032432193	0.09791179	0.315711602
0.138724172	0.141668358	0.445582056	0.775456687	0.830173225	0.349009331	0.08892806	0.321523446
0.096370451	0.141032726	0.785747076	0.562688521	0.869313303	0.730174168	0.117960973	0.173385409
0.188075765	0.214765308	0.475097646	0.650829917	0.609150783	0.769763666	0.126047576	0.269286882
0.090734962	0.156024219	0.288910771	0.357490074	0.587137525	0.470510632	0.063866271	0.196894166
0.169106292	0.056889972	0.584239579	0.068793928	0.398034352	0.546506356	0.13551987	0.28309736
0.12011108	0.269338227	0.651516458	0.408329555	0.843858312	0.885417553	0.104845734	0.35897389
0.136970377	0.089030949	0.255077388	0.396656466	0.691804699	0.941631469	0.108281411	0.379087773
0.179095806	0.15433906	0.703900669	0.071102079	0.77705916	0.647976203	0.069149559	0.301440827
0.160342448	0.208672441	0.946475293	0.419787487	0.749313975	0.293160072	0.097807847	0.22410051
0.099433783	0.131020443	0.936376185	0.441448457	0.953209912	0.58646664	0.030859598	0.41967686
0.1191418	0.181362253	0.667303746	0.28579252	0.67941123	0.436504726	0.114254599	0.411990923
0.155621707	0.197043588	0.523215941	0.215863138	0.957020998	0.360154323	0.089550631	0.208090743
0.123187518	0.145050243	0.585627484	0.166661467	0.402870412	0.02932704	0.121567811	0.401709763
0.12440247	0.166707538	0.821277502	0.113228494	0.406420599	0.797528211	0.124583113	0.320438753
0.088666606	0.15575598	0.895174345	0.459379513	0.342470976	0.359166211	0.137883192	0.306995395
0.112452512	0.197514069	0.544567221	0.479785192	0.932663853	0.338124305	0.078432591	0.141188015
0.114830834	0.226473174	0.324953135	0.656250385	0.483438452	0.130927426	0.111958658	0.198653553
0.122840513	0.13133274	0.356566023	0.474448157	0.455220508	0.517719832	0.1299625	0.350632406
0.145066125	0.086207526	0.991830458	0.575024252	0.998857379	0.241421501	0.109034996	0.300733471
0.113585053	0.153093648	0.538918979	0.078045701	0.917935689	0.831285464	0.050013274	0.299769411
0.114996377	0.179201806	0.400408796	0.172039361	0.291557435	0.376516153	0.085359568	0.257493508
0.120456048	0.133848626	0.563725124	0.645100828	0.586130135	0.725746744	0.13673736	0.294091398
0.116128734	0.111376585	0.636452352	0.774697464	0.709728742	0.51455821	0.157777202	0.262048473
0.154881262	0.076804002	0.413727215	0.585420034	0.985256405	0.760989271	0.131855412	0.218488508
0.088844521	0.103875577	0.837245794	0.410315154	0.839829059	0.819468406	0.155535532	0.260444388
0.157436288	0.180053311	0.334355196	0.527517844	0.943707939	0.931833982	0.058168522	0.431928203
0.063820544	0.264433921	0.886290987	0.212471008	0.37939305	0.935808206	0.060958695	0.33678508
0.073358175	0.147362899	0.279956325	0.375111626	0.371509999	0.811975209	0.081229867	0.257112029
0.101359891	0.19264928	0.775979585	0.265841163	0.583019412	0.544981039	0.128835594	0.374419113
0.066253753	0.197789999	0.283667957	0.469583395	0.889896557	0.101780761	0.131406947	0.486803477
0.124974726	0.07867647	0.5595701	0.201143977	0.758764478	0.601948025	0.116100852	0.370967738
0.101524549	0.104029077	0.848180613	0.516041796	0.954678668	0.856983268	0.063079998	0.332780548
0.118454888	0.210403368	0.763950919	0.645591426	0.785687913	0.051931538	0.111040343	0.248743322
0.103527001	0.083856738	0.320991266	0.767448387	0.728217377	0.336204543	0.086051203	0.156779143
0.160395027	0.133167695	0.668365828	0.056989395	0.539867299	0.523199986	0.138505741	0.203542343
0.134714987	0.190982966	0.89731933	0.040773462	0.961055625	0.744616613	0.096628407	0.249582628
0.075916131	0.144777692	0.619016911	0.125446863	0.657905892	0.416121393	0.076694457	0.283515818
0.15869955	0.170286438	0.628170449	0.306867592	0.90310212	1	0.101229593	0.286427005
0.071526835	0.154853232	0.780335351	0.510348813	0.418297803	0.98859866	0.148963813	0.285397919
0.17349982	0.081798181	0.797787691	0.548649861	0.314137455	0.640394086	0.122475514	0.386316082
0.181143598	0.180303359	0.541315529	0.489478888	0.372856912	0.622957387	0.084474668	0.228370965
0.120416855	0.20730524	0.632213179	0.463323253	0.522962937	0.358821935	0.116618174	0.407515066
0.063515358	0.184360092	0.906834103	0.71180011	0.737759354	0.292451127	0.095601099	0.384133468
0.11475702	0.175473568	0.639912779	0.757489026	0.846382386	0.822455772	0.097946555	0.461279134
0.139377177	0.152122552	0.889334901	0.075222011	0.577132418	0.555729373	0.072279966	0.276264435
0.117354011	0.151330043	0.468457385	0.712693269	0.968199675	0.672809865	0.141667418	0.18237337
0.107605947	0.162068363	0.638284731	0.357420454	0.76487357	0.042105226	0.042936435	0.323797528
0.103485257	0.130469176	0.783040447	0.602063514	0.259204029	0.12658912	0.104848987	0.23397034
0.114632654	0.116946403	0.236142843	0.515792734	0.353307862	0.068271833	0.114110184	0.193082815
0.037074416	0.151737622	0.691410402	0.069283043	0.752199675	0.681428218	0.09375126	0.335027975
0.097190971	0.239608379	0.849728033	0.051770973	0.973489105	0.18189622	0.104234237	0.326085354
0.101504271	0.126832859	0.514591509	0.737007303	0.31380131	0.767180526	0.074112475	0.363385341
0.146684864	0.109331944	0.314426681	0.418884892	0.512736129	0.962750176	0.081995683	0.241449641
0.106263034	0.17773335	0.48147219	0.766443945	0.487384752	0.600055695	0.102347413	0.388849599
0.123924524	0.086597462	0.892426103	0.41259806	0.312428378	0.414018497	0.085526303	0.259493331
0.124442307	0.141581176	0.624849991	0.297482151	0.280410701	0.30919579	0.063484429	0.313285919
0.09337018	0.074933304	0.789555147	0.06275931	0.721691261	0.718869082	0.096346983	0.400306441
0.164148991	0.288977129	0.237437287	0.067716212	0.98525382	0.012273778	0.12623406	0.213917909
0.098583321	0.160472579	0.766832038	0.688930442	0.682364235	0.703153883	0.130063109	0.251875632
0.122656346	0.023049156	0.493249345	0.136223159	0.73758867	0.05650271	0.081550859	0.386379788
0.128329613	0.157875188	0.267943093	0.468204779	0.980397054	0.292322017	0.098924933	0.325480856
0.092437455	0.173037137	0.966661686	0.493635161	0.864290331	0.149894875	0.154863011	0.150396647
0.137045865	0.218088365	0.676198546	0.631096941	0.984381886	0.907357018	0.155544456	0.368515997
0.082405315	0.144268031	0.358154315	0.522216183	0.479987373	0.651854861	0.115137384	0.241805366
0.118371775	0.11772374	0.282922332	0.695466991	0.749210581	0.574312728	0.152062159	0.263875233
0.105914862	0.130681979	0.99440345	0.388578824	0.633525355	0.082587424	0.094401255	0.241135076
0.113794629	0.126082015	0.585055988	0.114815932	0.467568481	0.011063506	0.072064242	0.442995643
0.092567984	0.159174766	0.714160214	0.095971874	0.627729035	0.756209679	0.053263198	0.305995852
0.045821387	0.083169281	0.852452579	0.083661006	0.582247707	0.064693481	0.135674313	0.15269107
0.098550821	0.089257275	0.812275028	0.376490058	0.58735883	0.935822308	0.115616526	0.467401306
0.188422704	0.163158076	0.533738534	0.567978778	0.668215023	0.347394433	0.110105597	0.234292107
0.144900606	0.20206765	0.468576652	0.678052292	0.776605746	0.805723056	0.085066141	0.328382569
0.125280787	0.09104709	0.387036605	0.36056685	0.467196863	0.583830948	0.04447884	0.300229134
0.162271092	0.118810056	0.596098403	0.513171621	0.505438293	0.719696385	0.078926831	0.328279323
0.093359815	0.174709311	0.56517266	0.579013918	0.33276015	0.325410958	0.106782	0.284438221
0.103731284	0.09639427	0.389807965	0.382147936	0.990630468	0.576829591	0.018768749	0.311889129
0.095330778	0.117561975	0.321167978	0.074842344	0.780236864	0.806126198	0.167837755	0.128854557
0.127128148	0.182742766	0.792419055	0.263551037	0.943057936	0.700561756	0.112921566	0.187317791
0.084992712	0.141748709	0.550490806	0.775708678	0.364292659	0.446786749	0.068766748	0.223365372
0.063037558	0.068180906	0.972849972	0.568342227	0.292288282	0.766009733	0.083239455	0.309967095
0.059472565	0.094536093	0.413400264	0.699928692	0.769416248	0.145552104	0.07897133	0.346428942
0.039119817	0.131758831	0.604187076	0.645411929	0.863803058	0.338762217	0.156337375	0.353975722
0.119727389	0.067675207	0.91752394	0.014617533	0.903683155	0.576638739	0.078850476	0.376081291
0.108930116	0.067357356	0.91600022	0.018642128	0.640000938	0.915502773	0.128963846	0.370245588
0.16041819	0.146662136	0.459958934	0.747649118	0.568093816	0.701760367	0.135538494	0.296360939
0.064271008	0.157759384	0.30190669	0.707304165	0.290712617	0.788165707	0.130941128	0.416755535
0.114338372	0.137442006	0.54452315	0.698483726	0.897575158	0.458170882	0.136643845	0.14800731
0.081070596	0.228291183	0.37727374	0.706511948	0.42526844	0.889028735	0.073427222	0.253796038
0.104827847	0.116315156	0.808503823	0.442227191	0.910143195	0.749095901	0.138028508	0.250223597
0.118031286	0.142057511	0.24293131	0.362552962	0.306244103	0.302364625	0.080800348	0.321754414
0.139150474	0.218883672	0.523341049	0.322485422	0.900172131	0.766248136	0.05871264	0.424608822
0.111947086	0.111089494	0.58949244	0.333657338	0.661781506	0.95592475	0.083996407	0.368412764
0.192230187	0.212522945	0.996351789	0.045581069	0.407595416	0.825230536	0.083550663	0.40117766
0.157399449	0.184320776	0.397749047	0.420336201	0.610476646	0.343933554	0.197373541	0.339354476
0.154512813	0.164074102	0.486652112	0.456900986	0.74608631	0.926578747	0.060133223	0.195267091
0.144539915	0.1540193	0.933977845	0.487793244	0.394644579	0.421278413	0.067730306	0.31472433
0.118327828	0.099478057	0.576688674	0.456852781	0.705907616	0.551985632	0.127465128	0.256688873
0.025740333	0.201090739	0.441103176	0.417294808	0.779329481	0.886446897	0.054053398	0.392922662
0.049665985	0.030211381	0.389395533	0.122991876	0.391765507	0.729800981	0.114358332	0.361769257
0.106808401	0.08937909	0.570422793	0.084148274	0.500099733	0.277039111	0.064576831	0.369690483
0.149692261	0.176077882	0.621543753	0.422474001	0.772759801	0.464034813	0.03682092	0.219706791
0.071679682	0.083131893	0.76558045	0.19595899	0.359240078	0.939850823	0.113951533	0.232729226
0.125006161	0.158055491	0.720869591	0.627187476	0.818544754	0.300893494	0.081681385	0.294476512
0.125737139	0.068210491	0.28728646	0.558657836	0.405995652	0.626413695	0.112894351	0.350895812
0.126620728	0.10160838	0.497720159	0.215623016	0.948412272	0.062252319	0.134038037	0.483617514
0.153475574	0.119276769	0.400707395	0.344997386	0.291768453	0.753380199	0.081174189	0.406409572
0.15232408	0.127387297	0.815170317	0.136067144	0.323182394	0.924268914	0.066223059	0.308898728
0.139091896	0.140682522	0.741209733	0.559507354	0.844605054	0.019817156	0.132546051	0.502916105
0.120764161	0.194870234	0.918638584	0.324574217	0.927783379	0.320952249	0.11562965	0.24316715
0.093562666	0.127686358	0.490538566	0.365839428	0.526035834	0.197433549	0.073598505	0.328811844
0.131776476	0.138551609	0.774598035	0.571068203	0.285041028	0.279321371	0.046914125	0.345192654
0.092767551	0.152832657	0.447589555	0.176624281	0.519653237	0.517513258	0.18592074	0.232081647
0.106452579	0.098925332	0.392081391	0.74779303	0.65919405	0.626911689	0.157045506	0.420163561
0.182861476	0.250103069	0.389789608	0.678523046	0.631791214	0.512956617	0.07996887	0.255584939
0.08264287	0.065545957	0.775504517	0.101353864	0.603252479	0.930709547	0.112507236	0.294549837
0.104008142	0.083513968	0.774128871	0.264497676	0.364406694	0.019474051	0.058001325	0.271850349
0.102588337	0.149088835	0.37351213	0.217120863	0.700528574	0.136321406	0.117847989	0.135062227
0.108704179	0.230254088	0.985657232	0.370824865	0.733829605	0.536355967	0.120024148	0.231671524
0.170305071	0.14489526	0.242727471	0.589009703	0.333474181	0.762117048	0.06734131	0.273057651
0.119733272	0.195589579	0.377186626	0.742170522	0.478321463	0.890342533	0.07252879	0.384251133
0.140023553	0.137621539	0.381477706	0.55481752	0.628427415	0.059020841	0.031588177	0.442897725
0.10259813	0.195087713	0.999615706	0.104736667	0.67226627	0.294335163	0.12396918	0.216226545
0.088940731	0.011184028	0.592420464	0.594154642	0.722713862	0.419307775	0.089735877	0.250491598
0.131324283	0.177918502	0.417180027	0.541160675	0.322157534	0.237255107	0.054653345	0.270123293
0.105437353	0.115253415	0.786276012	0.747994713	0.741469122	0.326276791	0.109629816	0.297047263
0.073990145	0.037107774	0.425479026	0.674900301	0.619250938	0.681716191	0.09119899	0.153474015
0.15142718	0.132748267	0.963921931	0.638549779	0.733166166	0.127439987	0.150343211	0.360991511
0.115382088	0.251975806	0.702104115	0.081637191	0.264082923	0.376629201	0.068778494	0.190623948
0.113896373	0.071623616	0.478606687	0.333311468	0.441543235	0.653867362	0.127157867	0.397364653
0.126389109	0.187508827	0.622007963	0.366998973	0.98781078	0.386276042	0.115344799	0.276645651
0.111315989	0.135869246	0.633554952	0.010222766	0.569664538	0.74651891	0.085213782	0.357030559
0.156948959	0.152704465	0.598296657	0.033299732	0.791642163	0.952987722	0.076294842	0.23042621
0.12493488	0.065851189	0.678970681	0.186822693	0.793097918	0.125505243	0.093809958	0.324995181
0.117385133	0.173828351	0.227085145	0.581966576	0.65546309	0.844505775	0.026149902	0.430689636
0.114203471	0.123479628	0.568398453	0.523140396	0.921701269	0.373503769	0.14070496	0.292245458
0.132246277	0.152433691	0.496979845	0.119096572	0.940208374	0.593633249	0.132973705	0.321880411
0.114461971	0.174779018	0.919749654	0.260368111	0.720842179	0.544846263	0.129760501	0.359972705
0.13512627	0.142950118	0.879624459	0.476193583	0.96602844	0.770085411	0.137106315	0.350764765
0.126824324	0.06513936	0.916297196	0.632796191	0.793139058	0.589375333	0.069661575	0.267368406
0.081139256	0.084137088	0.744855865	0.114032202	0.712904217	0.429538336	0.039701046	0.4716624
0.093871959	0.124360253	0.798019872	0.010062922	0.418268917	0.149352678	0.167219101	0.232605552
0.100164178	0.186850679	0.927664268	0.674181881	0.781227021	0.169348475	0.127150454	0.400440679
0.100348119	0.196967909	0.297629049	0.344698204	0.291054259	0.788461598	0.126718934	0.311288678
0.123384703	0.147930376	0.245418468	0.240191316	0.872070864	0.933985118	0.110994222	0.318306517
0.103275991	0.146980496	0.338420984	0.754575478	0.983863757	0.221015504	0	0.156683317
0.104270936	0.123047647	0.836606611	0.599534532	0.307370025	0.422512052	0.137753055	0.145968726
0.127412679	0.028452837	0.619663233	0.15722465	0.783765528	0.686641038	0.110899249	0.386325682
0.180976186	0.097442014	0.499184239	0.452250107	0.820226441	0.683643127	0.080446629	0.263386264
0.121389915	0.239224998	0.371675722	0.702014064	0.637987009	0.828318597	0.131299516	0.44278268
0.114491977	0.180651109	0.813409818	0.190660891	0.985383371	0.19623757	0.055574525	0.373481267
0.140844419	0.211345036	0.829188785	0.002666708	0.349835609	0.91628675	0.101776629	0.208987685
0.143586779	0.227558134	0.501027377	0.122548851	0.775759151	0.191058686	0.140832787	0.261855363
0.101924145	0.127756986	0.892066649	0.057887642	0.740976776	0.853576619	0.115913094	0.355585429
0.182467002	0.187139488	0.877329237	0.702937261	0.465187393	0.984493408	0.04231771	0.383715651
0.117906656	0.169869634	0.86838578	0.522503202	0.502660006	0.598222462	0.130250161	0.113111647
0.097417051	0.189692033	0.369783321	0.347340084	0.576398566	0.633294936	0.066029626	0.26862974
0.11995778	0.125969659	0.644853868	0.72998024	0.731115728	0.922739401	0.134822756	0.250107088
0.05490826	0.166842984	0.989234669	0.594249969	0.518803222	0.743562648	0.059191692	0.400097382
0.132271207	0.04795713	0.723945352	0.054181546	0.464683105	0.59740181	0.12025321	0.298682137
0.119023857	0.142644505	0.816963576	0.206917219	0.347398304	0.470994328	0.09254826	0.428992094
0.126900669	0.097102275	0.845526713	0.394594954	0.716831803	0.143998786	0.064728633	0.069022742
0.159069505	0.215391887	0.316571254	0.328946231	0.563958755	0.300080405	0.09301769	0.165206715
0.157776846	0.112146852	0.859321664	0.397279324	0.742220368	0.703170231	0.121451544	0.219348281
0.179486952	0.150782785	0.381628826	0.492696573	0.393593003	0.474771578	0.119959633	0.246554298
0.113792128	0.267265142	0.436925253	0.251636701	0.862178829	0.935806406	0.133301432	0.201486781
0.131405166	0.132298739	0.431900561	0.111863283	0.701115458	0.235979355	0.121791734	0.424123649
0.080875265	0.191367166	0.309465101	0.038148141	0.628773262	0.110972552	0.109043486	0.223698382
0.159864101	0.069515048	0.893821753	0.270352292	0.285227802	0.413549538	0.144460399	0.292166364
0.095771632	0.262990194	0.661897797	0.308662578	0.778668731	0.755828887	0.120277072	0.294915835
0.090226968	0.116883279	0.739883406	0.306239387	0.293677103	0.645769552	0.04879663	0.270290184
0.116076642	0.033454269	0.300528232	0.42809302	0.396163386	0.365274387	0.124612171	0.279973876
0.132073256	0.163507229	0.294730136	0.278247307	0.282899196	0.274810287	0.085394385	0.4367511
0.140768429	0.04423251	0.794237551	0.40106378	0.48056845	0.510929976	0.05264557	0.265204953
0.125758101	0.094136514	0.381467659	0.637425859	0.428292135	0.519660783	0.103722145	0.215950892
0.120730775	0.164608553	0.389750743	0.081120219	0.945845576	0.223347818	0.096281029	0.312954132
0.146817698	0.201742749	0.515754	0.485338607	0.508862211	0.643267273	0.067094418	0.254483508
0.134682561	0.15914208	0.423588834	0.09259452	0.647206751	0.022265698	0.130130868	0.213280908
0.107194108	0.13475268	0.485038826	0.186294118	0.625800099	0.393658476	0.134987144	0.271973286
0.16366695	0.113489966	0.236315967	0.224118076	0.725199972	0.565621596	0.067293025	0.320296505
0.082080996	0.176724849	0.474386751	0.284116669	0.929169064	0.360445592	0.098384649	0.502079294
0.127482561	0.236465327	0.774831507	0.533418179	0.915142651	0.135320426	0.106609587	0.361949134
0.047714512	0.195970217	0.702698683	0.603967806	0.668289818	0.09152712	0.102566438	0.280942307
0.114939801	0.089301775	0.941023074	0.55509225	0.279213149	0.047035873	0.14436079	0.281216204
0.090939941	0.305088337	0.734222708	0.008353092	0.909999835	0.104338125	0.154678794	0.33722276
0.148402782	0.194032961	0.549580908	0.58910521	0.367351093	0.187414044	0.10495228	0.444201826
0.057351289	0.144148556	0.65188789	0.742339721	0.772088486	0.648475295	0.131938375	0.319644134
0.093941224	0.122092898	0.732050706	0.020398397	0.609428384	0.515490318	0.09477226	0.285442111
0.144575471	0.106851065	0.662902744	0.70284982	0.36108633	0.670994987	0.069758455	0.246902038
0	0.12893716	0.48467804	0.398813806	0.839425885	0.039681488	0.112459912	0.231869242
0.134029457	0.144134829	0.573541727	0.284013888	0.886484997	0.899452886	0.099622178	0.079332853
0.163073671	0.126077053	0.645810569	0.687993219	0.432864288	0.394601899	0.133392825	0.441198655
0.069111011	0.120507209	0.567559927	0.764170178	0.6547052	0.136050727	0.061248062	0.347321246
0.13666223	0.028695635	0.53135302	0.698218764	0.44357097	0.634834113	0.134416403	0.30169298
0.163896373	0.124826852	0.470048888	0.042657061	0.468139948	0.771567907	0.131550978	0.347938612
0.069587214	0.177071946	0.900481558	0.417578982	0.50481505	0.874035998	0.131266708	0.219886185
0.049736002	0.197240784	0.390626788	0.235154476	0.990147207	0.649871021	0.145558699	0.513945502
0.106815343	0.138269727	0.27519621	0.264656159	0.949182765	0.332960954	0.125939882	0.165598743
0.131327629	0.095819938	0.319405317	0.506239075	0.708736276	0.645153148	0.10464537	0.239395599
0.160757884	0.161646247	0.332586831	0.090097869	0.365072301	0.889612297	0.129965432	0.145892738
0.089788167	0.058487102	0.912578648	0.160777196	0.943443152	0.999126124	0.118541176	0.273930599
0.117029887	0.177675386	0.485683918	0.472947626	0.720215514	0.769551142	0.08999655	0.57440409
0.118817228	0.134075949	0.348853596	0.173650306	0.894323497	0.928654874	0.132619429	0.294379767
0.152457347	0.179996937	0.429961293	0.150176063	0.640019686	0.529001736	0.137639368	0.431858066
0.141917186	0.215609265	0.391097785	0.554063486	0.810707535	0.259999664	0.095068264	0.352836898
0.126677212	0.277557276	0.424458699	0.121456346	0.799784202	0.185082925	0.151681101	0.460834023
0.152841434	0.18990674	0.795753066	0.095014314	0.426282936	0.036200247	0.097355223	0.265614803
0.14534649	0.088633799	0.77703478	0.101941888	0.765461559	0.649776743	0.074250127	0.483772145
0.164300648	0.176236763	0.248803264	0.322941331	0.863731289	0.311532287	0.057696431	0.431089367
0.175841758	0.209236529	0.947714298	0.689178242	0.904223129	0.660174996	0.117967803	0.249971394
0.181144023	0.106876007	0.794121221	0.103414335	0.940459289	0.466124348	0.161066527	0.173226215
0.126020979	0.21031582	0.732414932	0.17108802	0.505647843	0.538905901	0.141090268	0.340895634
0.135254908	0.123103288	0.630305581	0.748018208	0.609073021	0.708811262	0.152448443	0.281446611
0.108156697	0.042345232	0.70801484	0.422515815	0.275088829	0.487725652	0.094705599	0.195410022
0.081441078	0.148736122	0.451614274	0.508766273	1	0.001715958	0.090684819	0.223116182
0.125466256	0.121968653	0.622213722	0.323163164	0.396918276	0.625435753	0.123033292	0.337787934
0.082876068	0.171599876	0.61459519	0.517257896	0.525460646	0.450374221	0.078448513	0.231748113
0.106120634	0.05852782	0.461406204	0.101188895	0.934096665	0.732894417	0.066258926	0.082130825
0.090418173	0.179734285	0.917309415	0.224497397	0.932610631	0.568182949	0.060618297	0.273858619
0.119339525	0.204902823	0.927782078	0.286092686	0.418276265	0.250246667	0.123546786	0.394263456
0.146260407	0.212328604	0.802311301	0.116199329	0.48157443	0.456381175	0.076642168	0.378590454
0.105357995	0.22743784	0.479973617	0.701422586	0.5054577	0.66034463	0.087709284	0.224666809
0.100380417	0.1929324	0.696476105	0.078596438	0.539945768	0.558067726	0.02027302	0.2698061
0.112660317	0.16550855	0.423123186	0.24722843	0.878049646	0.947351202	0.079491193	0.318396547
0.11277888	0.055802677	0.985860312	0.425493037	0.554078955	0.589933197	0.144797168	0.376435235
0.101520085	0.164417094	0.797025498	0.413487997	0.349846024	0.059584724	0.108009309	0.28516873
0.123003092	0.098499014	0.232185639	0.198590236	0.939241892	0.034980967	0.08006881	0.29258021
0.118813256	0.150835681	0.376850031	0.247730017	0.493353278	0.582701635	0.105131369	0.310408383
0.160503777	0.127572597	0.673071648	0.504503063	0.870374708	0.834692494	0.122681132	0.417067747
0.12424833	0.048011917	0.250372485	0.381241082	0.53738387	0.534331382	0.085573253	0.348450839
0.097765119	0.188389947	0.556095726	0.481831329	0.634525473	0.583104525	0.132049388	0.191791067
0.105813677	0.240030874	0.528356365	0.681628245	0.256950646	0.302312355	0.056289764	0.222828587
0.080145372	0.193942996	0.293201136	0.430028366	0.553767592	0.955942608	0.088379267	0.2380372
0.123362998	0.103087457	0.517306364	0.64901439	0.656143618	0.624803015	0.061142561	0.417017694
0.105899529	0.14735494	0.424884395	0.178427302	0.472711199	0.903645876	0.096022929	0.282195008
0.101396318	0.164334608	0.246097716	0.278646289	0.622018477	0.683368867	0.068086654	0.246515802
0.167528381	0.207988408	0.307637733	0.746716315	0.518217859	0.977006804	0.133052245	0.408326075
0.073664377	0.126161839	0.541548128	0.506562369	0.819215017	0.9071243	0.089554975	0.199039211
0.145393141	0.207667519	0.445196185	0.783795039	0.666545752	0.543334257	0.116912771	0.34801128
0.116633583	0.146605029	0.639894997	0.57806468	0.592202161	0.623115801	0.086705457	0.186913839
0.134337254	0.171081566	0.580552672	0.135132754	0.842945884	0.844616604	0.135981697	0.238306443
0.035668875	0.093246395	0.339475995	0.691266326	0.829245557	0.093140692	0.088059735	0.346238325
0.076529549	0.148019751	0.231086643	0.701660295	0.961443485	0.742404821	0.117272428	0.268261828
0.173633228	0.207144041	0.366670837	0.56192445	0.551690448	0.950374861	0.09372812	0.290439382
0.049535124	0.154036453	0.244443535	0.487966343	0.865701947	0.765458339	0.061080659	0.062002724
0.116859218	0.087858574	0.635058299	0.293123454	0.574482212	0.620354296	0.146618766	0.320748804
0.088979094	0.159257107	0.533753313	0.153910775	0.610238017	0.667448298	0.128934848	0.307428995
0.138556197	0.190230948	0.66337209	0.038872944	0.529016122	0.695786043	0.049289708	0.352815757
0.115135534	0.13405476	0.510150442	0.245057446	0.648545876	0.828682672	0.127391926	0.345305727
0.147428422	0.129792702	0.561605123	0.147516696	0.520194268	0.51634736	0.111227457	0.352833758
0.129735005	0.07169666	0.412279733	0.381319022	0.553064167	0.16944052	0.095473121	0.30198091