9.003	1.459	1.190	2.874	0.132	13.879	-0.197	4.521	6.425	4.777
10.538	0.395	-1.611	4.497	-1.518	4.772	1.102	4.883	4.694	1.040
12.325	-1.102	-0.355	1.388	0.112	14.205	1.828	3.545	1.952	0.945
18.644	0.347	1.827	4.108	0.568	16.152	0.229	4.239	7.894	4.743
11.040	0.935	1.250	1.629	-0.090	16.545	0.222	3.115	8.810	0.086
8.051	-0.746	-0.421	0.864	-0.138	2.325	0.870	9.736	4.477	4.828
4.475	1.648	0.434	2.948	1.155	7.740	1.802	3.362	9.255	0.660
18.665	-0.712	-0.906	3.850	-0.225	1.807	0.080	6.707	3.020	1.194
0.951	0.961	-0.591	1.566	-0.319	11.681	0.959	0.583	6.070	2.434
2.698	-0.617	-1.215	4.054	-0.718	16.811	-0.038	8.314	6.521	3.644
12.950	-0.087	-0.958	2.059	2.023	3.140	0.320	2.304	3.234	3.834
10.313	-0.424	0.035	3.248	-0.604	9.728	0.500	8.074	8.605	0.647
7.965	0.755	-0.887	0.979	3.322	8.809	-0.295	3.996	3.120	2.135
17.180	-0.816	-1.001	4.328	-1.257	13.241	0.316	6.168	7.306	3.283
8.385	-0.969	0.543	2.319	-1.490	6.975	-0.125	8.486	5.638	3.393
18.085	0.345	1.662	4.788	-0.874	6.932	-0.657	7.772	9.043	2.331
17.336	0.135	-0.742	2.090	-0.160	19.683	0.613	3.269	1.946	0.577
18.989	0.669	1.608	0.468	-0.357	17.213	-0.553	5.262	7.353	2.826
8.804	-0.665	-0.776	1.472	0.170	18.420	0.545	6.618	3.401	0.723
19.737	0.481	-0.184	0.009	-0.597	12.129	-0.334	0.148	1.661	4.121
4.900	-1.074	0.745	4.358	0.322	17.244	-1.079	4.439	6.542	4.026
17.401	-0.043	-0.354	2.638	0.197	16.163	0.025	8.311	0.241	0.387
15.067	-0.915	1.111	0.420	-1.877	11.489	0.590	7.380	2.962	3.910
16.730	1.261	-0.059	1.246	0.592	3.396	0.106	8.152	8.554	3.235
16.884	-0.508	-1.763	2.909	-0.957	6.184	-0.972	4.614	3.372	2.959
0.393	-0.093	-0.353	3.864	1.169	13.369	0.084	9.074	3.081	2.332
1.279	-1.866	-0.074	2.586	0.500	14.097	-0.363	7.741	7.770	4.574
9.827	0.370	0.463	1.278	-0.339	10.234	1.561	8.697	6.166	0.046
13.471	1.395	0.650	1.610	0.674	16.464	-0.934	3.995	8.143	4.900
6.311	0.460	-2.127	1.982	1.153	12.191	-1.149	3.779	1.063	3.220
2.845	2.129	0.284	2.077	0.976	0.538	-0.972	6.346	2.583	2.013
18.075	-1.095	-0.194	0.388	0.391	9.245	0.329	7.328	6.872	2.351
5.485	1.521	-0.700	4.179	-1.806	3.846	-0.064	0.824	8.269	2.200
1.982	0.489	-1.183	0.387	-1.232	19.399	0.297	0.815	4.192	2.016
2.584	1.890	-0.555	3.380	0.063	8.013	-2.276	9.767	5.694	1.463
17.804	0.193	0.164	4.446	-0.038	12.544	-1.581	4.269	2.133	1.502
17.388	-1.094	2.978	4.156	-0.714	0.090	-0.556	7.733	1.027	4.739
5.257	1.262	-1.622	4.152	-1.569	1.193	-0.899	2.052	4.360	2.430
0.036	-0.540	0.659	1.095	0.111	6.954	0.487	2.195	6.741	3.526
16.734	2.352	0.983	4.988	-1.580	7.638	1.099	0.659	3.121	3.940
3.163	-0.009	0.170	2.185	-1.221	16.242	1.882	1.321	0.475	0.207
7.135	-2.282	-0.501	3.023	0.978	12.778	0.140	4.563	8.671	0.778
12.861	0.547	1.062	4.591	0.456	19.452	0.273	1.273	6.319	3.670
16.997	-0.289	2.064	4.233	1.278	19.636	-0.019	1.661	8.061	3.787
17.362	0.665	1.958	3.626	-0.373	10.299	-0.560	8.409	8.397	4.717
13.511	0.226	-0.393	4.923	0.110	12.519	-1.002	1.985	5.280	3.225
3.655	-1.115	0.709	2.336	0.135	1.309	0.172	6.815	3.123	4.344
6.133	0.718	1.571	0.553	0.005	0.900	-0.832	6.372	2.689	0.045
5.654	0.281	-1.285	3.293	-0.110	7.170	0.665	4.826	8.276	0.330
9.775	2.074	1.162	3.470	-0.753	8.815	0.876	5.039	4.238	1.560
10.673	0.230	2.896	3.747	-0.955	8.726	0.587	2.753	2.798	1.448
18.698	0.871	1.033	2.573	0.809	5.627	0.322	2.982	5.653	3.235
8.329	-1.380	-0.628	2.880	-0.140	3.741	-1.721	8.557	5.035	1.759
18.593	-0.494	3.141	4.232	1.586	17.719	-1.010	4.737	1.090	2.103
14.022	-1.296	-0.380	1.491	-0.901	3.031	1.720	1.787	0.645	2.195
10.142	2.685	-0.874	1.027	-0.329	0.474	-0.930	7.161	5.410	1.153
12.076	-0.895	-0.903	1.133	-0.289	4.086	0.308	2.313	8.961	2.034
16.740	1.083	0.092	0.476	1.102	16.242	1.529	3.389	6.587	2.490
4.673	-0.503	-0.735	2.718	-0.473	0.647	0.140	0.010	5.200	0.542
3.578	-0.343	1.032	4.558	1.774	2.099	0.545	6.657	9.621	2.608
2.125	0.394	1.199	0.063	0.480	12.036	0.989	4.906	3.650	2.865
18.172	1.186	0.218	2.451	0.496	2.143	0.976	1.068	5.023	2.504
4.858	-0.715	-1.077	3.105	0.509	14.625	1.651	4.578	0.396	4.123
7.381	0.737	-0.129	2.356	-0.436	19.379	0.549	3.447	0.499	0.653
11.905	-0.140	-0.034	4.343	1.635	9.510	0.381	0.924	0.560	0.633
14.613	-0.751	1.124	3.396	1.103	9.260	1.344	0.329	5.048	0.128
5.267	-2.264	-0.230	3.290	0.583	13.554	1.350	4.716	0.875	3.940
5.013	-0.030	0.896	2.562	0.425	0.038	-0.555	9.092	3.873	2.990
1.693	0.772	0.121	4.401	0.842	2.900	1.666	0.298	6.238	3.321
10.457	-2.019	0.160	3.760	-0.299	17.372	-0.142	8.727	3.299	0.975
17.949	0.817	0.855	4.861	1.547	2.545	0.187	2.016	3.902	4.178
16.590	-1.058	-1.710	4.636	-0.029	11.617	-0.310	5.091	7.057	1.701
9.251	0.368	-0.217	4.559	-1.311	10.050	1.430	6.674	7.708	2.385
17.858	-0.295	-2.185	4.854	0.237	8.043	0.504	3.137	3.956	1.025
15.823	-0.102	0.426	1.973	-0.138	8.257	-1.310	6.951	0.990	0.275
4.410	-0.196	-1.582	3.251	-1.710	7.157	-0.330	8.113	9.799	3.063
5.611	-0.874	-1.613	0.237	-1.105	8.521	0.594	2.030	1.363	4.902
7.307	2.482	1.623	0.179	-0.520	7.150	-0.739	2.639	8.513	4.083
6.495	0.472	1.583	3.266	-1.345	12.286	0.381	6.073	7.152	3.871
6.470	-0.032	-1.301	4.442	-0.029	16.421	1.190	2.299	4.688	4.532
8.285	-2.624	-1.565	3.423	1.184	9.600	-1.731	5.097	1.735	2.659
18.777	1.084	0.022	4.490	-0.604	19.489	-0.878	4.802	0.376	1.353
13.233	1.239	-0.181	3.419	-0.905	15.248	1.086	2.096	4.251	2.624
11.373	0.556	-1.599	3.285	-3.012	2.660	-0.090	5.271	9.341	1.567
6.148	-0.765	0.265	3.253	-0.087	5.109	-0.422	7.876	9.456	4.646
18.367	-0.229	0.720	1.745	0.618	15.095	0.353	2.151	2.647	4.880
16.092	-0.869	-0.438	4.526	-0.740	10.603	-0.435	9.197	9.460	4.397
1.859	-0.664	-1.532	3.066	0.228	14.793	0.436	7.505	4.101	3.067
4.012	-1.154	-0.956	3.499	0.917	2.649	-1.084	8.338	8.966	2.596
0.999	-1.541	0.966	4.276	-0.120	5.085	-1.584	2.870	1.226	4.173
6.585	-0.901	0.428	3.836	-0.268	7.646	0.744	3.668	3.782	4.636
16.371	0.925	1.202	0.759	-1.849	17.919	-0.248	3.571	0.895	0.427
14.142	1.910	0.001	4.647	1.254	5.915	-0.454	7.801	8.512	2.612
15.371	-0.110	0.515	2.350	-1.857	9.785	-1.199	4.107	4.110	2.615
13.465	0.248	0.498	1.345	2.519	0.617	1.008	0.448	3.757	0.137
4.117	1.298	-1.278	2.138	2.129	7.567	-0.220	5.535	5.320	1.097
5.829	0.245	-0.907	2.369	1.340	19.928	0.940	3.888	1.664	3.217
11.994	1.149	1.585	1.470	1.507	9.433	-0.730	1.157	2.321	3.527
16.526	1.542	1.978	2.182	-1.641	8.947	0.984	6.516	1.664	4.321
18.558	0.217	-0.953	3.664	-0.318	19.478	-0.599	0.295	5.283	4.271
7.703	0.025	0.289	3.703	-0.282	15.472	-0.979	1.302	6.076	2.214
8.897	0.566	-1.408	3.399	-1.843	0.067	0.229	4.929	0.691	1.204
12.825	-1.201	-0.552	4.021	-1.215	11.874	0.545	4.570	9.457	2.377
7.508	-0.354	0.194	3.932	0.044	14.730	2.632	1.030	4.299	4.861
14.976	0.117	-0.043	1.609	-0.046	4.676	0.294	0.333	1.866	2.339
19.158	0.704	-2.131	4.729	-0.441	10.990	2.103	8.407	4.215	2.305
19.920	2.143	-0.069	3.806	-0.152	18.447	0.793	0.144	3.283	2.571
19.779	0.319	-0.716	0.813	-1.432	11.103	0.443	2.375	0.179	2.624
0.310	0.605	-0.227	1.043	2.301	2.535	-0.103	7.451	1.826	1.095
2.145	-0.596	-0.320	0.824	-1.027	19.727	1.295	0.830	8.281	1.208
6.943	-1.311	1.618	0.123	-0.916	8.647	0.354	6.596	5.747	4.718
8.599	0.562	1.509	3.756	0.267	3.857	0.861	0.434	2.002	4.387
17.046	-0.408	2.612	0.551	-0.517	19.550	-0.450	4.357	6.232	2.227
12.593	0.997	1.334	4.321	-0.916	15.949	0.926	8.300	8.094	4.547
10.745	1.902	-0.562	0.892	-0.738	10.848	1.265	6.412	4.033	1.940
3.219	-1.045	-0.130	4.924	-0.439	13.073	-0.232	1.907	9.693	3.412
2.566	0.970	-0.966	1.881	0.259	19.659	-1.144	1.918	8.583	2.977
19.187	0.625	0.203	3.226	0.263	1.293	0.478	1.768	8.523	4.186
6.180	0.410	0.335	2.184	-0.118	2.916	0.257	5.000	1.838	3.376
19.825	-0.417	-1.187	4.391	-0.102	11.050	1.279	1.682	1.550	3.709
14.724	-0.058	0.345	3.671	-0.297	16.060	1.764	6.202	3.403	1.748
0.847	0.039	0.494	2.422	0.523	1.591	-0.788	5.057	9.930	0.041
8.452	0.495	-0.385	3.381	-0.226	18.729	0.265	4.964	1.125	3.871
1.538	2.712	0.780	3.735	1.257	11.983	1.141	5.637	9.566	1.084
18.946	-0.487	-0.383	0.638	-1.445	12.329	1.936	6.001	8.711	3.286
16.949	17.437	6.575	4.546	4.078	5.649	4.811	4.077	2.069	6.143
10.981	12.946	2.589	4.078	5.346	4.634	3.802	5.591	7.068	5.822
18.043	12.550	5.305	1.372	4.640	5.022	4.141	0.226	4.872	2.168
1.015	10.793	2.434	4.185	5.318	7.282	5.178	8.365	3.533	5.204
10.870	18.872	7.882	0.145	5.396	3.732	4.308	8.186	7.285	4.513
18.474	5.225	3.669	1.597	3.950	5.055	4.029	8.002	5.807	6.770
18.895	2.999	2.799	2.550	4.277	4.347	3.618	4.426	6.547	3.596
0.576	16.588	3.930	1.767	6.054	6.124	4.843	0.857	3.947	5.444
2.194	7.586	9.341	1.622	4.681	5.451	3.183	3.343	1.041	3.840
9.249	5.982	5.646	1.730	6.923	4.737	4.017	3.899	9.540	5.971
9.221	9.622	3.596	1.766	4.958	3.585	4.214	9.973	2.857	4.693
12.516	13.060	3.274	1.401	5.303	3.965	3.638	5.146	2.491	6.744
1.021	18.589	0.523	3.212	4.792	4.751	5.352	0.069	0.804	4.387
18.874	1.750	0.598	3.689	5.497	5.712	4.991	5.731	3.540	3.569
16.905	16.644	3.823	0.600	4.981	4.677	6.601	7.457	1.328	4.776
3.386	10.458	4.780	2.783	4.973	3.351	5.041	0.311	3.483	4.142
7.081	2.848	7.561	1.934	4.795	6.902	5.895	7.100	7.717	4.667
19.499	3.989	2.150	2.224	3.710	3.784	6.835	9.404	0.662	2.607
7.903	8.607	4.329	2.879	6.401	6.445	4.504	4.887	1.172	4.963
9.977	1.249	2.280	1.707	2.704	6.251	4.197	9.140	9.868	4.578
14.427	8.364	7.053	3.102	3.700	5.551	4.883	2.865	8.999	3.610
2.379	17.908	3.880	3.214	3.667	5.526	7.241	7.987	8.418	5.633
0.538	11.416	5.186	2.290	6.390	6.319	6.002	0.672	1.962	4.746
12.820	17.784	4.195	3.121	3.193	4.788	6.083	2.063	5.446	5.238
9.754	7.245	6.547	0.958	5.406	4.123	5.485	8.116	8.821	5.264
1.011	18.021	5.681	3.494	6.088	5.522	3.862	7.494	5.599	5.721
17.878	0.195	6.349	2.262	4.196	4.116	3.642	2.814	8.539	5.107
9.217	6.101	0.164	0.217	6.293	3.998	5.541	2.852	8.001	4.650
4.227	6.829	4.112	2.085	5.330	4.449	5.255	9.100	9.314	3.929
2.432	5.656	2.902	1.899	5.095	3.609	5.370	9.300	6.494	3.596
8.888	7.634	6.907	4.219	5.761	5.387	5.056	8.819	0.396	3.588
11.568	4.286	6.096	4.920	4.816	4.867	4.704	6.329	4.244	5.373
3.985	8.608	3.395	4.760	4.490	6.506	6.387	4.894	3.272	6.949
12.200	5.445	6.422	1.863	5.023	3.886	4.848	0.914	2.882	4.106
3.384	15.039	3.178	2.463	8.034	4.268	4.916	4.045	8.067	5.219
18.213	0.677	6.761	2.612	4.559	4.520	4.889	4.125	8.630	6.665
13.930	8.364	5.341	3.694	5.442	6.408	4.933	8.575	0.243	6.364
12.924	8.014	6.357	4.164	7.099	5.444	5.469	5.920	6.230	4.726
8.079	15.754	5.693	1.139	4.673	6.262	4.589	1.827	7.586	5.381
9.467	8.999	5.013	2.992	6.731	6.481	4.876	4.918	6.016	6.400
3.244	11.858	2.578	3.204	3.964	5.064	4.109	4.886	9.961	4.781
14.926	13.242	3.983	3.622	4.653	4.656	2.760	3.143	0.030	5.149
12.546	12.925	2.405	1.228	4.922	5.590	3.959	4.999	3.786	3.970
4.595	2.606	1.297	2.146	6.751	3.045	5.241	5.329	3.606	2.933
8.738	18.126	1.724	0.933	6.973	5.742	4.354	4.560	4.433	6.750
9.044	1.176	2.167	2.135	4.715	4.390	4.544	8.187	2.682	6.386
0.078	5.430	1.694	4.514	5.564	4.673	2.995	8.997	5.918	4.131
4.301	3.424	1.460	2.881	5.302	5.402	4.640	0.651	7.429	3.638
1.662	19.864	9.286	0.609	6.065	4.812	5.792	3.760	3.308	4.706
15.346	2.092	0.063	4.657	4.791	5.248	3.202	3.753	1.061	4.689
7.328	2.948	9.870	1.724	5.067	4.972	4.618	9.135	0.909	5.574
14.257	17.897	9.375	1.640	5.624	5.771	5.511	8.651	7.651	4.387
8.821	10.008	1.046	4.047	4.372	5.471	3.405	7.955	5.443	5.305
9.303	8.929	7.788	0.074	4.097	4.578	4.728	0.888	8.249	5.467
5.012	10.354	1.721	4.196	4.244	6.874	2.450	3.578	6.473	5.022
14.521	7.484	5.397	3.450	6.971	6.161	5.826	7.109	8.227	4.690
9.590	5.470	2.514	4.110	6.798	4.637	4.080	9.345	8.668	3.861
3.378	10.249	9.149	2.094	6.414	4.441	4.393	7.011	2.201	3.409
2.119	16.618	0.178	0.757	4.921	5.281	5.501	5.127	4.362	5.217
13.886	7.923	6.799	0.490	4.633	5.348	4.381	7.811	6.157	6.295
12.824	0.686	1.297	3.123	4.072	4.749	4.409	5.753	9.661	4.720
11.881	14.070	1.295	1.386	4.584	4.169	5.181	3.344	2.585	3.938
1.158	10.021	3.235	3.907	5.202	4.185	5.382	9.648	8.520	4.343
8.515	7.069	5.844	3.710	4.425	4.378	2.787	5.328	8.410	5.615
2.570	2.666	2.661	0.115	4.113	5.242	5.537	3.930	2.998	5.679
6.422	18.667	4.645	3.323	3.867	4.553	5.642	2.296	4.300	4.609
14.556	18.716	7.072	4.803	5.709	4.406	3.550	5.798	8.080	4.425
12.164	1.508	8.764	2.498	5.553	4.449	3.389	9.744	5.009	4.156
6.062	1.380	2.832	3.593	5.413	3.292	4.891	5.485	7.848	4.886
10.842	6.605	7.428	0.894	6.876	6.331	4.755	4.504	2.017	3.742
8.726	13.559	8.244	3.311	4.122	3.941	6.736	0.270	0.425	5.163
14.803	13.075	3.321	2.828	3.779	4.764	6.528	4.068	1.571	4.494
16.555	19.667	0.425	3.670	6.637	5.944	4.180	9.782	6.034	5.423
9.579	16.671	9.495	1.689	6.487	5.730	7.121	5.615	9.695	4.872
1.072	4.663	0.758	1.903	5.147	4.935	4.688	1.143	2.643	4.019
12.218	16.232	3.938	2.417	5.994	5.935	5.097	0.667	5.562	4.759
11.930	10.575	6.601	3.831	3.198	5.310	3.165	1.292	0.272	5.804
17.690	0.832	3.759	4.828	4.440	4.477	2.267	6.781	2.100	6.220
4.843	8.960	4.302	2.526	5.366	4.900	6.225	8.409	0.873	4.655
7.828	7.639	5.631	4.450	4.221	5.696	4.597	3.127	6.318	3.866
7.211	19.628	4.292	3.888	6.499	5.544	6.152	5.188	8.981	4.218
13.700	4.145	1.801	0.696	4.690	4.403	4.068	7.335	1.826	3.727
18.368	8.934	8.648	1.566	4.755	2.659	5.549	2.577	4.893	6.048
17.136	19.887	1.203	2.088	4.455	2.915	6.563	4.700	0.335	4.459
9.678	13.706	7.107	1.686	5.880	3.364	3.260	7.373	9.024	5.328
15.182	11.534	9.396	3.653	4.298	4.078	6.422	8.754	3.150	5.031
9.474	16.823	0.572	1.459	4.380	6.355	2.955	9.644	6.984	2.380
1.537	16.881	1.295	2.375	4.271	6.317	3.298	9.249	7.823	4.212
6.657	4.722	3.708	4.755	4.176	5.127	4.033	5.730	0.193	4.452
19.724	0.054	2.013	2.425	4.039	5.565	2.884	2.133	7.655	5.368
7.490	2.583	4.181	4.416	7.133	4.074	6.646	3.650	6.637	5.149
12.503	18.268	9.894	1.308	5.380	4.785	4.057	3.716	5.115	6.079
5.015	14.871	2.460	4.916	3.786	4.274	5.170	0.955	2.816	5.472
18.644	14.938	8.636	3.085	3.520	5.508	4.653	9.311	6.871	3.718
2.559	10.729	3.253	4.119	5.201	3.994	4.665	3.198	2.750	6.714
18.130	15.820	4.234	2.717	4.265	6.012	5.129	9.176	5.781	4.044
19.728	7.001	5.033	4.963	5.712	7.318	4.415	7.765	7.594	4.626
12.602	6.248	5.545	2.126	4.885	5.046	4.875	5.258	6.380	4.556
7.222	0.898	3.112	3.150	3.777	3.369	4.022	3.006	4.669	4.629
11.197	7.749	5.415	2.329	3.156	5.361	3.519	8.226	3.099	5.073
1.580	0.188	5.904	0.484	3.761	5.511	5.189	1.300	7.338	4.703
8.943	18.025	5.553	1.954	3.732	5.657	6.518	5.366	2.932	5.932
12.066	15.222	5.578	1.616	5.295	5.061	6.299	0.630	4.833	4.969
1.419	15.908	7.196	0.010	4.514	5.798	5.255	6.218	0.260	5.750
1.417	2.461	7.029	2.526	2.531	3.808	5.855	2.216	0.679	4.398
14.992	14.439	9.867	3.543	4.436	6.934	6.163	2.802	7.328	5.925
1.009	15.744	1.797	3.123	4.950	4.273	4.784	2.104	0.530	4.784
5.040	14.523	6.200	4.798	4.408	4.390	3.573	6.664	2.022	3.581
12.421	17.149	2.638	2.846	5.865	5.285	5.460	4.066	1.293	5.979
13.887	17.843	2.920	0.576	5.172	5.474	5.286	3.409	9.729	4.709
12.462	17.775	2.224	2.250	5.308	4.970	6.171	7.077	8.202	5.972
5.326	10.799	3.701	4.082	6.340	4.348	4.202	7.240	2.994	6.498
16.278	15.908	2.692	2.486	5.578	5.526	4.314	6.578	9.164	4.382
5.611	7.528	4.458	1.794	4.760	5.594	4.159	6.787	8.542	5.052
10.629	15.861	1.978	4.951	5.191	5.737	5.516	4.111	2.687	5.619
4.449	19.742	4.978	3.431	5.903	5.101	4.106	8.970	2.484	4.893
5.309	16.384	4.064	3.915	5.128	5.469	4.140	0.377	2.181	3.222
7.234	14.714	0.578	1.224	5.269	6.381	3.810	5.824	5.505	4.134
17.761	0.939	4.371	2.350	5.976	4.401	6.848	1.815	2.645	6.132
7.969	15.485	7.261	0.758	4.835	4.849	5.591	0.148	2.575	5.651
18.207	15.010	8.549	4.807	5.362	6.471	4.670	9.970	1.161	4.947
9.706	18.183	7.110	1.102	4.014	5.307	4.926	3.300	2.623	6.582
18.356	7.244	3.825	1.546	5.199	5.919	4.520	6.282	2.348	3.458
7.170	3.429	2.558	3.485	4.731	3.969	4.040	1.790	5.262	7.043
17.098	1.953	4.113	2.992	7.514	6.236	6.218	9.802	9.676	5.212
11.045	6.815	-6.241	-6.982	6.955	3.039	8.806	-3.901	6.714	-6.841
5.126	1.290	-6.450	-7.040	3.620	12.538	3.400	-7.434	9.187	-7.101
0.286	10.830	-4.902	-6.487	3.806	3.603	0.404	-5.791	9.398	-6.915
1.619	2.867	-7.721	-6.095	8.441	14.091	6.949	-6.789	7.332	-6.436
15.617	9.614	-8.421	-6.161	5.496	4.018	7.267	-7.629	9.698	-8.022
2.836	11.093	-6.725	-6.443	1.195	7.028	0.095	-7.422	6.736	-7.643
19.109	13.389	-5.806	-6.295	9.790	19.102	0.718	-8.040	1.369	-6.652
3.144	18.844	-6.670	-7.399	2.177	10.078	4.350	-6.723	2.010	-7.702
5.107	18.916	-5.677	-6.259	8.959	13.895	4.253	-8.979	0.317	-7.954
10.328	18.906	-6.378	-6.944	9.228	3.934	4.364	-6.215	0.917	-5.784
15.144	12.907	-6.748	-6.258	1.088	11.610	2.381	-6.857	5.704	-7.547
10.146	7.971	-8.051	-6.468	8.453	2.524	9.852	-6.175	7.124	-6.597
19.353	1.027	-6.587	-5.732	0.732	13.582	8.475	-8.086	8.142	-6.482
18.091	16.007	-6.560	-8.674	2.059	18.006	1.153	-6.383	8.892	-6.481
1.742	4.984	-7.332	-7.631	2.263	19.235	3.308	-6.867	8.065	-6.803
2.959	3.978	-9.178	-5.487	5.463	16.811	5.953	-6.246	8.610	-6.824
2.154	2.338	-8.382	-6.656	5.535	14.015	6.578	-6.508	5.790	-5.372
4.424	10.390	-7.978	-7.593	5.099	3.434	1.646	-8.282	8.648	-8.286
19.520	5.133	-7.770	-6.752	9.501	16.745	7.701	-6.025	4.143	-7.385
14.213	16.091	-6.943	-5.638	2.654	8.810	0.046	-7.491	5.071	-6.874
5.127	19.522	-8.560	-7.028	5.794	6.985	4.826	-9.673	4.060	-7.205
8.331	10.249	-5.959	-8.448	6.726	14.867	8.731	-6.980	8.109	-9.289
10.950	19.361	-6.151	-8.610	1.102	16.772	2.062	-7.449	0.510	-6.470
19.089	2.606	-8.155	-7.792	9.045	11.021	2.925	-4.990	7.082	-5.788
7.694	19.019	-7.114	-7.668	0.238	9.574	8.689	-6.363	9.033	-6.265
19.809	3.385	-5.758	-6.273	3.867	3.624	3.097	-6.228	5.390	-7.605
4.823	1.561	-6.153	-7.402	6.473	6.381	6.327	-4.735	6.581	-8.323
13.949	4.334	-9.229	-7.327	1.685	3.814	9.120	-6.126	2.162	-6.868
12.567	1.657	-8.081	-6.590	1.031	13.937	3.197	-8.161	5.575	-8.022
8.433	0.221	-6.552	-7.213	5.679	2.765	1.499	-8.578	8.821	-6.398
18.165	18.624	-7.835	-8.687	2.033	1.962	2.438	-4.516	5.948	-8.350
9.823	15.941	-5.228	-7.903	2.959	0.047	1.946	-7.520	9.782	-7.133
10.418	10.280	-8.244	-6.949	9.632	15.418	9.528	-6.058	9.254	-6.669
1.397	19.972	-9.675	-8.380	2.053	7.287	4.957	-8.500	6.478	-6.111
11.932	0.319	-7.665	-6.889	0.593	7.758	9.562	-6.495	0.513	-6.234
2.050	14.408	-6.180	-7.345	0.193	10.557	7.389	-6.047	6.839	-6.914
0.937	5.168	-6.242	-8.367	8.663	19.976	8.142	-8.215	7.475	-8.487
0.980	7.152	-5.584	-5.387	4.832	4.113	3.391	-7.420	8.756	-6.929
2.540	10.259	-7.650	-7.002	1.142	4.324	2.102	-6.259	5.463	-7.348
1.375	5.825	-5.208	-6.376	7.587	17.896	3.183	-5.801	3.016	-5.907
12.556	3.956	-7.466	-6.627	8.479	8.942	3.513	-7.272	3.280	-6.617
1.159	10.541	-6.728	-8.416	7.320	4.205	3.030	-7.421	4.141	-7.159
1.195	10.227	-6.268	-6.686	6.098	0.235	2.168	-7.754	4.900	-8.305
3.657	5.569	-5.730	-6.838	7.627	13.167	9.004	-8.408	9.239	-7.221
1.813	13.170	-7.907	-7.945	1.164	2.850	7.972	-6.420	6.243	-6.461
3.926	16.860	-7.341	-7.892	5.683	8.194	0.401	-8.394	4.376	-7.394
18.297	16.188	-7.183	-6.956	2.933	9.288	5.450	-7.482	0.310	-7.761
2.814	12.949	-6.707	-7.407	9.631	16.445	8.156	-7.118	0.784	-7.051
2.309	17.621	-8.224	-8.013	9.637	12.681	0.428	-7.154	9.662	-7.375
12.091	3.553	-8.682	-6.376	6.139	17.611	9.498	-6.406	7.626	-7.064
7.549	6.250	-7.365	-7.613	7.326	17.375	9.557	-9.524	7.861	-7.475
17.154	3.885	-8.361	-6.339	9.371	10.406	9.973	-6.572	0.323	-8.145
9.206	10.488	-8.878	-6.914	7.115	3.498	5.875	-7.448	9.146	-8.199
16.135	3.353	-8.731	-7.988	3.261	18.511	4.825	-7.266	7.795	-6.743
7.272	3.041	-8.891	-8.081	2.867	4.037	3.752	-6.955	0.255	-7.621
5.467	19.396	-6.663	-6.943	6.873	12.683	4.061	-6.333	6.649	-4.701
18.816	2.242	-7.710	-7.976	1.434	14.137	7.792	-4.833	5.507	-5.719
3.334	1.695	-6.891	-6.596	8.939	18.653	8.532	-6.906	1.707	-7.262
1.193	7.190	-7.783	-6.799	6.032	15.172	8.146	-7.380	9.592	-7.568
19.609	17.687	-5.510	-7.714	5.162	5.963	7.339	-6.502	2.983	-8.136
19.772	5.159	-8.107	-6.734	0.458	13.906	6.917	-8.286	0.545	-7.994
14.596	14.486	-7.165	-6.734	6.836	17.552	3.493	-7.286	5.083	-6.090
9.410	7.852	-9.342	-5.361	9.428	2.489	1.033	-7.539	5.392	-6.904
18.110	0.235	-7.495	-7.549	1.497	9.321	4.522	-9.092	4.569	-5.339
0.552	10.239	-6.978	-5.718	8.318	2.083	8.752	-8.405	4.438	-6.268
14.495	8.891	-8.599	-6.286	2.950	13.925	4.486	-8.791	7.472	-6.661
7.068	4.744	-6.362	-6.628	4.170	2.716	5.748	-7.877	9.520	-6.481
6.002	13.438	-7.813	-8.264	7.252	10.575	2.475	-6.672	6.906	-7.084
6.085	1.018	-5.872	-7.344	5.764	5.524	7.630	-7.701	0.665	-6.469
19.601	15.364	-8.358	-8.226	3.884	15.104	1.957	-5.677	9.781	-5.230
0.974	0.485	-7.352	-8.071	7.475	13.840	7.286	-7.692	2.212	-6.712
17.745	0.767	-6.268	-6.443	0.146	16.357	6.585	-6.431	6.065	-7.976
7.100	0.088	-4.925	-7.892	5.534	19.851	0.362	-7.066	8.932	-7.121
15.143	14.778	-4.536	-7.018	4.083	16.121	7.822	-7.928	1.488	-7.755
11.872	3.899	-5.696	-7.097	9.627	18.860	2.795	-7.650	2.343	-6.297
17.571	14.911	-6.372	-5.701	2.842	16.153	6.348	-6.294	0.194	-6.642
9.401	0.696	-6.320	-6.818	8.162	6.867	1.071	-7.704	7.719	-7.714
9.112	15.705	-7.438	-8.314	4.711	11.178	5.861	-6.828	5.465	-7.494
6.757	2.599	-5.155	-7.992	5.276	7.469	2.828	-6.224	3.800	-7.277
18.145	11.031	-6.629	-5.145	9.870	9.548	8.874	-5.668	6.123	-7.147
6.031	13.917	-5.673	-5.881	0.900	16.979	8.499	-7.879	9.878	-6.938
12.859	17.111	-8.460	-6.374	7.967	0.329	3.178	-5.206	0.248	-6.068
17.962	12.370	-7.671	-6.858	8.232	11.167	5.981	-7.116	7.550	-6.210
14.574	14.820	-8.065	-6.286	7.736	7.235	1.300	-5.809	1.463	-7.288
5.903	10.555	-5.743	-8.061	3.678	10.221	1.895	-6.857	0.380	-7.038
6.010	19.675	-6.733	-5.930	9.668	16.775	4.052	-7.847	9.670	-7.543
19.233	8.363	-7.761	-7.995	3.032	12.321	8.703	-5.960	0.179	-7.862
3.873	17.654	-9.554	-7.625	9.901	9.119	1.753	-7.409	9.671	-6.608
12.778	11.622	-7.555	-6.990	2.021	13.164	8.482	-8.272	5.768	-7.177
13.164	3.188	-7.808	-7.846	9.371	3.859	8.305	-6.425	1.001	-7.658
4.099	18.492	-6.402	-5.783	8.098	19.466	2.509	-7.212	8.274	-8.198
7.036	6.295	-7.305	-7.594	1.010	7.146	9.005	-6.695	1.478	-8.172
7.458	2.886	-6.176	-5.666	7.691	17.403	9.034	-6.935	0.977	-6.273
12.502	14.973	-6.833	-8.208	6.661	6.361	9.159	-6.932	2.821	-8.143
17.836	14.676	-8.312	-8.173	5.434	0.384	9.492	-8.015	7.758	-7.792
10.118	18.001	-8.026	-6.170	1.292	6.003	9.802	-7.951	5.737	-7.092
17.019	12.067	-7.112	-9.509	6.951	16.052	0.759	-6.737	4.095	-5.826
4.996	8.541	-6.624	-6.555	1.280	0.384	9.407	-5.298	2.297	-8.124
8.344	2.010	-9.187	-6.787	1.500	1.138	0.145	-8.667	5.754	-8.850
14.470	5.819	-7.459	-6.955	6.005	12.763	4.268	-8.327	9.258	-6.617
6.796	12.426	-7.080	-6.211	6.831	13.202	3.263	-5.695	6.451	-8.483
11.117	9.418	-7.426	-8.038	2.744	9.049	9.681	-8.497	6.637	-8.383
9.549	16.340	-6.233	-5.635	4.551	7.217	1.740	-7.290	7.978	-5.779
3.705	3.852	-7.724	-7.911	1.084	3.356	8.502	-5.799	9.867	-8.342
16.313	8.865	-7.240	-7.315	1.930	11.397	5.514	-8.295	0.797	-6.430
6.307	16.720	-5.007	-7.640	4.979	15.634	8.091	-8.455	2.270	-6.698
18.041	7.862	-6.937	-5.556	8.662	14.910	1.378	-6.902	5.705	-7.844
10.526	17.610	-7.076	-8.298	4.527	14.077	8.381	-5.762	7.086	-7.982
14.215	7.094	-6.320	-8.566	2.140	6.208	3.270	-6.343	4.399	-6.669
1.364	16.469	-6.194	-6.792	8.755	17.593	9.912	-6.075	5.876	-6.558
16.617	12.654	-6.430	-7.946	6.999	16.793	6.846	-6.456	7.656	-7.332
14.990	5.805	-5.601	-5.438	2.654	19.279	2.302	-5.582	5.479	-6.656
8.545	18.786	-6.060	-5.547	1.133	4.990	1.779	-6.305	9.328	-6.965
1.245	5.954	-6.245	-6.035	1.222	18.551	4.445	-5.958	1.272	-7.302
9.101	2.385	-6.418	-5.840	0.735	1.285	7.609	-5.473	0.696	-7.176
2.292	16.232	-6.755	-7.076	9.607	14.183	6.547	-7.018	1.325	-6.300
14.105	10.424	-7.242	-6.126	8.761	14.188	8.867	-6.746	5.228	-7.937
14.645	14.104	-6.499	-5.182	4.399	9.472	6.908	-7.318	1.759	-7.967
10.701	13.662	-7.227	-7.499	1.900	0.895	3.225	-7.693	7.490	-8.083
4.145	16.850	-7.784	-7.237	0.949	9.289	5.476	-7.850	1.668	-6.539
12.722	1.204	-4.801	-7.868	9.490	8.506	4.811	-6.291	6.745	-7.949
15.854	15.405	-5.514	-5.380	9.822	4.900	0.705	-8.132	2.887	-7.686
2.494	0.396	-6.361	-7.950	1.630	14.649	6.058	-5.880	8.313	-8.320
16.332	16.522	-8.027	-6.851	9.089	19.160	8.387	-7.158	5.376	-6.519
3.924	5.735	-7.236	-6.571	0.562	10.138	6.082	-3.872	5.392	-6.781
6.912	12.587	10.111	1.779	1.300	10.120	9.440	2.338	2.020	1.992
19.707	10.763	11.373	3.228	9.597	9.899	12.350	4.527	4.297	0.901
15.451	10.758	10.558	3.992	7.768	10.853	11.074	7.835	4.401	3.045
0.522	9.941	11.129	2.180	1.506	11.067	9.000	6.135	8.457	3.725
4.115	9.424	10.580	0.134	6.606	12.611	9.762	0.471	6.497	1.293
15.151	10.259	11.372	3.321	6.826	12.734	10.072	4.097	8.683	4.773
10.473	11.920	10.044	3.018	8.080	11.277	11.388	6.276	6.288	4.301
0.581	11.749	11.241	2.037	3.088	11.018	9.203	7.952	0.688	1.649
12.298	9.286	11.441	4.287	4.847	12.146	9.323	7.718	1.853	4.523
4.119	10.891	9.490	1.912	2.600	9.235	11.555	3.125	5.087	0.487
2.697	11.165	11.273	2.896	6.233	12.359	10.600	3.299	6.024	4.105
7.654	10.675	11.232	1.311	9.446	10.867	11.124	6.030	9.750	2.829
0.784	11.485	7.715	1.234	4.096	11.144	12.095	3.441	3.944	2.015
9.812	11.354	9.825	4.475	2.126	12.285	11.028	2.031	8.975	4.714
19.158	11.712	12.542	3.493	7.604	11.767	12.992	3.371	5.582	3.873
18.778	10.772	12.270	3.753	1.371	10.858	10.479	5.308	0.066	2.473
19.446	10.514	11.408	4.853	9.009	11.762	10.663	6.877	9.689	3.986
18.268	11.865	11.655	4.531	1.883	10.398	12.249	4.323	1.400	3.326
15.065	9.628	11.192	4.509	2.045	9.477	11.761	5.153	7.826	1.290
14.932	10.149	11.360	2.154	6.859	11.902	10.722	7.774	2.520	2.858
17.054	10.704	10.447	1.222	9.813	11.870	9.570	9.709	4.784	1.461
3.335	12.339	9.872	0.045	0.076	10.208	9.978	6.382	3.132	0.604
7.562	12.962	10.812	3.911	4.017	10.608	11.868	9.585	2.128	4.662
18.487	10.042	10.637	3.243	8.630	11.148	10.153	4.308	8.181	2.130
3.199	10.414	10.362	4.891	7.665	12.653	9.754	5.524	8.428	1.026
8.300	12.987	9.871	3.805	2.237	12.115	10.725	2.289	2.966	0.198
0.296	11.034	10.685	0.346	7.514	10.477	11.619	9.016	2.068	4.885
14.993	11.630	11.087	2.311	5.392	10.004	11.578	5.033	9.569	2.077
5.015	11.227	9.498	1.144	7.456	10.969	10.461	3.024	0.175	4.813
0.985	10.189	11.581	0.604	1.023	11.111	12.217	8.607	7.246	0.281
0.466	10.601	12.500	3.011	7.519	12.926	11.561	9.399	2.121	2.942
3.969	11.289	11.661	1.899	8.489	10.479	9.633	1.526	7.331	1.055
3.076	10.557	11.319	2.697	6.722	10.978	10.731	4.435	2.411	0.075
4.347	10.917	10.496	0.576	8.648	9.999	9.483	1.686	5.500	1.115
12.449	10.625	10.964	4.894	3.033	12.131	11.203	0.949	9.203	2.927
5.893	10.199	13.090	4.493	1.236	9.361	10.579	2.191	5.404	4.146
7.173	10.903	11.051	2.162	8.602	13.126	10.992	8.332	3.644	3.018
4.401	11.924	11.099	3.846	2.563	11.464	11.698	9.320	4.974	0.412
19.940	11.884	9.918	2.567	0.232	10.487	11.418	3.184	3.777	0.734
12.360	12.501	10.436	0.078	3.097	9.455	11.090	8.215	7.936	0.218
18.855	9.547	10.125	2.751	6.111	9.248	10.810	1.734	1.833	2.173
8.627	12.765	12.407	2.579	4.452	12.644	10.445	3.660	6.064	4.016
7.667	11.763	8.760	4.256	6.760	10.921	12.231	0.519	2.053	2.227
5.084	11.675	10.940	4.218	4.160	9.251	10.105	7.639	7.210	0.172
16.752	10.375	9.649	3.027	8.078	10.128	10.867	2.566	1.123	4.478
17.711	10.229	10.466	0.413	3.132	12.227	10.182	8.437	4.294	2.864
10.973	11.124	10.004	0.433	5.225	11.146	12.142	5.100	7.159	1.927
15.538	11.771	10.092	1.060	0.975	9.423	10.672	6.924	1.219	1.892
5.969	13.055	11.427	3.755	7.114	10.882	11.488	7.265	8.948	3.209
17.834	11.093	11.594	4.097	0.944	10.883	10.510	7.864	7.445	4.508
16.814	12.402	11.810	1.467	1.001	10.889	12.368	8.068	5.319	3.168
1.728	11.651	11.613	0.276	0.791	12.156	11.723	8.710	4.509	3.774
16.581	11.915	11.242	3.157	9.868	12.535	10.395	4.573	5.395	3.811
16.694	10.620	10.699	0.310	4.454	9.686	9.524	2.457	8.208	4.080
5.400	12.502	12.187	1.921	0.123	10.854	9.729	9.705	7.198	3.873
16.833	11.304	10.098	0.801	1.122	10.594	10.314	8.621	5.785	0.996
10.856	11.995	12.036	3.135	4.596	9.502	12.000	4.744	7.069	2.005
17.555	10.358	10.080	3.131	3.533	9.762	10.287	6.584	0.755	1.032
8.837	10.898	9.641	0.524	9.179	10.919	9.931	6.166	4.592	2.396
18.857	11.150	12.264	0.715	2.160	10.168	11.834	5.603	4.628	2.470
6.146	11.308	12.530	3.571	9.308	10.213	11.824	7.952	7.255	4.143
14.235	10.358	11.342	4.033	6.178	10.539	9.949	7.458	0.808	0.739
13.463	10.205	11.044	2.035	5.659	11.544	9.430	5.162	7.629	0.323
19.651	12.017	11.193	1.634	2.519	11.091	10.659	5.935	8.505	4.242
15.522	10.965	9.619	1.938	1.654	9.819	10.930	1.165	4.291	0.198
2.460	11.994	10.828	3.664	6.219	9.779	12.314	5.739	9.682	1.633
5.565	10.747	11.375	4.789	9.509	9.648	13.365	7.276	7.906	3.192
18.598	10.139	11.727	2.576	5.712	10.515	11.142	3.386	6.534	4.421
13.640	11.771	9.899	0.184	8.438	11.891	9.978	0.942	5.844	3.346
10.528	12.541	11.378	3.268	7.715	8.882	12.810	3.629	2.619	2.425
7.741	11.568	10.403	4.409	3.130	9.394	11.264	0.685	1.899	1.294
6.130	11.033	10.874	0.238	7.299	10.999	9.715	2.207	6.316	1.807
18.492	12.263	9.826	3.686	4.611	11.001	11.073	3.066	1.898	0.167
15.551	10.637	10.286	4.436	0.439	11.719	10.625	3.714	0.793	0.536
14.539	9.437	9.258	1.481	9.799	9.940	10.132	3.804	1.603	2.393
5.524	12.952	9.551	0.610	2.223	11.066	11.197	8.126	9.604	1.261
13.727	11.042	9.643	1.034	3.698	11.727	8.850	1.177	7.719	2.691
6.040	11.253	12.563	2.752	8.532	10.629	10.106	1.809	1.585	1.894
16.369	12.111	11.368	3.162	9.297	9.708	9.883	8.233	2.348	3.547
10.716	9.767	10.016	4.164	4.626	10.615	13.264	9.553	1.125	2.834
7.375	11.315	11.318	3.570	2.954	12.061	11.028	2.773	2.912	1.686
0.726	12.156	10.461	4.934	8.549	12.900	9.922	8.708	0.181	3.528
18.526	11.667	9.620	3.709	8.506	10.196	9.755	9.097	2.339	3.884
17.414	12.509	10.428	4.138	7.946	10.829	12.522	1.518	3.322	2.489
19.463	10.827	11.051	4.997	8.586	11.467	12.773	0.506	6.494	0.813
13.318	11.130	10.410	4.065	0.540	11.517	10.532	2.608	9.972	0.649
9.486	10.461	12.370	1.442	2.232	9.620	10.995	4.531	0.878	3.465
4.602	12.491	11.294	3.793	1.303	11.182	10.454	3.960	8.255	2.130
5.263	12.068	12.005	3.925	3.329	12.083	10.780	1.478	5.691	1.264
6.653	9.469	13.061	3.066	4.865	10.456	10.595	1.207	1.616	2.760
1.521	11.967	12.569	4.639	5.438	10.500	11.101	9.554	9.114	4.780
16.667	11.389	8.995	3.595	9.581	9.925	10.377	9.168	2.950	2.831
18.860	9.409	10.747	2.327	8.743	11.311	9.932	5.533	8.037	0.434
12.247	10.369	10.189	4.959	4.058	12.041	11.412	3.100	1.690	1.022
8.289	10.219	10.336	2.348	6.869	11.043	11.577	6.820	2.663	2.309
3.285	10.225	10.840	2.895	2.249	11.502	10.686	8.051	1.021	2.690
7.988	9.954	9.380	4.646	7.373	12.410	9.457	5.830	2.147	4.804
12.081	10.697	11.952	4.598	8.879	9.358	10.699	7.058	2.248	1.120
3.988	10.504	11.314	1.195	3.993	10.372	10.642	1.696	3.489	3.687
0.559	10.428	12.470	2.170	4.688	8.984	11.747	3.480	0.629	2.293
7.130	13.023	11.051	0.555	6.991	12.329	9.437	0.671	6.548	3.568
5.237	10.331	11.583	3.298	4.696	11.039	10.382	2.064	0.752	3.036
11.460	10.709	11.037	4.938	3.863	9.164	11.336	6.822	2.658	1.153
19.056	10.600	10.832	4.248	3.377	10.008	11.153	8.115	0.690	4.582
2.245	10.270	10.778	4.833	0.867	10.391	10.799	9.653	8.958	1.276
18.287	9.151	11.624	1.589	3.219	11.523	11.708	6.357	1.070	4.497
3.626	10.601	10.674	3.877	4.053	11.438	14.129	0.758	4.855	0.301
5.444	8.985	11.332	1.238	5.536	10.853	9.894	9.176	8.064	2.346
19.836	10.967	9.790	4.829	6.693	10.930	11.378	6.399	8.416	3.512
5.950	10.784	11.420	1.493	4.766	10.809	10.942	4.817	6.694	4.598
19.096	10.969	11.425	1.860	5.000	9.453	10.734	5.610	2.025	0.935
19.178	11.427	11.067	4.302	6.479	11.321	12.740	3.155	9.908	3.299
17.131	10.517	11.258	3.162	0.674	10.373	11.513	1.088	0.599	0.087
0.828	11.547	11.420	0.427	2.803	10.432	11.270	5.893	2.483	1.355
15.466	11.734	10.111	1.329	5.099	9.702	11.726	6.591	4.211	3.618
11.304	11.983	9.429	4.888	6.596	13.498	12.584	4.539	0.772	4.337
19.889	10.395	10.925	4.174	5.867	10.450	9.206	1.600	8.230	4.115
16.640	9.946	11.660	2.693	2.117	10.347	11.089	4.625	6.416	3.922
4.931	11.273	10.780	3.876	7.882	10.669	10.386	6.006	5.121	3.866
19.039	10.083	10.292	1.270	8.182	12.506	10.980	5.953	6.477	2.878
6.334	10.405	11.486	2.602	2.270	10.610	7.341	4.185	9.580	1.862
12.536	10.594	10.515	2.411	3.741	12.368	9.613	8.937	2.381	0.352
8.582	12.315	10.433	0.569	7.873	11.293	10.544	4.638	3.808	3.186
13.810	11.270	11.433	2.061	8.765	10.452	10.800	0.067	9.486	0.320
5.789	9.134	13.214	0.424	1.708	12.089	10.599	9.222	2.386	3.198
