0.914	-0.027	-1.736	-1.017	3.094	4.782	3.157	8.735	2.107	2.707	2.806	19.762
5.298	-0.336	0.614	-0.198	5.250	7.447	3.691	6.718	4.301	3.601	4.029	17.093
5.228	-1.076	0.121	0.278	0.996	4.330	4.724	10.822	8.691	3.851	3.822	12.830
10.569	-0.896	-1.016	0.361	1.456	9.863	3.590	8.972	1.522	3.737	0.733	2.713
9.766	-0.493	-1.858	1.883	2.737	5.599	0.382	9.263	2.792	0.732	4.648	13.727
4.052	0.360	0.971	0.371	9.425	2.002	1.551	17.473	5.089	0.176	4.943	18.011
4.261	0.236	-1.150	-0.118	5.473	6.658	3.744	4.075	0.811	3.124	2.843	13.295
3.219	-0.567	1.401	0.575	3.873	9.928	3.467	4.375	0.109	3.273	4.919	7.585
19.170	-2.087	0.352	1.289	7.025	1.757	3.942	4.782	4.341	1.701	4.968	6.416
10.265	1.036	-0.054	-0.248	9.009	4.500	4.677	17.398	3.202	0.428	2.351	4.491
5.663	0.523	-1.268	0.753	3.306	2.318	4.137	13.008	4.425	2.782	1.063	16.178
12.564	0.552	-0.479	-0.483	5.472	6.525	1.792	5.061	2.595	2.881	2.539	2.051
15.880	-0.836	0.970	0.494	2.379	1.587	4.760	5.459	6.386	3.746	1.263	10.521
16.637	0.001	-0.730	0.756	5.845	4.039	0.991	17.581	7.737	1.025	4.512	10.518
14.603	-0.413	-0.665	1.626	0.434	3.941	3.317	16.215	0.723	3.868	1.295	13.627
19.081	1.511	-0.358	-0.359	6.330	9.552	1.592	11.518	5.478	2.049	2.218	17.210
15.950	0.682	0.289	-0.183	4.602	3.758	4.381	8.325	2.132	2.222	3.163	10.983
4.413	1.087	-0.332	0.551	1.721	5.615	2.859	9.313	9.579	3.315	2.385	15.733
8.355	-1.026	-0.437	0.507	5.870	6.445	2.900	12.990	2.787	2.926	1.075	13.986
3.841	0.033	1.364	1.180	8.415	2.231	4.636	0.532	0.624	3.865	3.785	9.576
11.579	-0.192	0.695	-1.000	5.238	8.172	4.934	12.703	7.138	2.308	3.463	16.314
7.181	-0.872	0.109	0.325	6.506	4.527	0.828	18.793	9.904	1.898	1.405	19.596
10.667	-1.007	0.244	-1.083	7.213	8.446	0.632	5.047	0.996	0.608	2.926	3.716
6.101	-0.507	0.549	0.754	1.795	7.344	2.394	0.697	9.994	1.450	4.986	9.820
18.118	0.024	-0.936	-0.035	1.602	3.872	2.971	14.939	3.620	1.621	2.847	13.201
7.102	-1.707	-0.625	1.929	8.081	5.612	0.240	1.503	3.464	4.074	2.919	19.128
5.448	-1.853	0.440	-0.033	1.899	6.072	1.028	17.849	2.108	3.720	3.278	15.598
14.016	-0.407	0.301	1.702	0.944	1.690	1.199	13.918	2.250	1.672	0.781	13.470
15.696	-2.071	0.114	0.960	3.480	4.000	3.835	11.712	9.941	4.093	4.324	9.951
2.304	-0.944	-0.300	-0.054	3.474	2.223	4.194	4.046	2.396	1.914	1.121	19.139
10.995	2.016	1.459	0.478	0.684	1.184	2.592	14.067	8.120	3.513	3.334	10.779
15.144	-2.261	1.106	-0.157	5.299	3.839	0.949	4.445	1.179	4.692	4.554	17.419
15.489	-1.448	1.980	1.509	9.796	6.020	2.616	2.619	1.872	3.153	0.632	10.387
15.938	-0.319	0.191	0.096	0.999	9.885	2.296	8.776	3.626	2.558	4.214	0.170
4.717	0.939	-0.925	-0.228	0.022	8.775	4.804	1.115	7.114	2.132	1.917	16.568
1.531	1.066	-0.813	-0.580	4.342	1.103	4.007	15.216	1.557	0.466	3.143	7.650
9.517	-0.716	0.221	0.501	2.221	1.023	2.924	3.389	4.767	3.915	1.438	19.439
15.744	0.861	0.219	-2.008	4.756	9.401	4.539	15.670	6.104	3.657	4.564	18.786
11.120	-0.201	-1.622	-1.836	0.172	2.316	3.459	2.240	2.610	3.099	1.177	19.576
3.760	0.811	-1.403	1.419	8.325	4.928	1.631	11.843	6.626	0.049	3.550	15.909
14.148	-1.439	0.973	-0.668	0.280	2.724	2.262	4.165	0.859	3.405	3.566	14.259
12.371	0.583	0.292	-0.939	4.922	9.970	4.907	19.191	3.314	2.619	3.327	16.023
16.367	0.621	-0.688	0.513	7.255	9.225	4.104	8.719	7.902	0.341	1.279	1.245
11.377	-1.229	-0.381	0.064	3.199	1.136	1.342	11.367	7.764	4.448	1.014	1.496
2.549	-2.008	-0.968	-0.523	5.661	1.070	3.187	19.014	6.394	1.961	0.989	16.866
8.856	0.137	-0.907	0.250	1.703	8.234	2.102	17.881	5.552	1.619	1.816	14.616
2.187	-0.663	0.273	0.377	3.928	0.352	4.968	6.106	7.191	1.009	0.962	18.835
6.770	0.531	-0.392	-0.181	9.182	3.222	1.082	2.229	6.461	1.799	1.458	18.363
9.376	-0.572	-0.216	0.854	4.937	0.062	3.838	12.099	4.105	1.575	2.184	18.238
11.301	0.455	1.742	1.380	4.862	3.113	3.501	15.398	6.568	3.281	1.543	9.410
19.729	1.358	-0.041	2.282	5.634	2.760	1.517	2.343	8.429	2.965	0.610	11.878
13.504	0.164	-0.580	-1.067	5.813	4.169	4.528	9.647	6.593	1.360	1.613	3.324
17.788	-0.546	-0.303	-0.450	8.606	2.255	0.009	4.518	8.047	4.791	4.961	11.689
11.784	-1.107	1.173	-1.699	3.776	4.561	2.292	0.958	6.525	3.757	2.409	12.473
2.313	0.172	-0.813	1.454	0.293	8.306	4.412	19.623	5.979	1.711	2.434	16.386
19.352	2.689	0.228	-0.379	8.963	1.228	4.700	12.808	0.454	3.024	3.518	6.536
0.825	0.797	-0.095	-0.684	1.568	2.879	2.749	3.260	8.971	2.772	0.673	10.266
18.580	0.289	-1.481	-0.350	8.712	5.636	3.419	0.384	6.807	0.032	4.683	0.005
16.115	-0.058	0.094	0.927	2.472	2.955	3.250	5.581	2.413	4.705	1.384	0.695
13.233	1.357	0.591	0.212	6.396	6.565	2.770	3.525	6.946	1.377	0.425	15.553
8.036	2.007	1.823	-0.809	2.996	2.396	4.297	3.984	9.660	2.216	1.842	16.612
8.999	0.016	-0.042	0.049	9.028	5.017	0.215	0.101	0.225	4.680	3.684	9.180
15.849	-1.937	-0.884	-0.257	3.661	6.466	4.622	15.509	0.910	1.753	1.467	5.904
15.587	0.958	0.251	0.221	4.197	1.162	3.267	11.121	0.324	4.832	4.420	17.182
17.250	1.285	0.212	1.226	1.702	7.216	1.474	7.723	6.014	4.157	2.576	10.180
19.541	1.452	0.243	0.400	3.786	0.913	4.820	2.408	3.968	0.702	1.527	8.588
1.721	0.149	-2.886	0.026	6.712	2.441	4.449	5.972	1.231	1.393	2.217	13.709
19.314	-1.254	0.974	0.035	8.400	6.957	2.867	11.204	0.123	3.196	2.823	0.513
4.505	0.028	0.051	1.749	5.955	9.057	0.024	7.249	8.338	0.263	4.367	13.679
11.061	1.333	-0.811	-0.244	2.166	0.991	2.774	11.823	2.589	4.945	3.704	3.815
13.349	-0.474	-0.048	0.286	9.352	1.054	4.766	2.006	2.158	4.829	0.792	13.388
17.259	-0.408	0.788	0.993	0.255	0.448	0.841	6.751	7.460	0.574	0.403	15.475
13.972	-0.772	-0.321	0.181	3.063	3.723	4.779	1.082	3.848	1.048	4.894	10.362
12.860	-0.309	2.411	0.828	2.627	6.147	4.613	12.267	6.952	4.417	1.222	4.744
18.865	-0.757	-0.577	0.872	0.566	0.342	0.239	4.404	4.135	4.970	0.821	5.821
5.238	0.436	1.639	-2.664	7.591	4.300	3.244	19.359	5.661	0.719	4.712	18.188
2.825	-0.825	1.504	-0.715	6.179	9.385	1.502	4.666	3.377	1.423	0.666	5.572
6.963	0.035	-0.224	0.758	1.472	9.154	3.632	16.318	2.876	0.854	3.085	15.186
19.692	-0.730	-0.785	1.401	6.676	1.388	4.036	15.443	0.987	0.125	2.417	2.772
5.919	-0.312	-0.717	0.038	0.030	9.574	1.517	9.013	2.223	1.978	4.016	19.149
4.770	0.829	0.225	-0.810	2.883	2.562	3.929	3.849	1.348	3.859	4.729	8.144
3.382	0.508	-0.289	-0.219	4.987	5.428	3.476	7.767	5.047	0.821	1.777	2.987
15.379	0.141	-0.603	-0.392	2.556	5.810	2.046	8.549	5.767	0.483	3.994	1.365
13.443	0.454	0.853	0.759	0.201	2.519	2.756	16.115	6.784	4.675	3.722	15.259
2.679	-0.044	0.153	0.038	7.681	8.969	2.071	1.839	8.627	0.247	0.996	18.238
9.655	0.607	-0.389	0.209	7.633	2.194	4.939	3.281	8.074	2.452	3.392	2.414
7.593	-0.612	0.792	1.018	4.607	6.253	1.102	3.227	7.083	2.986	0.116	8.529
16.030	-0.672	0.715	-0.057	0.638	2.449	3.254	9.589	6.476	0.808	2.445	6.819
10.432	1.659	-0.647	0.265	3.806	3.079	2.793	4.749	3.577	3.179	0.069	4.021
2.379	0.428	0.203	0.242	9.233	7.983	0.194	1.381	6.024	4.794	3.440	2.848
9.151	-0.845	0.997	-0.983	2.869	9.774	4.859	17.868	5.588	1.823	3.094	16.322
16.374	1.079	0.539	-1.285	5.533	9.336	4.693	17.055	7.025	0.435	0.463	12.382
16.854	-0.520	-0.679	0.107	2.875	9.051	4.658	6.113	5.358	4.958	2.038	13.911
17.022	-0.894	0.525	0.336	6.640	3.565	4.190	1.057	0.153	0.462	4.033	9.893
14.359	-0.494	-0.826	-1.477	7.086	0.646	2.287	2.934	0.391	0.192	3.273	14.179
15.703	0.753	0.309	-0.221	6.961	9.872	0.749	4.665	9.190	3.052	1.649	9.518
3.122	0.055	-0.069	0.196	4.535	1.370	2.306	8.776	7.307	2.310	2.065	5.555
4.895	0.985	0.576	0.842	2.411	6.535	2.341	10.215	2.734	4.198	4.412	9.398
11.725	0.871	-1.390	0.187	9.116	1.027	0.120	2.864	4.670	1.224	2.508	15.853
6.637	0.552	0.041	0.170	5.167	0.199	4.071	5.192	7.848	0.729	4.977	14.278
12.810	-0.999	-0.421	-1.268	8.530	5.572	1.768	10.546	9.515	2.264	1.359	13.986
2.822	0.319	0.320	-1.836	5.577	1.407	4.420	2.790	2.877	3.558	0.744	3.273
3.997	0.526	-0.072	0.857	4.123	5.191	1.301	12.097	6.253	1.425	1.889	0.126
4.865	0.482	1.068	-0.641	6.946	6.555	0.908	8.814	7.871	0.891	1.129	14.019
10.433	-0.472	-0.033	-0.569	5.273	9.965	4.533	3.244	3.015	3.758	0.625	2.700
9.467	-0.856	-1.521	0.649	1.554	2.529	2.021	3.984	6.356	2.062	2.429	5.809
0.654	-0.650	0.523	-1.006	9.902	7.329	3.314	16.271	0.874	1.285	0.501	15.844
12.861	0.068	-0.536	-0.740	3.202	0.713	0.108	6.247	4.576	1.273	4.121	7.522
6.935	-0.075	2.905	-0.181	8.732	1.162	1.601	18.913	0.502	2.184	2.084	7.629
0.015	-0.293	-0.464	-0.292	4.777	8.767	1.906	18.237	5.787	1.350	1.225	19.416
4.505	1.047	2.020	-0.191	1.394	8.565	4.014	18.575	6.653	0.241	4.294	5.397
0.177	-0.866	0.361	-1.240	3.477	1.164	1.085	15.643	3.312	1.492	4.818	9.717
18.473	-1.650	-2.080	0.790	6.801	9.780	3.277	10.271	7.676	3.854	2.493	10.260
4.011	0.070	-0.228	0.552	0.791	8.019	3.974	7.375	3.688	0.955	0.587	6.853
15.184	-2.321	0.932	-0.292	7.112	8.577	4.394	3.975	1.955	2.044	4.467	1.563
6.952	0.053	-0.081	0.521	2.556	2.909	2.881	5.714	3.507	4.075	0.638	19.295
17.002	0.262	-0.094	-2.006	2.417	4.615	3.424	9.395	3.731	0.041	1.388	11.052
10.246	0.118	0.560	-0.588	3.447	3.640	4.606	14.492	2.121	1.946	4.618	5.440
6.995	1.408	-0.131	0.686	0.740	5.702	0.765	1.466	7.339	2.130	4.038	2.745
1.075	-0.494	-0.516	-0.666	6.125	9.616	0.694	13.414	9.419	4.865	4.332	11.545
8.644	-0.337	1.385	3.065	0.498	9.324	2.118	2.426	2.649	1.990	0.270	17.586
12.233	0.887	2.593	-0.434	1.399	2.632	1.687	7.447	4.599	2.795	1.131	7.568
3.418	0.332	-0.185	0.659	8.949	3.367	0.462	6.191	5.488	3.215	2.167	11.678
15.279	-2.633	0.442	-0.295	1.477	2.256	1.959	15.579	6.227	2.604	2.381	10.186
19.625	0.004	0.847	0.337	9.197	0.802	4.976	16.165	6.780	3.756	0.924	16.027
13.720	4.267	11.222	5.571	0.294	1.850	1.746	9.210	5.467	0.785	1.661	5.621
4.546	5.620	12.697	5.306	9.360	8.689	2.724	5.748	5.547	0.481	4.048	0.206
2.857	6.308	13.417	5.263	9.286	8.376	1.453	17.736	4.597	1.932	0.793	19.964
4.890	5.027	13.161	3.521	0.206	9.273	3.251	2.183	4.598	3.162	1.043	14.453
17.456	5.648	16.155	6.630	7.776	8.712	0.578	9.653	5.142	1.278	0.260	0.685
8.900	5.044	8.163	4.072	8.091	9.095	0.990	1.812	3.672	4.135	4.744	14.381
0.630	5.948	9.063	3.945	5.591	0.528	0.116	16.783	7.375	0.015	3.148	18.767
11.631	5.342	12.223	6.794	1.524	9.261	0.336	3.621	7.232	0.905	2.020	17.643
15.989	6.259	10.153	5.545	9.737	3.137	1.519	10.326	3.743	2.272	3.449	11.490
18.105	5.887	1.437	6.412	9.589	0.730	3.508	3.246	5.674	1.610	3.724	17.877
15.827	6.748	13.395	5.347	3.699	8.713	2.990	14.757	5.837	4.252	1.435	0.402
10.033	4.721	12.403	4.041	6.573	5.313	2.974	3.729	7.351	3.082	1.207	9.559
10.444	6.022	11.830	5.051	2.620	4.641	1.595	14.781	4.760	0.619	3.984	15.762
19.631	3.960	7.090	4.611	9.782	6.033	3.868	6.461	4.080	3.513	1.086	3.167
6.193	4.578	1.813	5.796	4.117	4.256	4.159	2.886	4.167	0.388	3.454	12.561
19.154	5.418	4.343	5.601	1.954	7.225	1.951	1.844	6.454	4.441	0.506	1.144
14.105	4.886	4.015	6.240	6.244	0.176	1.040	7.214	3.947	1.174	0.053	13.942
16.373	4.042	1.975	5.988	6.333	9.618	1.219	1.801	4.488	3.248	1.290	17.963
3.044	5.108	7.543	3.834	6.777	6.298	3.862	12.183	5.186	0.977	4.893	3.206
0.104	4.345	5.665	6.058	7.004	4.876	3.776	7.000	5.558	1.864	0.460	5.170
9.871	4.693	11.363	5.723	9.736	7.744	3.527	19.322	6.287	0.282	4.025	5.429
17.828	5.924	9.954	4.329	5.253	5.769	1.014	8.805	5.380	3.941	3.863	2.644
2.149	2.977	11.757	4.124	8.266	9.153	3.634	12.235	4.009	4.214	1.852	3.817
13.132	5.087	9.500	4.043	5.127	7.001	2.639	2.129	5.872	0.741	1.402	12.398
3.758	6.692	10.276	5.157	4.085	1.044	0.015	12.691	7.682	2.772	3.176	6.020
9.837	5.259	6.311	5.155	6.769	3.840	3.703	8.133	5.715	0.433	0.455	16.116
19.997	4.194	0.685	4.114	4.206	0.767	0.912	6.432	6.624	1.346	4.074	10.323
4.589	3.813	16.002	5.579	7.928	9.123	4.655	16.668	4.770	1.288	0.950	10.816
10.598	4.980	1.409	4.278	3.461	9.805	3.557	16.660	4.595	0.531	3.441	13.994
15.773	4.798	1.257	5.232	2.060	0.356	2.999	9.221	3.811	4.020	3.346	8.016
19.352	5.774	2.529	3.816	6.514	9.132	3.686	3.178	5.265	1.471	3.610	17.361
11.088	3.064	13.034	5.609	2.925	4.799	0.596	17.722	4.920	3.580	3.777	9.681
14.814	5.654	12.656	5.734	0.526	5.483	0.066	2.473	4.792	0.688	4.422	15.349
11.441	3.132	0.341	5.209	7.287	9.069	4.459	8.467	4.152	0.638	3.311	3.613
16.123	5.481	0.575	5.018	2.406	5.943	3.509	14.952	4.988	4.525	4.560	3.748
16.130	3.967	12.531	4.483	9.896	8.296	0.361	0.706	5.665	1.704	3.155	17.312
11.397	5.500	14.597	4.371	4.125	4.844	1.228	2.202	5.589	0.656	2.088	18.227
14.114	4.805	1.875	5.230	3.740	5.286	4.975	13.577	5.059	0.564	4.368	7.742
1.538	5.291	6.693	5.258	9.981	1.998	3.273	12.848	5.483	4.275	0.233	5.105
18.424	3.720	13.001	6.227	7.805	7.768	4.487	18.843	4.645	3.398	4.518	14.598
11.831	4.607	4.463	2.596	9.042	9.008	1.029	14.693	4.583	4.717	0.928	12.596
11.112	4.994	19.140	4.618	2.878	0.675	0.090	1.829	6.240	4.684	4.658	15.228
17.069	4.973	16.746	5.351	3.669	6.999	3.569	14.769	4.376	0.302	1.556	4.956
9.723	4.985	16.659	5.952	8.467	8.778	0.055	18.749	4.188	4.590	2.906	8.537
13.042	5.327	0.411	4.685	3.669	6.602	0.575	4.438	4.377	4.800	1.938	17.154
2.316	3.742	8.537	4.606	9.609	8.101	1.488	17.622	5.439	0.002	0.313	0.527
12.903	3.914	1.328	5.330	8.367	4.435	0.449	12.851	4.106	4.799	2.565	1.893
17.815	3.978	11.169	5.536	0.225	5.225	1.645	17.198	5.981	0.043	4.726	1.961
8.349	5.650	6.015	5.916	3.942	8.976	4.692	16.174	4.069	2.113	1.821	13.744
4.190	4.877	19.799	5.259	6.250	0.307	4.585	9.797	4.777	3.490	3.858	3.049
4.567	6.105	4.051	3.822	2.400	2.835	4.621	14.106	5.673	0.622	3.582	19.759
4.711	5.294	8.697	6.410	6.335	0.721	0.600	13.863	4.739	2.009	0.430	0.342
2.663	4.761	4.125	3.025	0.562	5.527	0.039	12.405	6.303	1.546	4.065	5.506
0.066	6.033	17.331	5.887	9.768	7.222	0.966	7.009	4.881	4.239	3.142	9.473
18.136	6.170	9.046	4.283	1.038	3.471	4.068	14.554	3.605	0.423	1.701	4.753
8.087	4.745	19.445	4.852	0.142	4.885	4.727	14.958	5.355	2.435	1.528	14.163
0.913	3.430	6.916	3.960	6.223	3.723	2.675	18.750	6.490	4.015	3.644	19.017
19.387	5.166	12.703	5.016	5.561	5.827	1.903	15.494	6.120	0.062	0.370	5.304
2.662	4.789	12.911	5.928	4.118	4.088	4.144	10.206	5.264	1.243	4.566	12.713
11.270	5.693	5.244	5.080	9.661	0.158	4.254	11.069	3.010	1.419	4.707	14.382
7.881	4.908	11.811	6.226	6.773	1.508	2.143	9.206	2.497	4.150	0.445	3.675
19.076	6.039	7.056	4.763	5.023	6.968	1.851	6.933	5.386	0.576	2.565	18.272
9.805	5.694	5.180	6.114	8.400	2.419	4.793	19.229	3.490	0.107	3.815	8.477
17.645	5.757	10.716	3.860	6.938	7.530	3.784	13.626	5.935	4.931	2.126	7.234
4.361	5.186	9.934	3.764	2.522	9.615	0.364	8.440	4.384	2.980	1.699	16.790
16.017	5.509	12.020	5.113	1.123	3.378	3.408	0.044	3.134	1.718	4.457	0.395
8.836	4.424	3.178	5.416	4.716	9.928	1.247	14.544	5.660	3.524	2.910	1.594
15.155	5.806	0.310	6.329	0.760	7.141	1.310	17.579	6.237	3.268	2.742	5.230
17.937	6.026	13.073	5.431	0.741	6.187	3.116	8.138	6.096	0.926	4.954	16.542
7.891	4.823	10.415	3.919	2.414	9.934	0.623	9.095	4.746	0.990	1.912	18.131
3.195	6.632	4.496	4.188	0.622	5.778	2.668	14.037	4.238	0.759	1.284	10.120
7.093	5.374	16.062	5.467	0.323	3.465	3.777	12.431	5.432	0.985	1.995	14.579
14.666	4.851	10.768	4.644	2.064	1.088	0.631	12.981	4.404	1.271	3.656	13.510
2.774	6.213	18.602	4.841	7.723	3.724	4.345	3.670	5.628	1.547	2.561	11.315
7.409	3.870	12.232	5.375	6.103	1.160	0.205	0.268	5.525	0.382	3.416	11.634
9.089	4.805	3.173	5.438	3.537	9.151	0.350	17.440	3.706	4.802	1.628	14.740
18.775	3.751	3.254	4.748	8.812	9.340	2.091	1.818	3.526	0.956	0.144	17.457
11.318	3.811	4.247	5.310	7.363	7.588	0.284	8.981	4.587	3.968	0.723	19.392
19.962	5.420	15.538	2.941	3.694	9.055	0.370	8.354	4.267	0.643	4.691	12.834
9.325	3.783	4.203	5.178	2.737	9.472	2.593	13.791	5.291	3.176	0.234	10.920
16.630	5.401	9.949	6.552	0.824	6.369	3.904	18.568	4.446	0.342	4.593	1.798
5.873	5.605	0.817	5.244	5.564	9.785	1.439	13.842	5.271	1.203	4.698	6.042
5.727	4.244	10.289	4.345	8.057	9.894	1.325	5.229	5.244	2.436	3.790	0.575
10.114	4.322	6.513	5.912	5.790	5.455	4.816	12.480	5.812	2.363	4.959	4.702
4.868	6.439	8.788	6.685	1.548	1.754	0.452	0.923	9.359	3.324	3.689	16.651
9.917	3.396	7.004	6.628	6.911	1.457	3.488	2.375	5.716	4.495	2.493	0.939
14.521	4.999	17.771	5.944	5.415	4.185	4.229	13.736	4.771	0.630	2.822	2.066
18.319	5.882	5.819	6.582	4.352	0.817	4.386	5.891	4.563	2.653	1.036	7.121
8.987	4.864	12.098	6.495	0.649	2.793	4.924	4.148	6.216	1.726	1.443	8.229
8.367	5.655	12.475	4.056	3.717	5.828	3.131	8.644	5.244	0.853	4.712	12.092
5.832	5.257	15.438	4.164	5.534	9.378	1.377	10.720	4.039	4.325	3.628	10.657
3.456	4.408	10.574	5.694	0.596	1.908	3.489	8.025	4.938	1.183	1.982	9.465
14.042	5.574	9.026	3.396	3.675	1.781	3.947	15.601	6.552	1.341	2.127	13.508
1.037	4.520	3.896	5.449	3.349	1.143	3.045	0.558	5.391	3.341	4.959	2.556
1.665	5.228	13.907	4.700	2.532	5.532	3.029	18.205	5.898	1.309	2.630	2.424
15.086	5.989	0.139	4.676	1.067	9.344	4.011	14.023	4.475	1.483	0.632	18.366
19.135	4.990	16.770	6.307	0.718	4.498	0.167	8.876	5.491	0.870	4.394	3.759
18.078	6.025	5.777	3.922	7.318	3.048	0.284	16.370	5.709	3.313	3.900	11.106
17.678	4.078	9.446	5.660	0.875	4.796	0.087	16.525	4.386	0.275	1.237	18.900
17.761	5.025	14.153	4.004	3.126	3.252	4.725	4.977	6.679	2.452	1.530	13.502
2.908	5.774	13.515	6.487	7.908	8.445	2.135	11.906	6.909	3.097	0.179	14.890
2.877	5.090	4.799	5.528	8.151	0.697	1.915	12.107	5.892	0.482	3.042	16.149
0.561	4.860	18.653	4.143	1.538	1.974	2.331	13.653	4.256	4.723	0.676	17.697
9.456	4.914	13.950	4.988	3.640	8.758	2.629	19.884	4.410	1.289	0.202	19.741
3.695	4.051	10.089	3.864	5.813	6.756	4.873	7.783	6.110	1.266	1.062	10.393
5.260	4.543	6.578	5.333	6.549	9.541	0.849	8.329	6.446	1.374	2.458	0.052
12.137	6.359	14.192	4.781	8.585	5.630	4.607	16.623	6.651	1.845	0.354	13.060
18.180	4.359	18.629	5.296	4.480	2.076	0.844	17.016	6.265	4.454	0.112	10.726
3.360	5.037	4.981	4.177	8.732	8.145	0.813	3.926	5.472	0.235	3.516	11.687
10.840	2.527	6.019	4.913	0.768	9.885	4.147	1.669	3.750	3.288	1.221	9.359
13.374	3.907	0.104	3.534	2.363	7.248	4.794	7.683	4.390	3.794	2.633	19.080
14.320	4.511	2.918	4.211	5.166	2.335	0.500	15.838	4.477	1.769	0.873	18.631
14.552	4.165	15.502	5.440	2.565	0.058	2.825	6.130	4.089	4.637	0.367	15.726
18.620	4.472	4.964	5.683	2.066	9.276	4.346	0.098	2.247	2.674	2.547	15.428
15.017	4.204	10.010	5.407	8.000	1.248	2.332	10.666	5.185	0.886	4.963	8.218
5.424	5.415	10.821	6.032	1.506	1.661	2.224	6.820	7.187	3.007	1.340	0.789
14.695	3.776	10.708	3.537	6.318	9.455	4.822	17.088	4.897	1.277	4.443	3.511
8.527	6.489	5.611	4.866	0.343	0.741	4.895	0.087	6.029	1.883	3.681	16.085
0.728	5.219	12.591	4.220	8.688	7.779	2.769	12.155	6.170	0.190	3.409	0.361
19.385	5.231	16.580	6.105	7.908	7.317	0.229	8.544	5.902	2.685	1.401	19.391
17.770	5.428	1.572	5.384	6.721	1.020	4.607	4.581	4.293	1.214	0.328	11.820
18.069	4.950	13.132	5.342	1.893	3.790	4.616	12.041	3.645	1.676	1.183	2.457
10.151	4.099	12.899	3.888	1.236	7.565	3.199	17.134	4.989	4.555	3.645	11.621
15.594	5.506	1.964	6.251	1.184	5.930	1.672	12.121	2.542	3.942	3.643	17.349
4.254	4.082	16.639	2.806	3.712	2.623	4.746	10.138	4.271	0.572	0.706	6.077
15.942	1.340	10.799	1.634	5.745	-6.730	-8.257	-7.242	7.636	3.066	1.261	10.758
14.508	5.553	14.536	0.382	2.520	-7.580	-9.075	-6.577	2.035	3.149	0.232	10.977
7.191	5.443	12.721	2.383	4.256	-6.838	-8.401	-8.091	6.248	1.910	4.606	18.650
15.280	4.400	16.276	0.816	3.103	-8.055	-6.906	-6.436	4.786	0.815	0.745	0.960
0.798	7.131	12.669	3.560	0.306	-9.912	-7.438	-7.457	0.887	3.659	1.489	2.484
13.792	9.061	12.720	4.801	1.867	-6.838	-5.653	-7.855	6.157	4.779	2.419	13.374
11.488	5.506	6.649	4.009	9.739	-5.391	-6.291	-4.517	9.064	3.653	2.472	11.218
1.763	8.879	19.326	4.641	6.225	-5.550	-5.044	-5.872	8.588	2.410	1.009	4.584
14.526	2.042	6.602	1.211	3.892	-8.958	-7.712	-5.946	1.332	3.440	1.740	18.941
17.209	1.836	8.235	3.285	2.708	-7.230	-8.394	-6.841	9.114	4.179	1.623	5.440
10.502	3.629	4.639	3.306	2.472	-5.830	-7.511	-8.262	7.876	3.231	0.461	17.312
18.234	9.645	1.186	2.681	0.655	-6.188	-6.668	-8.441	6.169	2.777	3.709	6.271
13.093	4.274	4.783	4.270	9.769	-7.076	-5.387	-5.786	9.144	1.658	4.781	2.922
2.838	9.673	13.677	3.530	1.225	-7.119	-7.075	-5.296	4.401	4.938	0.234	5.336
0.901	6.796	17.864	0.194	6.711	-7.967	-5.685	-6.046	1.155	4.009	0.900	3.683
15.626	9.412	4.955	4.372	7.434	-6.520	-7.092	-8.945	6.543	0.188	0.244	11.502
8.948	8.675	1.147	0.756	6.399	-6.129	-4.691	-7.146	3.551	1.572	4.277	8.930
3.852	2.027	10.698	3.841	4.599	-6.547	-5.179	-6.663	1.974	2.675	3.189	15.055
9.688	2.162	19.880	4.646	4.838	-6.682	-7.250	-8.449	2.698	3.403	1.184	13.591
7.542	9.503	13.696	2.546	6.847	-5.784	-6.146	-6.548	2.529	4.145	1.632	12.781
0.794	0.733	10.422	1.614	3.483	-8.540	-8.578	-8.188	9.137	2.582	3.986	14.373
7.800	6.546	9.213	4.412	7.853	-6.476	-8.114	-5.123	9.784	3.569	0.137	15.420
8.055	6.794	14.199	2.782	7.492	-8.127	-7.633	-6.945	8.755	2.645	4.708	5.146
13.854	9.649	13.639	2.076	4.680	-6.667	-7.305	-6.282	8.447	2.890	3.707	0.449
18.495	7.339	4.926	4.724	0.992	-8.560	-6.250	-6.729	4.414	4.870	0.648	16.528
13.593	4.997	11.581	3.048	9.893	-6.652	-6.957	-6.883	1.157	4.962	4.864	9.560
18.462	3.613	19.250	1.278	8.835	-8.325	-5.646	-6.549	7.449	2.999	3.600	2.651
18.176	2.169	14.557	2.241	3.608	-6.883	-7.386	-7.774	2.967	1.355	3.980	14.167
17.350	6.843	13.285	2.257	0.222	-7.642	-6.773	-7.502	0.876	2.022	4.962	5.378
12.940	5.862	11.296	0.371	4.464	-8.117	-5.235	-7.095	7.021	3.414	0.954	5.602
1.487	4.219	14.613	4.749	2.902	-7.912	-5.133	-6.155	7.307	4.780	2.608	12.644
6.715	9.717	10.293	2.534	2.223	-6.916	-8.792	-6.517	0.744	2.707	0.914	12.068
14.943	8.912	3.702	4.489	6.996	-5.308	-7.939	-8.290	1.594	1.835	1.915	1.581
8.940	5.501	19.058	3.830	0.484	-6.089	-7.100	-6.922	7.991	1.563	4.373	3.716
13.401	9.366	9.706	1.881	0.401	-6.543	-7.896	-8.000	3.444	4.867	4.580	17.447
15.940	9.105	14.645	0.827	5.529	-5.677	-8.042	-7.985	3.396	0.329	1.744	1.675
11.372	8.742	17.862	1.840	3.453	-5.023	-7.369	-5.530	8.527	3.930	1.140	5.645
5.702	4.811	11.641	4.834	5.127	-8.835	-7.510	-6.296	0.590	1.269	2.723	7.087
17.212	6.818	5.397	2.661	7.355	-7.861	-7.540	-7.236	8.506	3.830	4.701	1.645
5.383	6.130	10.490	0.685	5.224	-7.855	-6.542	-6.927	3.049	3.576	4.903	11.607
4.277	3.146	14.924	2.506	3.631	-6.898	-8.141	-9.015	1.740	0.138	0.115	2.153
11.330	4.455	17.088	2.204	3.793	-7.626	-8.905	-7.193	9.178	1.221	4.422	13.553
11.535	7.867	18.701	2.629	4.941	-5.861	-7.402	-7.361	6.150	2.664	2.443	12.715
1.501	8.846	19.608	3.848	5.508	-7.534	-7.736	-6.062	5.258	3.931	3.989	1.800
3.903	6.475	15.668	3.273	2.526	-10.198	-7.967	-8.065	1.891	4.165	3.579	8.457
19.695	0.499	18.433	0.493	1.284	-7.414	-6.465	-6.940	1.016	0.904	4.098	10.919
9.229	0.200	6.580	2.422	9.865	-8.266	-7.408	-6.708	5.320	4.551	0.768	14.342
14.435	0.913	18.431	0.684	9.132	-5.779	-8.350	-5.883	9.879	4.924	2.346	19.916
10.428	9.379	1.997	1.375	5.506	-8.177	-6.550	-6.935	9.319	3.553	2.503	12.983
15.566	9.897	9.767	3.992	7.048	-6.579	-6.456	-5.402	8.160	2.147	3.927	9.232
3.997	7.744	3.288	3.799	5.553	-6.784	-8.487	-6.073	2.350	4.942	4.353	2.406
6.686	2.966	9.715	0.687	0.433	-8.940	-6.352	-8.169	3.398	4.315	1.984	15.454
13.948	4.281	11.295	3.568	2.993	-8.272	-5.553	-6.468	0.736	3.465	2.808	6.875
0.776	9.769	0.118	2.302	8.012	-6.411	-8.008	-5.758	8.610	4.037	1.338	14.020
17.204	3.820	19.126	2.882	4.098	-6.737	-7.767	-8.466	6.218	2.219	1.587	6.021
19.492	4.176	16.588	4.382	5.950	-5.984	-6.783	-7.823	0.741	1.011	0.299	4.752
1.739	4.870	7.302	0.708	7.677	-8.395	-5.624	-7.567	3.136	2.830	1.614	7.460
8.789	5.642	18.549	2.154	8.272	-6.949	-6.509	-6.689	0.958	1.659	3.985	3.686
13.829	8.000	16.196	3.874	8.242	-7.571	-9.527	-5.844	0.534	4.745	4.216	5.115
13.465	8.675	5.750	2.675	9.116	-6.648	-6.958	-7.576	8.172	1.038	4.447	2.873
13.118	5.395	1.165	3.225	8.977	-7.025	-6.563	-6.774	0.778	0.631	1.144	4.373
10.200	1.637	7.134	0.033	9.015	-5.874	-5.908	-9.318	5.787	4.067	1.756	8.534
1.262	9.814	1.636	0.834	3.130	-7.073	-7.677	-6.194	6.333	4.436	4.410	15.790
11.069	6.623	14.210	1.956	8.617	-7.462	-6.805	-8.855	1.918	3.975	4.132	8.310
1.998	3.782	12.647	4.511	4.161	-7.789	-6.947	-8.219	2.863	4.452	4.419	12.828
3.484	4.282	19.760	2.397	9.564	-6.836	-7.231	-6.369	1.181	4.560	2.967	6.733
6.254	2.479	11.184	0.817	8.125	-8.212	-7.508	-5.923	2.403	2.136	0.142	2.338
11.445	3.613	10.438	1.831	5.390	-6.091	-8.640	-8.360	9.843	2.180	0.776	10.975
7.551	7.445	16.202	2.540	4.049	-6.823	-6.887	-8.676	6.778	3.454	4.573	16.430
5.424	8.803	3.183	3.301	5.628	-6.159	-7.226	-7.304	1.219	1.911	3.486	1.095
14.366	3.193	2.969	2.619	4.828	-6.876	-7.693	-5.609	0.455	1.034	1.915	1.172
13.897	9.690	13.152	2.898	4.973	-5.954	-5.279	-8.078	8.012	1.863	0.188	15.055
15.918	6.338	8.162	0.329	7.464	-7.305	-8.232	-6.240	4.309	2.699	2.453	6.976
5.146	4.685	13.218	0.608	0.229	-7.855	-7.444	-7.500	9.390	4.200	3.624	3.823
7.072	5.749	5.015	2.699	7.905	-7.484	-5.155	-7.430	3.102	2.337	4.809	11.829
19.220	2.656	10.135	1.926	4.490	-8.223	-7.030	-7.310	7.474	3.442	2.394	3.000
15.032	0.185	1.060	2.417	2.698	-6.848	-5.845	-5.688	1.485	4.095	0.522	4.461
12.994	6.885	18.070	2.291	7.036	-5.414	-8.508	-8.184	5.259	2.605	1.113	16.498
18.109	8.192	5.464	4.124	1.577	-7.681	-5.501	-7.361	2.242	0.465	2.463	2.701
3.955	0.405	0.864	0.979	3.231	-7.323	-5.492	-5.500	4.041	2.952	1.015	7.326
4.157	7.122	7.603	4.944	8.602	-7.249	-8.073	-6.364	3.910	2.201	1.593	16.307
0.694	6.848	17.225	4.560	4.317	-7.969	-8.435	-6.824	6.396	3.949	1.736	1.031
4.431	1.319	19.408	2.116	1.079	-6.715	-7.781	-5.404	7.993	3.220	0.421	13.060
13.654	8.203	10.646	2.356	2.068	-5.773	-7.891	-7.619	4.228	2.267	3.375	5.457
1.418	7.862	0.001	4.788	0.952	-7.273	-6.288	-7.980	1.760	1.527	1.368	0.518
12.101	2.280	5.098	3.102	6.224	-7.837	-6.898	-6.946	0.190	3.575	3.511	2.735
18.142	7.775	19.011	3.418	6.711	-8.825	-7.632	-7.736	2.530	1.566	1.928	4.942
7.217	8.146	15.473	1.762	2.516	-6.925	-7.856	-6.456	8.235	0.840	2.328	13.367
4.020	0.600	6.792	0.412	0.852	-6.540	-7.594	-6.716	9.634	1.179	2.603	1.829
7.995	4.670	13.533	1.757	8.867	-8.853	-8.704	-7.710	6.339	2.065	3.538	12.076
19.784	0.501	1.191	0.619	8.959	-5.925	-8.399	-7.726	6.841	2.338	2.861	8.322
2.721	7.405	16.536	3.201	9.106	-5.797	-7.922	-6.124	3.876	1.627	1.686	1.746
0.000	7.805	5.727	3.521	7.560	-7.850	-9.065	-7.790	3.497	0.065	4.488	1.093
7.996	6.044	19.576	0.725	0.555	-7.462	-7.355	-7.346	4.818	3.699	3.911	10.685
14.390	3.481	7.335	3.569	5.978	-8.567	-5.703	-6.979	3.565	3.604	2.737	15.368
17.061	1.466	3.782	4.558	6.632	-5.991	-6.255	-6.930	1.251	1.901	3.074	10.623
17.432	4.680	15.553	2.471	8.319	-9.261	-7.560	-7.746	0.389	1.170	3.950	10.092
14.793	1.016	1.922	2.145	3.466	-7.258	-7.799	-6.300	3.628	0.772	1.332	4.906
5.333	9.593	8.329	3.921	4.656	-6.707	-7.232	-6.598	7.019	3.061	4.203	14.213
9.370	7.255	14.392	1.798	5.947	-6.887	-6.062	-6.926	2.603	4.998	4.559	11.091
10.165	0.508	17.647	2.965	0.818	-6.869	-5.858	-7.854	6.576	0.770	1.464	0.025
13.212	1.141	18.557	0.650	4.981	-6.765	-7.054	-7.416	0.569	1.303	1.142	2.409
2.212	1.743	17.806	2.981	7.939	-5.662	-7.941	-5.930	6.033	0.516	2.369	16.181
14.938	4.376	4.552	0.606	8.412	-5.935	-6.288	-6.264	6.120	3.550	4.569	18.391
0.272	7.326	0.827	1.676	3.839	-6.591	-8.416	-5.352	0.118	1.147	3.266	16.627
5.845	9.637	16.472	3.902	8.834	-6.268	-5.567	-7.697	1.280	3.705	4.209	7.101
15.360	6.668	14.714	0.113	0.159	-7.842	-8.909	-7.950	2.140	2.681	1.796	16.954
14.158	7.466	4.839	3.035	5.145	-7.097	-7.424	-6.799	0.181	4.424	4.642	19.718
10.048	9.327	17.872	1.642	1.339	-8.334	-8.139	-7.507	1.749	3.751	3.180	7.890
2.367	9.010	0.782	2.292	7.260	-7.821	-8.270	-6.333	6.022	1.407	4.567	4.673
6.024	1.725	18.864	3.641	2.264	-7.048	-5.861	-8.261	4.555	2.338	4.644	3.188
8.592	3.315	8.093	0.283	4.573	-5.157	-6.860	-5.292	6.435	3.458	4.434	7.670
15.122	1.956	2.799	4.367	6.561	-7.543	-6.785	-7.372	0.769	3.544	1.266	16.288
16.737	1.821	5.610	0.972	1.762	-7.330	-6.957	-6.686	2.056	0.041	4.518	16.347
3.065	1.276	11.958	1.601	8.711	-7.007	-6.145	-6.519	6.136	0.626	4.785	1.877
3.096	4.825	5.517	0.782	8.435	-7.313	-7.386	-6.536	8.049	4.800	0.386	5.626
19.147	8.372	11.560	1.557	7.087	-7.717	-8.478	-9.059	7.153	0.103	0.725	2.479
17.755	8.983	16.327	2.480	2.828	-6.508	-7.579	-7.434	0.907	1.342	3.310	0.261
4.065	2.839	3.175	3.956	8.411	-8.231	-6.875	-8.105	6.282	3.395	4.422	3.035
10.204	7.347	7.171	3.643	8.053	-8.865	-8.392	-6.428	6.762	2.573	0.635	14.465
3.188	0.552	17.799	0.309	7.745	-7.125	-6.451	-6.972	7.712	4.790	4.377	7.234
16.316	4.236	11.806	0.134	8.390	-7.323	-6.917	-7.421	9.047	3.343	1.288	14.573
12.951	7.832	14.973	3.936	8.492	-8.131	-6.045	-8.451	3.338	0.931	4.713	6.263
11.174	9.246	8.958	4.411	4.564	-8.696	-8.469	-7.335	9.868	3.138	0.610	11.327
12.464	5.580	14.583	0.702	8.216	-8.826	-6.725	-7.212	7.037	1.592	2.048	19.064
13.783	11.513	8.213	0.830	2.214	5.106	4.678	1.274	1.759	11.849	4.666	0.554
3.855	10.933	11.397	0.830	3.177	7.451	0.703	10.045	7.123	12.931	0.966	1.306
14.132	11.780	11.348	1.055	4.865	9.159	3.309	19.745	4.131	9.744	3.950	16.671
16.285	12.994	10.869	4.634	7.042	4.865	4.982	6.642	6.723	11.137	1.319	5.650
1.768	11.518	9.747	0.507	0.139	4.774	1.697	9.495	6.275	11.953	1.489	2.740
13.794	11.265	10.651	0.198	2.032	8.592	0.215	1.967	0.430	10.795	4.655	11.616
4.805	12.852	11.274	4.606	6.994	8.373	4.264	8.696	3.873	11.836	3.951	15.700
6.150	10.831	10.995	1.475	3.278	3.752	2.252	0.473	1.438	10.281	3.752	12.340
9.722	11.167	11.754	0.423	7.454	9.811	1.146	1.629	6.907	10.684	4.787	11.851
9.496	11.695	9.048	0.409	7.886	1.914	2.529	8.170	0.746	12.139	0.005	6.973
17.851	11.363	10.953	0.506	2.581	8.767	3.813	5.352	9.994	9.175	3.209	17.854
6.481	11.428	9.842	3.750	9.509	5.361	0.931	18.849	7.847	11.591	0.469	15.613
0.928	11.824	9.017	1.171	1.673	9.327	2.209	8.290	1.791	11.731	3.984	2.641
13.605	11.437	9.867	2.323	7.342	5.539	3.295	5.036	6.715	10.903	4.113	11.350
2.043	10.502	11.100	3.147	2.665	4.617	2.242	17.285	1.660	11.536	4.386	10.404
8.419	7.714	12.242	1.886	0.214	2.087	3.708	1.812	6.857	10.872	0.586	18.989
9.372	10.937	10.744	0.999	3.600	1.096	2.939	15.463	9.420	10.869	3.278	3.866
18.970	9.897	11.344	0.507	4.665	8.965	0.662	1.443	2.089	10.739	2.838	16.388
0.805	12.418	11.418	1.484	5.070	1.628	3.533	2.763	4.962	10.501	3.843	13.356
0.185	10.612	9.653	2.709	3.224	2.658	3.770	13.910	2.526	10.138	2.196	0.723
15.536	13.267	11.519	1.939	1.907	9.324	1.046	3.588	8.260	11.431	2.091	17.651
8.743	10.497	11.454	4.842	5.861	5.872	1.758	12.679	7.675	10.303	3.306	6.380
9.412	11.024	10.631	0.668	4.356	2.643	0.436	18.329	1.822	10.879	4.727	10.914
8.744	11.106	9.343	4.891	2.174	6.532	0.685	13.892	7.836	11.282	3.362	8.299
10.925	10.279	11.457	1.895	0.495	5.423	0.523	12.858	8.525	10.962	3.034	4.692
15.802	10.321	10.385	3.524	4.727	4.130	3.504	18.788	6.754	9.949	0.424	9.344
2.165	11.255	9.428	0.904	8.691	4.661	1.160	0.478	5.262	11.456	0.623	16.864
10.954	13.046	10.545	2.364	4.471	9.257	4.513	11.936	2.397	12.228	1.160	10.716
13.836	9.860	10.521	4.728	9.726	3.048	1.414	7.368	9.721	10.841	2.095	15.537
10.106	11.391	11.824	2.594	6.464	7.964	1.643	18.347	7.802	10.545	1.640	19.086
0.708	12.309	9.601	3.858	6.336	5.709	2.073	7.350	7.851	10.822	0.149	6.431
17.841	10.579	11.218	4.210	7.544	2.438	2.019	5.681	3.203	10.415	3.344	8.899
2.178	9.926	11.370	3.752	8.982	3.357	1.716	12.486	2.384	11.552	2.727	11.465
15.003	10.239	10.494	0.644	5.789	9.222	2.975	18.732	1.330	11.556	3.443	18.036
1.398	11.826	10.062	3.058	9.151	8.998	3.702	2.889	3.913	10.010	0.053	5.013
6.584	12.703	10.601	4.250	3.895	0.425	3.997	16.450	1.151	9.065	0.480	19.688
18.635	11.106	12.784	4.301	9.182	3.427	0.946	16.722	2.171	12.049	0.540	14.559
15.920	10.990	10.071	3.099	1.098	7.386	2.766	9.104	9.967	12.285	2.749	3.315
16.312	12.230	10.887	4.164	7.474	4.374	0.275	2.691	8.083	11.703	3.345	18.721
15.850	11.027	9.979	4.663	9.304	5.021	4.582	16.979	9.287	12.688	2.891	16.048
8.380	10.261	11.837	0.452	3.081	6.125	1.597	2.646	4.711	11.196	4.445	3.898
12.906	11.297	10.618	3.890	9.715	2.245	4.582	17.200	8.958	13.334	1.555	4.566
12.920	9.500	11.128	3.129	7.066	5.264	4.088	5.732	9.783	10.751	4.883	4.107
12.449	11.338	10.146	2.460	6.874	2.614	4.437	8.220	8.590	11.177	2.218	3.002
13.794	10.809	9.813	4.317	6.702	5.427	1.388	16.068	8.435	10.652	3.227	18.184
1.290	10.415	10.255	0.126	1.935	6.001	4.765	8.222	4.222	8.998	4.664	9.600
12.721	10.626	11.015	1.367	5.981	2.353	4.808	5.994	7.284	12.553	4.976	13.941
8.316	9.787	10.519	2.569	0.535	7.503	2.909	17.381	5.852	12.180	4.301	8.195
16.859	10.614	10.048	2.336	5.056	7.421	4.820	15.329	0.564	11.041	3.015	4.715
6.424	9.734	10.759	3.957	7.427	3.425	4.035	18.502	4.072	10.584	0.216	19.957
8.300	11.834	10.586	4.682	2.913	3.214	1.875	14.520	8.882	10.391	0.979	2.155
7.706	9.308	8.468	4.370	2.970	7.132	0.093	3.678	6.420	11.533	1.829	6.135
1.788	11.178	10.601	0.672	5.578	0.123	2.395	10.166	9.326	10.896	1.321	5.238
15.461	11.765	10.956	2.508	5.646	3.716	3.260	18.275	9.189	10.907	4.137	11.657
2.864	10.834	12.713	1.079	5.131	1.461	0.937	19.519	7.424	10.841	0.676	12.759
15.812	10.642	10.773	4.895	0.790	5.306	1.812	14.914	1.268	10.243	1.672	9.051
15.328	11.661	10.792	3.170	7.914	2.904	0.563	18.509	8.010	11.751	1.721	14.231
5.114	9.370	11.116	2.543	4.337	4.463	1.232	9.498	3.854	14.341	3.742	18.700
4.714	11.538	11.295	0.096	7.804	4.132	0.103	12.133	8.043	10.084	1.407	15.967
3.036	10.937	11.009	4.508	8.991	1.439	1.693	8.327	1.738	10.433	2.824	2.200
15.464	10.715	10.969	0.354	0.064	4.466	3.324	7.411	9.378	11.694	1.676	18.131
6.904	11.686	11.830	3.459	3.407	3.763	4.858	16.208	3.386	9.879	0.482	18.802
14.943	9.535	11.286	1.800	2.988	4.477	2.453	10.180	0.847	11.828	1.758	5.223
15.141	11.208	10.285	3.766	4.417	3.465	2.093	15.735	2.306	9.697	2.083	19.709
11.456	10.724	11.801	4.606	9.785	4.993	1.442	13.240	2.775	10.629	2.865	16.971
9.590	11.637	10.885	2.153	3.436	9.777	4.727	17.062	6.104	10.539	3.762	1.179
11.856	12.646	10.684	4.366	0.455	9.417	1.309	16.652	0.537	11.666	0.665	5.781
16.930	11.844	10.470	0.114	9.409	0.106	1.554	11.375	2.280	9.768	1.177	15.142
18.125	10.886	10.833	2.924	1.881	8.037	1.533	10.365	8.923	11.089	4.316	1.132
14.371	10.980	11.271	2.130	0.025	3.272	4.626	0.500	8.625	11.769	0.155	19.076
17.515	11.170	10.801	4.725	1.618	9.234	1.816	8.945	3.214	11.494	1.148	16.556
11.050	10.219	11.112	3.719	5.159	1.772	4.347	1.091	7.406	11.491	3.498	15.958
2.829	12.633	11.298	4.066	0.586	5.526	2.210	8.575	5.221	11.246	0.941	19.572
4.096	10.421	10.527	3.481	7.289	6.920	0.192	6.754	1.919	11.544	0.006	10.362
10.633	9.786	10.077	0.724	2.617	2.575	0.508	1.280	1.263	12.627	1.564	3.436
0.779	13.011	10.251	4.196	6.872	6.555	4.591	5.359	4.032	10.252	3.635	6.501
4.977	9.445	12.303	4.056	8.623	4.666	1.218	3.656	2.342	9.880	2.961	3.669
15.319	13.326	9.886	1.370	8.798	8.606	0.157	10.637	0.219	13.360	4.152	5.483
10.784	9.972	10.454	1.116	4.895	0.244	2.332	12.796	5.195	10.147	0.243	4.786
17.769	10.825	12.326	1.484	2.668	3.987	3.821	16.814	7.821	11.663	0.516	9.604
12.182	10.864	9.769	1.819	2.730	8.083	4.176	11.663	3.174	11.578	2.190	13.478
11.362	10.333	9.546	1.381	1.626	1.853	1.831	3.642	1.697	12.712	4.235	19.219
18.399	11.171	12.010	4.682	4.334	5.449	0.750	8.549	1.499	12.234	1.961	6.031
4.355	10.387	12.097	1.516	9.904	3.684	3.192	3.887	0.511	11.292	0.688	9.696
14.385	11.094	10.311	0.267	4.360	3.251	3.774	6.574	0.518	10.464	3.014	6.206
18.552	12.022	11.213	3.743	0.512	9.046	4.344	14.721	2.029	11.168	3.827	1.563
5.054	12.807	11.672	0.719	6.433	9.928	4.322	15.787	8.059	11.567	1.987	12.550
3.366	12.735	11.384	1.644	2.636	5.734	4.847	3.622	3.205	11.321	0.012	16.820
9.297	10.169	9.737	1.144	9.401	8.752	1.535	5.409	3.758	9.673	4.639	15.130
10.533	11.497	10.044	1.902	7.324	0.868	1.406	5.601	4.488	12.731	1.715	3.468
4.752	12.241	8.906	4.628	3.501	4.273	2.557	17.601	8.158	11.066	1.131	17.315
12.801	10.942	10.927	2.332	0.501	5.692	0.885	5.273	0.924	10.570	3.060	6.529
18.660	9.605	9.518	3.569	5.326	1.877	2.804	11.182	7.968	12.723	4.987	12.148
1.064	11.715	10.705	3.329	9.250	7.562	2.571	5.306	0.401	10.886	3.746	16.294
8.873	11.058	10.861	2.288	3.134	5.776	3.811	0.816	6.036	11.022	4.344	2.750
13.558	11.698	10.617	3.933	5.367	3.648	2.283	11.083	0.393	13.102	4.223	15.943
9.278	10.151	9.391	1.700	3.982	5.933	3.609	17.479	3.129	10.391	2.794	8.891
15.725	9.490	11.036	1.059	3.101	4.892	3.813	1.378	0.816	11.458	4.401	10.760
15.312	10.346	11.391	0.292	1.159	2.564	3.513	2.557	6.060	11.037	1.872	11.139
16.311	10.069	11.619	3.398	8.165	2.027	1.188	18.668	4.728	10.655	2.961	15.518
17.413	9.640	11.229	1.651	7.044	9.723	4.571	18.030	6.067	10.453	1.190	17.726
11.543	12.779	11.447	0.760	9.635	0.934	3.334	17.486	3.982	9.872	3.791	7.749
14.468	10.139	10.458	2.432	9.406	8.070	0.113	4.305	9.663	11.940	4.959	3.290
6.066	9.169	9.607	2.018	9.648	9.167	3.203	15.649	2.023	9.042	0.639	18.942
12.831	11.053	10.822	1.709	0.913	0.146	2.708	19.128	7.809	13.041	4.995	9.480
7.119	11.631	9.904	4.570	8.081	7.397	1.833	5.613	1.790	11.539	1.156	17.848
13.254	9.576	11.844	2.402	5.339	7.810	2.377	2.048	6.628	9.064	0.569	3.248
14.412	11.318	11.011	4.710	9.652	8.881	2.225	1.564	4.827	8.540	3.760	3.636
11.122	11.668	11.811	4.502	5.231	2.136	0.708	12.664	0.050	11.491	4.351	16.771
6.683	10.024	11.117	0.573	2.468	6.746	0.631	9.067	7.201	9.694	0.637	4.606
7.196	11.324	10.851	4.484	2.745	0.882	2.145	14.816	4.114	10.204	4.627	16.294
2.417	12.043	11.306	3.455	2.783	8.581	1.432	19.227	1.645	10.356	1.706	14.798
4.244	11.787	10.844	0.978	0.416	3.768	2.298	15.679	0.642	11.190	2.187	9.813
16.037	10.975	12.317	0.619	5.577	7.061	1.499	4.256	6.874	12.705	0.347	15.659
14.075	11.884	12.219	3.342	4.431	9.265	1.914	7.387	8.288	9.492	3.768	1.259
5.772	10.050	10.885	1.030	8.746	3.769	0.160	14.763	7.568	11.793	1.329	2.740
11.853	9.849	10.844	3.588	7.853	1.728	3.956	10.156	9.436	12.105	0.020	14.733
13.096	11.292	11.855	1.655	4.489	2.985	1.884	14.736	3.438	10.996	2.504	11.184
15.823	11.780	10.594	1.135	1.034	4.089	1.343	2.731	8.933	9.966	0.628	4.734
19.455	11.443	11.067	0.000	5.286	1.945	2.108	17.122	2.339	10.735	0.123	12.651
8.166	10.953	10.417	3.775	0.347	7.761	2.997	0.753	6.229	12.548	2.916	14.040
18.474	12.772	10.525	4.763	4.687	0.346	1.559	15.385	0.171	13.486	0.328	11.522
9.942	11.405	9.779	2.201	4.895	8.629	4.571	17.108	7.783	11.176	3.693	6.847
10.013	10.279	12.141	0.281	0.784	9.032	4.660	11.813	9.203	10.778	0.270	1.960
2.023	11.734	12.060	4.732	1.379	1.124	1.123	11.592	0.235	13.046	0.108	7.253
