0.048431768	0.05611845	0.449225928	0.378723109	0.754603297
0.126096916	0.171276136	0.196436867	0.021461306	0.773058075
0.128837107	0.052759359	0.293930398	0.274445062	0.619290233
0.043047582	0.056785845	0.400638598	0.274707467	0.890728034
0.17083871	0.224424146	0.15522603	0.037125768	0.716551068
0.105591085	0.245886321	0.267045349	0.175549329	0.751231548
0.138362497	0.047485362	0.478335044	0.39161303	0.911864873
0.081693813	0.140285571	0.116799561	0.151126993	0.805873512
0.075962187	0.401039507	0.272314947	0.072554439	0.820864252
0.060947017	0.197173178	0.504466216	0.279777958	0.795048718
0.069796918	0.109274709	0.244926488	0.24428637	0.851385323
0.092783381	0.338221793	0.327252372	0.218123497	0.856300878
0.085472473	0.192300486	0.294214709	0.069517185	0.740742611
0.077950239	0.211637108	0.442594261	0.366203381	0.770967027
0.046190153	0.294822386	0.552383746	0.092547845	0.801842796
0.090594008	0.216301194	0.293215665	0.143820177	0.7855055
0.129229206	0.0223276	0.208002211	0.493286028	0.823711367
0.091218337	0.13679626	0.165328644	0.402053889	0.8452365
0.070700332	0.30587764	0.248837801	0.22238675	0.795893407
0.090061454	0.188712471	0.43559793	0.013744611	0.908388634
0.119741094	0.201885625	0.168549248	0.074409691	0.693222047
0.122932226	0.222099835	0.093410331	0.036537954	0.91475048
0.059039555	0.303127114	0.19133889	0.232511983	0.775217809
0.115033809	0.284093594	0.299764675	0.057651917	0.71968189
0.056232342	0.044925718	0.543497471	0.371804172	0.750737869
0.133476059	0.105100886	0.054875353	0.328292424	0.806831064
0.131854827	0.286983106	0.114663488	0.328743114	0.771879746
0.175574591	0.328636892	0.274315344	0.426574151	0.818889967
0.137764812	0.113051806	0.320992325	0.366032016	0.773502878
0.02095017	0.124214402	0.223794513	0.450497868	0.759886411
0.139694386	0.252758785	0.363973691	0.262078302	0.853981276
0.116974076	0.185723651	0.515852113	0.012986641	0.777553054
0.130884547	0.402296252	0.353493253	0.064195816	0.794819003
0.028886357	0.176237103	0.275325869	0.271500358	0.771944155
0.051025891	0.134126677	0	0.493656474	0.843322404
0.008011235	0	0.287402657	0.356656933	0.877862396
0.108272354	0.508111684	0.285994513	0.50048348	0.759350603
0.11390285	0.259180158	0.414146701	0.386986015	0.807850696
0.073615821	0.242646827	0.142067909	0.410020581	0.792706839
0.027211377	0.308573403	0.266361389	0.205365567	0.590001458
1.38778E-17	0.473642414	0.327471982	0.188849733	0.682801184
0.095774193	0.438684095	0.405425013	0.10275852	0.880140967
0.069518921	0.18202344	0.173961682	0.431243071	0.733751445
0.167056062	0.03577982	0.388770998	0	0.906965256
0.029962256	0.115499013	0.401928439	0.285901653	0.718510818
0.127413909	0.350690988	0.409087714	0.052660606	0.795032819
0.185682234	0.314413007	0.396352374	0.398974821	1
0.151581529	0.27176979	0.040307989	0.518958595	0.723041589
0.072661313	0.186769144	0.296894555	0.405049531	0.634719047
0.106797559	0.262249623	0.344425449	0.202817639	0.699927404
0.955946269	0.797560262	0.785502142	0.764822324	0.630557698
0.831167589	1	0.891571358	0.749005227	0.111125601
0.658724921	0.935898252	0.900147504	0.834023884	0.256758861
0.517288945	0.798837193	0.820552182	0.829702378	0.314459926
1	0.718944871	0.852504127	0.799993336	0.375542165
0.542841592	0.796894729	0.872331843	0.859837513	0.008471501
0.514964766	0.7467902	0.888679373	0.825413474	0.722383165
0.635114214	0.638647719	0.832454936	0.802143428	0.159294503
0.951560518	0.82825289	0.868198479	0.832410286	0
0.883174937	0.659461362	0.829920118	0.801134025	0.258385451
0.583202948	0.602189697	0.822867847	1	0.116356953
0.120844391	0.758474706	0.887488106	0.752563915	0.085923821
0.584635953	0.659773067	0.761037501	0.780000857	0.351429394
0.763267865	0.730295233	0.849992888	0.846081992	0.701544035
0.323787928	0.787458044	0.897866345	0.859047415	0.695608085
0.967994833	0.654727087	0.781416508	0.949609035	0.734079196
0.217617406	0.692900482	0.753897059	0.796392606	0.352686148
0.477026959	0.787886718	0.826576895	0.812801291	0.758091993
0.568558741	0.73567074	0.813167779	0.864267538	0.525730628
0.166527266	0.558079683	0.877734647	0.817152293	0.188498271
0.342130894	0.651288864	0.835825569	0.790243421	0.444712319
0.806229419	0.756795445	0.769202931	0.755472169	0.469164629
0.908637661	0.573846217	0.807789508	0.787987095	0.067043564
0.346856029	0.633059179	0.937802246	0.868909317	0.165743661
0.550946429	0.717897516	0.772799235	0.787366392	0.611566315
0.870687762	0.850991105	0.821688661	0.83010235	0.272878391
0.264878737	0.833711216	0.741102661	0.873510176	0.540968277
0.787189793	0.6174329	0.784062998	0.862691608	0.083803247
0.225068039	0.708704963	0.809567946	0.7661483	0.716144345
0.968128478	0.650880583	0.869242853	0.82564122	0.766968158
0.620384425	0.580212	0.86605042	0.824874198	0.223731857
0.110093857	0.615986404	0.895333673	0.863439635	0.600045815
0.767230131	0.726923097	0.818347784	0.962692115	0.626452932
0.926424032	0.635460464	0.881605957	0.8480392	0.644381002
0.983786211	0.648386681	0.830949848	0.862392255	0.581588358
0.424550217	0.766572493	0.79718608	0.914991991	0.583325254
0.302484542	0.669658059	0.788632251	0.878086782	0.716650909
0.610598182	0.519704409	0.93781889	0.846303925	0.051442847
0.251748251	0.773922522	0.826316734	0.758990764	0.624411926
0.5211112	0.697060862	0.859423367	0.756836465	0.381755059
0.649101683	0.703782499	0.811109163	0.830286817	0.08357545
0.726483513	0.748537387	0.854888188	0.737635828	0.738388212
0.369719713	0.751351553	0.867963082	0.893801511	0.396848965
0.53386787	0.601263922	0.850995766	0.741914942	0.545993166
0.142265098	0.895255425	0.833574647	0.832520057	0.666956084
0.691598111	0.690882998	0.92771256	0.760554312	0.101191673
0.648290589	0.599985811	0.824735869	0.863945447	0.732741346
0.385526872	0.658954667	0.846763729	0.753610195	0.493497744
0.098884522	0.90420419	1	0.881336415	0.628828193
0.246771643	0.788583427	0.862337396	0.789404865	0.379480945