9.667	6.780	3.036	0.361	0.696	2.153	9.982	9.335
13.161	2.034	1.121	-0.424	-0.699	3.443	14.627	3.068
15.693	6.797	2.046	-3.078	-0.272	3.032	7.331	6.212
12.627	4.301	4.223	-1.103	-0.616	3.534	1.324	6.049
19.583	7.314	2.226	-0.295	0.020	1.168	5.435	6.462
5.636	4.803	0.883	-0.208	-0.127	4.574	11.537	5.852
6.581	5.916	1.699	-0.664	0.160	1.380	10.590	7.385
5.988	3.773	0.273	0.346	0.473	2.718	17.266	3.575
15.861	8.354	4.290	0.892	-0.161	3.084	12.983	2.189
15.786	6.008	2.389	-0.297	-0.037	1.042	18.460	1.153
6.840	9.182	1.453	0.358	-1.209	2.324	15.458	1.616
12.448	4.722	2.134	0.399	1.411	1.092	0.341	8.615
3.599	0.590	0.217	-0.101	1.988	2.211	8.910	8.163
17.348	9.871	2.619	-0.668	-1.505	4.600	5.129	7.339
18.913	5.015	0.365	1.291	-0.682	4.429	1.823	4.391
14.123	8.888	2.540	-0.438	1.267	3.435	19.737	2.741
3.456	0.303	2.131	0.510	0.752	3.901	1.639	6.223
2.070	0.358	0.206	-1.349	-0.571	1.762	7.284	7.202
14.594	4.001	3.645	-0.219	-1.158	3.624	6.701	3.985
4.201	7.197	4.275	-1.156	0.813	2.002	14.037	0.156
17.532	2.308	4.619	0.856	0.129	3.630	2.822	4.053
0.750	2.187	4.635	-0.552	-0.650	4.415	6.621	4.145
14.912	6.657	4.151	-0.038	1.264	2.865	10.257	0.337
1.626	4.669	1.644	-1.019	1.156	2.342	11.954	8.028
3.977	2.666	4.828	-0.021	0.875	0.724	15.268	3.613
18.853	6.372	0.046	0.340	0.870	2.421	5.511	7.020
18.934	3.766	4.272	-2.123	0.602	4.593	2.690	6.691
6.105	5.721	3.653	-0.645	0.346	3.996	15.269	6.494
9.374	1.336	2.559	0.326	0.286	4.853	0.233	5.580
9.596	4.973	0.235	0.079	0.403	2.025	2.999	7.571
17.720	6.510	2.099	0.404	0.111	4.915	16.556	0.608
3.953	9.944	3.617	-0.022	1.669	4.736	5.971	1.164
11.145	8.106	3.860	-1.824	-0.003	1.133	18.327	6.373
18.597	3.510	0.594	1.289	0.844	2.953	11.370	9.145
17.522	6.216	0.272	-0.097	0.075	0.013	16.983	6.172
18.742	0.423	4.693	-0.480	0.327	3.043	11.827	8.626
16.608	6.917	4.962	-0.485	-0.838	4.156	0.588	8.511
14.356	5.841	2.138	0.142	0.570	1.540	2.256	5.604
16.120	4.673	3.755	0.670	0.571	1.834	0.946	6.953
17.800	6.500	1.321	0.101	-0.575	0.365	9.123	2.486
4.935	6.231	2.606	-1.432	-1.941	2.185	10.543	4.652
18.089	9.561	1.702	-0.965	0.033	1.683	5.837	3.623
5.925	9.307	1.346	-0.166	0.617	3.072	11.159	0.079
3.020	8.413	3.113	1.370	0.277	3.881	3.400	8.928
3.520	6.153	4.075	-0.204	-0.521	2.462	14.764	9.926
12.829	7.180	3.402	0.702	-0.552	2.884	16.798	9.361
4.527	1.574	4.112	-0.105	0.627	1.480	8.477	2.746
4.323	2.392	1.705	1.508	1.404	1.759	0.814	6.999
19.716	1.350	2.608	-1.981	0.042	3.786	5.622	1.071
12.843	5.548	4.131	1.698	-0.067	4.592	2.702	0.716
8.397	1.801	2.685	0.662	1.263	4.299	14.947	6.801
15.817	9.673	0.582	-0.266	0.815	1.778	13.852	9.804
18.816	9.443	4.877	1.609	-0.190	4.658	11.516	0.982
1.735	5.798	0.616	-1.243	0.065	2.881	1.937	0.157
17.804	8.959	1.426	0.704	-0.747	2.701	10.380	7.144
16.169	7.941	0.682	-0.679	-0.114	0.310	4.382	1.343
12.877	5.259	3.783	0.806	1.501	4.719	0.681	3.597
6.664	5.000	3.344	0.477	-0.188	1.013	12.976	1.894
7.610	1.542	4.006	0.387	0.932	3.424	4.038	2.728
5.818	7.841	2.522	-1.553	-0.468	0.528	7.375	9.378
18.233	3.435	1.230	0.922	0.791	1.502	8.304	7.565
17.295	5.626	1.565	0.176	0.022	1.722	16.678	1.091
16.984	9.766	4.886	-1.168	0.034	3.487	4.847	7.556
18.045	7.165	2.164	-1.053	0.403	4.627	8.464	7.518
15.633	6.726	3.370	-0.290	1.824	4.053	4.924	2.877
14.868	7.054	3.281	1.621	0.937	1.976	6.822	5.933
7.986	7.516	1.339	0.668	-1.509	4.341	7.930	6.246
15.248	5.519	0.325	5.731	4.603	5.312	5.759	0.006
2.891	0.770	3.955	5.552	7.510	4.116	5.280	6.144
3.461	8.217	2.604	10.621	9.000	5.201	6.512	8.657
16.629	0.595	2.772	3.222	2.811	5.428	6.145	7.387
17.492	4.389	1.854	12.733	4.742	5.938	4.740	4.111
1.938	6.841	0.409	13.640	2.733	5.340	4.096	2.303
6.659	0.397	3.076	10.926	5.108	5.326	4.215	8.141
6.619	2.217	4.667	0.063	5.310	4.873	4.593	3.782
18.024	1.845	2.598	6.767	7.316	5.052	6.122	7.243
5.256	0.337	0.588	7.374	6.621	5.610	6.594	8.200
3.321	5.282	4.326	11.301	5.162	4.697	6.942	2.167
5.025	8.975	4.050	17.130	9.109	4.097	4.259	2.413
1.475	6.120	2.649	3.169	7.093	6.199	5.652	4.413
12.919	9.499	1.830	7.976	3.157	4.914	5.035	7.288
12.662	1.579	0.259	8.488	0.167	4.010	4.512	0.520
11.874	1.186	2.042	3.509	2.970	5.030	4.596	1.084
9.637	2.432	3.350	17.662	6.681	4.700	4.003	2.280
0.237	7.626	2.287	8.505	3.364	4.568	4.740	7.103
3.262	6.166	4.263	10.353	5.090	4.613	4.443	6.682
16.117	7.035	4.720	19.095	9.064	6.082	5.280	9.396
1.527	2.689	2.507	19.030	1.389	6.178	5.276	7.077
19.400	2.184	1.951	10.569	5.495	5.724	4.838	1.022
12.775	5.853	0.399	11.229	5.595	5.162	4.422	6.917
10.878	4.063	2.182	2.388	0.502	7.030	5.191	1.120
17.014	3.149	1.855	16.766	9.159	5.540	4.886	9.782
2.567	7.222	4.242	11.616	6.960	4.184	5.364	1.848
5.988	2.080	0.414	11.969	9.875	4.515	5.087	2.118
12.169	3.832	3.199	2.046	1.429	3.897	4.548	1.279
7.554	1.974	3.378	5.329	3.513	5.983	4.264	9.953
12.251	5.541	1.564	3.810	9.820	4.505	4.612	6.157
5.014	0.130	1.906	19.926	7.778	4.745	4.548	7.889
2.976	8.350	3.117	13.377	3.313	3.333	5.663	6.416
17.247	8.241	1.804	17.927	6.797	6.256	4.134	0.322
2.417	6.941	1.745	17.671	0.331	4.351	3.854	8.526
6.031	2.684	1.217	13.775	2.788	4.406	5.374	6.622
3.356	3.455	4.205	8.008	4.104	3.495	7.936	2.744
9.396	3.198	3.952	13.127	1.694	4.907	5.974	8.412
11.054	0.282	2.129	19.218	2.875	6.539	4.630	7.868
0.562	6.839	4.677	2.413	2.532	4.189	6.585	4.505
9.809	9.159	3.971	9.351	8.279	4.336	4.868	0.518
9.756	5.728	1.823	10.573	0.843	4.412	4.788	0.413
17.457	5.977	1.982	18.747	6.506	4.584	3.651	9.246
4.287	3.591	4.408	12.229	9.986	5.701	4.420	1.355
15.234	2.208	1.609	7.526	5.100	5.166	7.016	2.032
9.062	8.583	0.231	1.841	6.365	4.381	6.829	4.728
11.240	3.509	1.107	4.449	6.891	6.873	4.774	2.441
7.327	5.841	1.920	10.871	8.433	5.498	6.655	3.636
13.441	0.685	4.331	4.384	4.315	5.967	5.274	4.534
14.612	6.958	1.378	1.945	5.370	4.193	4.895	9.036
8.033	1.400	4.364	4.266	9.841	6.578	7.174	7.849
3.462	6.114	0.982	6.350	4.524	5.142	4.808	3.549
10.060	0.037	3.799	8.571	2.724	5.739	3.326	9.434
11.887	0.255	4.475	10.899	9.337	5.450	6.476	4.923
5.400	1.051	3.969	4.948	1.729	5.406	4.275	0.920
2.740	0.009	1.632	17.596	5.196	4.516	4.854	1.219
7.015	2.709	4.872	7.716	8.957	5.479	4.129	8.561
7.892	5.261	2.814	1.130	8.696	3.827	5.912	7.547
3.699	4.441	0.804	7.005	3.739	4.266	5.055	6.951
3.494	1.433	0.575	8.137	9.649	5.049	6.083	7.921
1.280	6.274	4.843	1.397	5.980	5.296	6.273	8.866
0.442	0.777	2.106	19.353	4.679	4.896	5.875	5.136
5.222	7.664	3.549	5.193	2.150	6.319	3.988	7.175
15.293	4.482	3.035	18.643	8.722	4.128	6.191	5.225
12.929	5.862	2.591	12.753	6.027	5.507	6.334	6.958
11.697	9.779	1.819	9.423	7.124	5.662	3.410	0.000
0.481	2.527	0.169	7.580	9.426	5.577	5.199	4.938
18.063	3.378	3.929	16.884	4.885	4.007	5.666	1.396
16.860	-8.206	2.061	0.029	-6.104	0.144	0.498	9.044
10.262	-8.855	1.509	13.947	-5.198	0.727	7.649	4.388
5.166	-6.416	1.942	3.284	-8.316	0.697	12.635	5.242
12.045	-7.461	3.154	1.330	-7.143	2.085	11.713	9.978
8.407	-5.761	3.844	3.440	-7.272	3.289	18.359	0.649
18.931	-6.015	1.860	17.550	-8.796	2.301	8.366	3.391
12.631	-6.969	0.491	13.466	-7.741	2.585	1.739	7.145
19.685	-7.068	3.950	7.628	-7.136	1.618	13.878	0.331
2.192	-8.174	3.400	14.820	-6.408	1.972	5.961	6.905
3.133	-5.891	3.878	19.998	-7.508	1.320	2.764	6.982
18.260	-6.198	3.912	19.810	-7.830	1.950	14.772	9.044
16.496	-5.914	1.584	6.236	-7.634	1.083	11.039	4.198
15.587	-7.863	4.155	4.501	-5.644	1.032	3.437	9.749
16.696	-5.892	3.553	9.196	-7.295	1.851	11.998	8.048
4.901	-7.164	0.755	19.494	-8.403	1.661	5.916	8.252
8.269	-7.829	2.456	1.391	-8.175	4.003	17.778	8.840
7.820	-6.625	2.243	16.648	-8.202	1.657	10.293	7.448
3.828	-7.711	2.560	4.786	-8.286	3.032	1.852	3.444
2.507	-6.411	1.221	17.906	-6.554	0.037	3.258	5.871
2.235	-6.248	3.005	7.404	-5.623	3.812	7.570	5.007
15.307	-6.653	0.933	19.117	-5.968	3.135	14.273	8.105
16.797	-6.011	0.832	11.071	-7.357	0.234	16.669	6.927
19.558	-7.556	4.251	13.491	-6.453	2.381	14.574	8.071
18.844	-5.742	1.102	11.908	-6.547	0.824	18.796	4.311
14.507	-6.479	4.344	7.293	-7.534	1.060	8.112	1.746
10.214	-7.691	4.910	16.443	-6.588	0.375	0.050	6.305
18.424	-5.864	3.933	16.609	-5.911	3.296	10.501	6.439
13.994	-7.811	3.936	9.765	-7.799	2.595	11.526	0.783
4.324	-6.665	4.480	0.403	-6.909	0.879	3.386	8.538
7.077	-8.728	0.865	0.201	-5.826	0.993	3.346	9.119
9.832	-7.373	2.153	14.288	-6.860	1.610	15.338	2.762
10.642	-6.808	2.119	0.624	-8.593	3.204	10.712	2.036
18.849	-7.668	4.827	18.006	-6.931	4.515	19.596	2.407
13.581	-7.364	1.282	6.775	-6.320	3.394	4.547	6.855
13.766	-7.598	4.299	5.598	-6.636	1.765	17.640	7.300
14.479	-6.601	4.786	11.895	-6.323	3.883	19.029	2.301
18.190	-7.838	0.024	2.634	-8.042	4.185	7.533	8.540
2.784	-7.132	1.676	4.978	-6.544	4.419	16.133	1.429
3.943	-5.928	3.704	8.153	-8.074	2.366	10.129	4.338
1.585	-6.929	2.548	19.631	-9.113	4.512	1.563	5.448
16.331	-6.726	0.714	16.482	-7.367	1.820	13.874	5.371
6.874	-5.050	3.826	10.936	-6.957	2.366	14.168	6.683
14.548	-5.737	4.832	19.140	-9.410	3.952	11.831	9.953
7.827	-7.065	4.380	2.745	-6.381	1.590	3.618	5.648
14.196	-7.370	4.353	10.549	-5.999	2.412	16.977	8.810
17.179	-7.091	4.312	18.258	-6.735	0.158	1.168	8.653
16.600	-8.228	1.249	19.813	-3.876	2.720	16.458	2.524
8.444	-8.079	3.828	11.298	-6.687	3.351	16.809	6.552
13.743	-7.065	0.201	13.685	-6.044	2.823	10.140	7.569
12.398	-6.833	3.826	10.181	-6.127	4.573	17.966	9.500
8.466	-7.955	1.881	7.152	-6.618	0.725	8.164	5.812
15.624	-7.711	3.813	2.726	-7.463	0.663	12.160	8.506
14.239	-6.029	3.241	16.357	-7.142	1.598	8.522	2.423
4.269	-6.388	0.083	1.123	-7.036	0.565	8.694	7.093
1.626	-6.726	2.842	15.294	-5.718	4.118	14.697	2.268
13.492	-6.493	4.906	17.810	-7.688	1.876	0.950	9.587
19.233	-8.405	0.685	4.473	-6.625	2.565	10.429	4.007
1.567	-5.825	0.109	5.043	-5.469	2.376	2.776	8.674
7.241	-6.118	3.560	14.490	-7.191	1.014	0.433	1.147
17.489	-5.831	1.880	9.574	-5.889	0.128	15.929	2.758
17.511	-8.032	2.991	2.763	-5.146	1.293	1.731	7.563
7.413	-7.153	4.760	17.642	-6.668	1.741	10.736	1.799
9.889	-6.568	4.702	17.887	-8.034	4.456	7.623	9.043
14.226	-5.580	2.329	3.385	-7.524	4.108	6.033	2.580
19.937	-7.809	4.250	12.349	-6.950	2.486	10.620	1.401
4.644	-6.047	3.845	13.627	-6.719	0.230	9.211	2.857
