0.838419661	0.371454912	0.218635344	0.807326905	0.015649798	0.37683108	0.291598046	0
0.741548666	0.292436873	0.10803634	0.720760592	0.447660069	0.393963972	0.306936398	0.579875098
0.539308528	0.280326934	0.291206997	0.799787702	0.050322803	0.908302078	0.350763721	0.593427872
0.33808816	0.270808903	0.243640957	0.595692582	0.18267005	0.646143974	0.28834013	0.390390186
0.165354804	0.264545964	0.156417822	0.699713996	0.814434568	0.824277275	0.207014867	0.718088757
0.557354485	0.133722673	0.238537833	0.766316764	0.724076331	0.582674049	0.205901109	0.382903616
0.89613882	0.295700659	0.08565644	0.932686625	0.253060252	0.092080733	0.272094009	0.511760939
0.505007491	0.351494776	0.292337846	0.763705466	0.396390549	0.483257781	0.324933083	0.808647614
0.403520078	0.340839252	0.151063506	0.766764787	0.999492032	0.547706072	0.243096906	0.29776846
0.266726524	0.098281814	0.208650747	0.566247696	0.407040861	0.326984212	0.150203827	0.772557472
0.458983387	0.266748136	0.216671075	0.865606844	0.268193688	0.977333969	0.230302323	0.181474217
0.947220619	0.320697457	0.120337472	0.782423014	0.231196	0.262271872	0.375974362	0.272481507
0.209454469	0.229514044	0.074836508	0.846722193	0.047707287	0.401133883	0.288655528	0.439298417
0.998869358	0.139438772	0.110388594	0.899815362	0.050803369	0.790657928	0.307621598	0.823741435
0.618510661	0.239309934	0.182405155	0.686850783	0.309495097	0.579608045	0.334594645	0.513442523
0.012853975	0.3613866	0.118743267	0.794016899	0.521928396	0.627194498	0.27622728	0.499692248
0.909905327	0.366934528	0.192007641	0.828025399	0.137499373	0.87596124	0.457978601	0.837899478
0.392474626	0.314881418	0.196193354	0.778470967	0.356370528	0.189476686	0.337223095	0.480180486
0.754045097	0.204754144	0.138090463	0.79318107	0.559028503	0.23815725	0.224026762	0.802939772
0.467581898	0.278058372	0.138100524	0.723129535	0	0.954258321	0.142590789	0.381120133
0.993518889	0.23353854	0.153075809	0.889542624	0.69839918	0.501112618	0.177705871	0.193588307
0.077366278	0.331357129	0.162287518	0.80110712	0.69209767	0.914919885	0.308947055	0.443394287
0.0803092	0.373731057	0.194262145	0.772511529	0.954226743	0.473198719	0.260829482	0.424237792
0.492279852	0.25563009	0.179425933	0.776649403	0.429439839	0.984943549	0.176609915	0.84750629
0.79866608	0.22532351	0.26046177	0.938689697	0.128915432	0.272531614	0.274276789	0.73796536
0.778234979	0.195055367	0.261821846	0.851971232	0.302040977	0.658936378	0.477368281	0.989516906
0.304441034	0.208237664	0.121349649	0.723817542	0.188566816	0.364972116	0.191567701	0.459840412
0.201587967	0.139430503	0.167777943	0.744417015	0.451822791	0.437270961	0.371519666	0.447177823
0.215718745	0.200522169	0.16617938	0.785976526	0.338448589	0.976802511	0.213364837	0.41311038
0.010361491	0.363734357	0.075069181	0.797114676	0.64443631	0.229113818	0.272655831	0.972558729
0.916480729	0.284767068	0.393542451	0.765298087	0.422736121	0.488756593	0.282232145	0.868063739
0.261345958	0.048691111	0.159981694	0.752330841	0.913637899	0.154763403	0.178039597	0.022674178
0.65697038	0.225512088	0.132630603	0.965608306	0.152146717	0.682437654	0.307944458	0.517986067
0.543919149	0.211590037	0.232772852	0.802112926	0.620693633	0.899225555	0.361170385	0.689563432
0.084558387	0.312202862	0.349124042	0.726505269	0.135202344	0.000403965	0.308614428	0.139229403
0.953138646	0.214071021	0.205435733	0.868028153	0.747639203	0.552322617	0.220687426	0.855595707
0.906342698	0.280510032	0.188946715	0.88100863	0.995866019	0.998192998	0.323701049	0.858715593
0.029638343	0.219762446	0.187912926	0.678329492	0.778915123	0.959724103	0.179384251	0.536634688
0.252424995	0	0.178258675	0.800838085	0.381249384	0.157703474	0.378470372	0.151144573
0.999280325	0.323922026	0.191871316	0.814953845	0.773509004	0.669068362	0.185370717	0.539568574
0.887757618	0.368482944	0.247529684	0.907487375	0.417244034	0.259360983	0.235039542	0.11651934
1	0.416100508	0.195090762	0.8661778	0.43441163	0.817390222	0.271676137	0.335787836
0.876651332	0.098863224	0.148861168	0.897838792	0.094393086	0.934648981	0.218857664	0.197483818
0.685811702	0.42320202	0.271736615	0.714436719	0.454045904	0.829496257	0.170196213	0.379973215
0.641563831	0.450473927	0.24945741	0.72693096	0.158039481	0.707702299	0.255129678	0.894147341
0.471064025	0.348089458	0.143777469	0.848200731	0.193731771	0	0.358195584	0.872143988
0.055380152	0.536303626	0.150278527	0.768904668	0.749797426	0.512130897	0.266684763	0.690193257
0.603469773	0.00577853	0.119363715	1	0.62052195	0.689499549	0.196420777	0.826532653
0.232300047	0.265365058	0.160343175	0.817048854	0.820901441	0.901686592	0.262055547	0.17554167
0.875339042	0.336096698	0.305588899	0.858933513	0.269322498	0.858874862	0.203987413	0.396671058
0.259646855	0.29747844	0.178231545	0.840352033	0.492624639	0.641799428	0.208255889	0.193926766
0.867997855	0.215106347	0.14299333	0.822689681	0.376356193	0.626200203	0.235858016	0.459085999
0.384314838	0.37006112	0.277186192	0.882898037	0.457678562	0.991470218	0.463615299	0.489022281
0.105116947	0.221333439	0.343788334	0.757594679	0.878948669	0.988387622	0.173522565	0.66973685
0.992103961	0.434470366	0.111677537	0.670669427	0.220276429	0.305980432	0.330145998	0.919430422
0.769849048	0.340611718	0.277521662	0.866248326	0.12210936	0.320710323	0.267690147	0.811215193
0.769808697	0.220334011	0.301804818	0.839241019	0.771396034	0.959989134	0.411979476	0.935540453
0.710485688	0.258785739	0.132764809	0.805492405	0.350804818	0.580061773	0.398268701	0.060848992
0.640376234	0.314022656	0.161724252	0.748228843	0.785749927	0.340838201	0.240872753	0.200446422
0	0.369727546	0.325560966	0.671763218	0.963162524	0.81152458	0.475834293	0.169819947
0.156419883	0.196256595	0.078950024	0.778109045	0.062515595	0.54421922	0.251209906	0.14804836
0.010654925	0.213019215	0.262342788	0.897579987	0.201561836	0.683367176	0.260223971	0.43524966
0.62060383	0.208705993	0.065353246	0.867496522	0.33363091	0.163602743	0.378189977	0.48144463
0.384983647	0.341957077	0.358458049	0.727347949	0.286735223	0.557111704	0.10034349	0.636427043
0.645008663	0.215170219	0.304235338	0.663225039	0.22696017	0.562404732	0.480674003	0.984239072
0.056657684	0.250943197	0.119051045	0.774977476	0.403811399	0.203919817	0.471892517	0.176179173
0.90272472	0.176927054	0.161560179	0.830344723	0.284285615	0.156975686	0.327825804	0.706388609
0.262755719	0.225260184	0.212716733	0.852554993	0.693841269	0.333532284	0.165903763	0.844889955
0.60441573	0.27047883	0.113207876	0.796760898	0.751820765	0.064097519	0.262454878	0.202301099
0.800111272	0.408365788	0.325179483	0.833748204	0.218866484	0.760491716	0.299679613	0.646952511
0.805885591	0.31912682	0.022823317	0.830847123	0.409001309	0.789100957	0.339578612	0.014822821
0.051855917	0.391911261	0.218769382	0.678211353	0.649060112	0.84700042	0.301947298	0.680101693
0.859211568	0.397483122	0.089998356	0.936053253	0.742947488	0.995528553	0.285442679	0.395752809
0.37524989	0.429117613	0.212113871	0.803791604	0.506897417	0.037106827	0	0.577620851
0.973838972	0.298995552	0.238289223	0.898985365	0.132307776	0.604967492	0.261151148	0.719981017
0.254289768	0.248891535	0.264831248	0.755426611	0.830701464	0.151661807	0.289227016	0.907984436
0.782405929	0.131059664	0.129972002	0.795664188	0.246267778	0.827033452	0.325154707	0.27600217
0.719121358	0.295232776	0.161431005	0.830541851	0.122932888	0.773236587	0.221420337	0.252554169
0.304839223	0.272700583	0.091921482	0.704267656	0.589426532	0.597519887	0.23775099	0.073874437
0.325986664	0.330670594	0.110048511	0.872057517	0.61338127	0.134684045	0.294176323	0.488491919
0.573211323	0.260055957	0.161479483	0.741869837	0.885150108	0.989614318	0.198075208	1
0.680211747	0.250799502	0.240991634	0.79225115	0.694402654	0.207667628	0.316289417	0.103730947
0.347436197	0.347250025	0.216670081	0.830954876	0.27393076	0.470393401	0.170962346	0.45348101
0.934751546	0.275703368	0.280862532	0.903462789	0.618076858	0.575159069	0.328263742	0.57572304
0.446049497	0.169762046	0.260552886	0.831572673	0.521838356	0.353328699	0.308239843	0.28811964
0.080192662	0.201824889	0.17638046	0.902428945	0.859537245	0.276826537	0.294551872	0.668757542
0.623583417	0.253177093	0.235446835	0.719760653	0.720624719	0.203809178	0.276637609	0.052404972
0.386764879	0.339868211	0.26285227	0.785905842	0.995009285	0.906891321	0.175350582	0.593354088
0.081590015	0.172197682	0.177256	0.752714735	0.787042169	0.906217291	0.235707061	0.090117363
0.35618042	0.223708043	0.182300466	0.851535634	0.656736974	0.826321239	0.238653304	0.805693601
0.234017945	0.140272148	0.144800249	0.804867728	0.06973991	0.170235358	0.168037766	0.509327815
0.531042153	0.392791091	0.322940102	0.815596757	0.783754642	0.977825225	0.216773767	0.279041343
0.662017362	0.322342331	0.192101693	0.798491099	0.237000937	0.74004025	0.428248292	0.541897322
0.933524736	0.25018537	0.223681161	0.822726442	0.080379269	0.394369973	0.219955925	0.449471131
0.94953324	0.039019033	0.223082284	0.844603355	0.273559603	1	0.338230007	0.275878615
0.857697272	0.229997016	0	0.653582234	0.697426117	0.896323245	0.163215644	0.984762957
0.348797778	0.154225117	0.206676146	0.692229699	0.746897927	0.895232528	0.338094202	0.783353436
0.229501177	0.335780572	0.133700821	0.813164145	0.769808741	0.814293773	0.354771408	0.084597265
0.288709734	0.238355286	0.141104115	0.853609139	0.547814886	0.405760657	0.302611698	0.388622661
0.230663328	0.235738447	0.169125438	0.862584287	0.157748306	0.771064381	0.276257244	0.652328763
0.132937435	0.748729897	0.581215023	0.229574688	0.453290529	0.616281486	0.708204865	0.52367855
0.922680133	0.798953541	0.717730243	0.686644793	0.128397238	0.487486327	0.825795776	0.52111545
0.316151253	0.85398403	0.261659957	0.126028637	0.960791648	0.497978832	0.69564548	0.468645945
0.265245806	0.572602844	0.26636545	0.173634364	0.995025897	0.421465938	0.695505242	0.526757162
0.665113241	0.772308533	0.438454337	0.692833445	0.582057876	0.632941229	0.78448458	0.42950461
0.179208711	0.612655141	0.876995814	0.244837601	0.449165132	0.514063942	0.707091031	0.559357994
0.401836793	0.955519996	0.813414552	0.425561966	0.260246442	0.53174659	0.586037374	0.61616901
0.40006375	0.925787261	0.810234377	0.615529563	0.290116312	0.537718973	0.792963264	0.497722124
0.039094794	0.881857998	0.890242378	0.712365341	0.61551085	0.571444306	0.693111269	0.625076169
0.60280602	0.857343762	0.533401585	0.242608809	0.745903684	0.506909839	0.761303543	0.54102333
0.463539701	0.671179138	0.890479659	0.752729365	0.162940374	0.297715653	0.698619935	0.463882461
0.205780117	0.70423037	0.387103605	0.452950049	0.527852746	0.472436548	0.551385993	0.59313766
0.486102723	0.825240817	0.971850718	0.148721109	0.433276416	0.505143981	0.667887944	0.535143423
0.854662948	0.758971039	0.281149459	0.52381289	0.533489754	0.468999532	0.617354288	0.598998073
0.211161308	0.990554935	0.477389372	0.063963226	0.83364733	0.442354947	0.836405	0.519101055
0.74317353	0.802082403	0.274061046	0.239209515	0.528896414	0.43271388	0.832398163	0.430186968
0.645903782	0.747898602	1	0.219637845	0.153724053	0.701089897	0.700393378	0.583290828
0.799571702	0.833201899	0.519962788	0.660257571	0.093896297	0.565274344	0.650533569	0.379223523
0.279855481	0.850954385	0.5254736	0.249266154	0.218460934	0.532308344	0.783615187	0.331815391
0.146974599	0.607694026	0.263374301	0.213930621	0.201045286	0.392838012	0.725291738	0.445947901
0.673271979	0.669394719	0.868905471	0.224095646	0.576312902	0.564840321	0.692741996	0.410368307
0.172894961	0.756403997	0.381634806	0.695313328	0.686859589	0.610100677	0.775032485	0.298032447
0.895247696	0.610877979	0.717250292	0.494425715	0.717385938	0.325188724	0.749824262	0.470157529
0.549090941	0.788003816	0.572442315	0.064307494	0.857334639	0.357446242	0.712751921	0.321221331
0.47521512	0.769047292	0.205733774	0.426001387	0.083963307	0.384048964	0.558042275	0.740142443
0.834506471	0.897543611	0.289293069	0.118758705	0.368853086	0.528420253	0.563286516	0.63437269
0.175747483	0.85312258	0.873590688	0.65194971	0.825246248	0.47300729	0.679339743	0.547864237
0.082922917	0.857792467	0.334260123	0	0.317659723	0.410465565	0.685024515	0.475011774
0.212017365	0.819243398	0.872667007	0.686365059	0.417426976	0.460682448	0.67700963	0.530798747
0.569883459	0.864713403	0.741932114	0.628334226	0.099524218	0.571546746	0.687642318	0.471795866
0.215780035	0.812495946	0.398898172	0.028663387	0.215851921	0.347630991	0.710919844	0.509772255
0.909750487	0.722580941	0.416572677	0.70516916	0.833189726	0.334746901	0.815765766	0.463279353
0.76460669	0.673961298	0.833590861	0.716295005	0.704121442	0.386080935	0.835972042	0.51966011
0.47325967	0.705808596	0.75679402	0.128111547	0.59437868	0.633560561	0.657639813	0.502160984
0.409615042	0.869866507	0.753484202	0.406585592	0.765191438	0.444923809	0.742682528	0.395285863
0.988790447	0.751972538	0.548238566	0.376962026	0.275127733	0.358760722	0.763920076	0.598844579
0.83459907	0.781216266	0.550188929	0.059310356	0.079568332	0.536283912	0.62556869	0.463061258
0.910177525	0.835779227	0.66596105	0.629844443	0.725067266	0.610369575	0.700667655	0.446872414
0.0141148	0.820928618	0.310738595	0.719402339	0.533708603	0.381102676	0.760592583	0.364389791
0.966912587	0.764953383	0.702984681	0.0042932	0.896587065	0.752071416	0.716277969	0.600559386
0.853583093	0.506911656	0.494301135	0.653535195	0.827257869	0.398283591	0.898384097	0.743252731
0.552996595	0.757183896	0.396293957	0.71743361	1	0.528372812	0.791308124	0.418159512
0.889539545	0.690169457	0.496910791	0.554674114	0.537487595	0.357522119	0.686234963	0.315756057
0.417161607	0.602535554	0.738432338	0.376557248	0.640924337	0.452933913	0.764496866	0.717793026
0.128049443	0.699205561	0.446894362	0.695096843	0.732192559	0.471152753	0.760203952	0.54943058
0.84028692	0.692729165	0.352610062	0.596813895	0.82073262	0.459246727	0.828657299	0.523782371
0.394681638	0.848398926	0.474909844	0.175161605	0.262197118	0.690086436	0.733451337	0.48997937
0.994412359	0.699669902	0.999528086	0.028182521	0.029661474	0.449250736	0.736685655	0.59426768
0.030466813	0.75268042	0.969456538	0.145401449	0.069339307	0.417753091	0.412398408	0.65936581
0.240118862	0.679233693	0.687373736	0.180834251	0.691302612	0.500443248	0.807651159	0.441817713
0.318122304	0.712728823	0.786910137	0.647572197	0.217986111	0.561306221	0.808327732	0.415361804
0.068925969	0.684980028	0.46665102	0.745605931	0.106890619	0.564700761	0.755373381	0.423309992
0.699850908	0.67551356	0.612950359	0.711435012	0.161402911	0.561490612	0.693679509	0.712293104
0.932250069	0.750703926	0.415645389	0.642423435	0.231512958	0.528898713	0.647817364	0.45980072
0.305975544	0.868440208	0.520069498	0.543286353	0.408278988	0.608833562	0.670036859	0.402246016
0.393456587	0.837937206	0.796399969	0.129508613	0.575802747	0.386642926	0.71915926	0.346483731
0.073888958	0.776028146	0.874859099	0.642111091	0.633657532	0.4857665	0.75487175	0.459068178
0.719400708	0.808969883	0.996546555	0.405741655	0.863765115	0.687809594	0.881091954	0.627213006
0.068409544	0.798542141	0.876733378	0.489731283	0.277252002	0.649087159	0.874843354	0.563748996
0.103419907	0.907320428	0.846605166	0.680438887	0.183197139	0.335168211	0.643542339	0.630537571
0.004783501	0.728236616	0.842713612	0.278720102	0.41521681	0.577563051	0.530098851	0.615941631
0.966545254	0.79747986	0.342125865	0.314632585	0.729674969	0.417814294	0.723899981	0.718535056
0.018555732	0.699831172	0.373356796	0.287943751	0.903672976	0.365182461	0.643207189	0.485462895
0.113416413	0.719881934	0.847089401	0.527171082	0.722631496	0.46077942	0.756787316	0.588867922
0.950202751	0.697846206	0.910782978	0.584711516	0.509125708	0.395668649	0.800836768	0.619229629
0.845846445	0.585731232	0.251840103	0.222181324	0.04692022	0.509868409	0.785386198	0.596974787
0.318463667	0.800103067	0.355220698	0.269542391	0.271984333	0.25086103	0.698113763	0.517527227
0.343681844	0.605395545	0.58959314	0.658335367	0.527773411	0.541655816	0.711659583	0.318445108
0.856976496	0.733685704	0.576466543	0.465798999	0.875484872	0.487670222	0.840576417	0.511284064
0.945412187	0.895704907	0.354954343	0.30040118	0.790207179	0.659151416	0.782456958	0.497015261
0.332696348	0.691724746	0.741695893	0.150166738	0.375625772	0.596481368	1	0.502768831
0.782624191	0.68050531	0.593981136	0.280017712	0.946724069	0.434319149	0.751766636	0.578860879
0.96476575	0.673193322	0.433833859	0.4671662	0.456012719	0.544790942	0.810083956	0.56097023
0.552502971	0.913439922	0.797258379	0.657280219	0.055898229	0.657026071	0.624513743	0.582862759
0.477859123	0.69861	0.793614772	0.118979982	0.139854001	0.523750036	0.657342001	0.549722919
0.954625551	0.804815906	0.732991309	0.189639392	0.047144276	0.528952173	0.738903859	0.424680347
0.387264465	0.69195659	0.593512767	0.488731552	0.084817585	0.27802347	0.844359115	0.429596589
0.365318484	0.952926706	0.449460963	0.190905003	0.431524213	0.518743003	0.690504533	0.581549067
0.923758675	0.609644189	0.357726137	0.402412556	0.287078196	0.578186874	0.657558616	0.445310495
0.341972735	0.833672746	0.204053217	0.591387541	0.366006088	0.367147564	0.782894763	0.385951314
0.411979095	1	0.537665234	0.014904053	0.650690426	0.59493784	0.654642232	0.574809463
0.221378505	0.854292489	0.743713942	0.319989357	0.323956742	0.601827439	0.782506186	0.438226434
0.741394324	0.900286351	0.69950275	0.099922993	0.94278999	0.569610196	0.743579395	0.309195728
0.665952029	0.638305854	0.691984248	0.458255791	0.781332168	0.605790285	0.738413012	0.437378711
0.076139836	0.781332458	0.730191273	0.588049165	0.408354106	0.485379548	0.648627821	0.315352142
0.301754353	0.790435977	0.563914171	0.587669465	0.977915193	0.679231854	0.783231572	0.495424379
0.878234927	0.77695637	0.759582752	0.461332788	0.735543828	0.559380786	0.725406946	0.666329403
0.960498313	0.816452114	0.586824005	0.434544665	0.39122483	0.47720712	0.57689999	0.592470197
0.882563759	0.910761008	0.644030227	0.056473433	0.789645308	0.554555186	0.88871902	0.551168219
0.975803078	0.784704635	0.472648142	0.208195045	0.380224986	0.330730245	0.803373982	0.423775326
0.176657048	0.628058938	0.674380775	0.694585433	0.037457176	0.367299727	0.753727695	0.336539348
0.005440052	0.706629801	0.953837506	0.077375168	0.557493114	0.428423286	0.861448329	0.546485564
0.450642715	0.637504389	0.529739645	0.186858391	0.962920556	0.398657995	0.862111664	0.567864244
0.464004678	0.888190998	0.505124152	0.393705662	0.026415849	0.303243734	0.84027085	0.578887524
0.945982205	0.718967576	0.734856557	0.441929146	0.918144602	0.492203958	0.800379333	0.431913311
0.004373863	0.831790023	0.5168323	0.644328745	0.785930836	0.54411108	0.743407687	0.572665365
0.66158068	0.818235168	0.244135939	0.517981433	0.457808425	0.421642278	0.599802787	0.351142116
0.657109735	0.407892239	0.380977648	0.235048156	0.46114636	0.451328635	0.757620764	0.419595977
0.653189632	0.780088615	0.584261813	0.24224523	0.626943334	0.614382102	0.78433786	0.705773273
0.816869913	0.875344011	0.847053335	0.014164378	0.241377392	0.289429081	0.752644683	0.458551204