0.214733745	0.439252229	0.18074029	0.53812928	0.334341309	0.525901573
0.481665234	0.335833376	0.020597987	0.518448248	0.401045175	0.538825793
0.184062662	0.437909935	0.09318723	0.534863026	0.340907172	0.494246737
0.155034219	0.419881345	0.252673798	0.531636166	0.514264192	0.417641057
0.036151945	0.477389131	0.116141622	0.513057147	0.375425167	0.88264564
0.089829668	0.401374437	0.356436339	0.527248583	0.440454913	0.71120026
0.324833938	0.398624956	0.150873575	0.540177375	0.236692482	0.574084713
0.414904277	0.450403078	0.261650512	0.454668892	0.37064557	0.687252128
0.006994381	0.466450231	0.247935826	0.465728058	0.243192427	0.886042615
0.612977316	0.481159044	0.231531534	0.397769587	0.483064113	0.476419586
0.64414424	0.413972597	0.411703202	0.587547933	0.359526216	0.608977443
0.670398702	0.35138969	0.165481329	0.469161144	0.290249672	0.660637898
0.33434509	0.443815647	0.080500499	0.426985912	0.412596492	0.870405955
0.0124291	0.418344115	0.279699844	0.533728801	0.207865048	0.768775788
0.60072936	0.336956827	0.080718989	0.464603504	0.35097636	0.998284382
0.232828732	0.419368178	0.153623558	0.540160434	0.506344696	0.364489217
0.681289545	0.357220679	0.063149905	0.56330173	0.422477576	0.469099028
0.042673335	0.473972056	0.249920844	0.513700241	0.480604811	0.938188392
0.008760965	0.417652387	0.38440824	0.446676476	0.681047022	0.978354479
0.049844814	0.425021483	0.300059126	0.467575886	0.269986601	0.388562734
0.445697222	0.36264866	0.331814978	0.547460137	0.178514528	0.358730309
0.375647935	0.41836036	0.220945496	0.493279135	0.528836471	0.722943399
0.331173957	0.441608054	0.146720294	0.458438029	0.601449701	0.788901581
0.495213597	0.445163886	0.1910772	0.486099633	0.350283936	0.767199413
0.309650068	0.474187782	0.416001938	0.537070531	0.317675278	0.395353315
0.200833774	0.444790326	0.419166504	0.589333075	0.513689451	0.878207375
0.11790024	0.437494018	0.401879511	0.432980152	0.293248405	0.904068579
0.344998621	0.450451428	0.128974865	0.492670617	0.250557286	0.757069392
0.181181661	0.419336592	0.278069642	0.458724768	0.667068414	0.561421925
0.511616316	0.482821787	0.131605308	0.577830414	0.388212395	0.780239148
0.235478272	0.478486799	0.200698826	0.526905361	0.330397369	0.376812141
0.393979816	0.460500421	0.198916249	0.448935855	0.269364425	0.912240651
0.26120827	0.40907756	0.322611481	0.537641336	0.264110537	0.390166707
0.01974479	0.402791972	0.291291856	0.560192826	0.262117245	0.48202426
0.517432908	0.432595702	0.007979642	0.543655371	0.402161203	0.887998804
0.130170622	0.438059285	0.22058741	0.529453438	0.488021075	0.995123821
0.595820756	0.316995693	0.152938069	0.400825591	0.315202142	0.443319978
0.337557711	0.471476023	0.196056017	0.441687654	0.318476986	0.664392081
0.641990004	0.378562206	0.132940372	0.499134172	0.430875431	0.439083446
0.573061692	0.428991578	0.419500825	0.497948511	0.611554212	0.405327258
0.314849011	0.419162855	0.06416279	0.520879635	0.23095058	0.967338102
0.111764178	0.375498795	0.330399033	0.52338327	0.395921528	0.987038465
0.01594262	0.424721311	0.20396786	0.447093982	0.448216919	0.753618265
0.551189185	0.397725437	0.348409206	0.352422404	0.135527096	0.780306722
0.639208849	0.367315074	0.109123717	0.543064777	0.550734476	0.872296531
0.598849016	0.463127419	0.217447457	0.592141661	0.36453794	0.394121907
0.362355666	0.433678069	0.238805098	0.577994247	0.154102548	0.894567852
0.005968666	0.290257008	0.073061358	0.499669151	0.398315142	0.561511813
0.112357431	0.412498874	0.13748711	0.488507215	0.466561057	0.56942906
0.482564795	0.51436396	0.043899936	0.478763273	0.423708574	0.346531833
0.564106929	0.47622597	0.052584785	0.463243779	0.515580798	0.939374394
0.237683092	0.343326395	0.071499836	0.490527417	0.305540714	0.880095576
0.272836969	0.452407925	0.308265776	0.425089105	0.390952746	0.710148741
0.353538319	0.50020085	0.1685256	0.525315667	0.608372953	0.903019081
0.353755391	0.390307174	0.422846325	0.453782207	0.341223753	0.899574998
0.028903635	0.526844981	0.307706354	0.519353385	0.518223305	0.568146819
0.328983268	0.497577313	0.406376917	0.575340779	0.558490103	0.931467053
0.553086351	0.350616631	0.026341112	0.52948578	0.31588178	0.34971918
0.670917736	0.47097093	0.315979796	0.411138178	0.113889465	0.378714085
0.58901518	0.355759704	0.187539124	0.469456453	0.618919425	0.963090834
0.245748725	0.418327418	0.006632731	0.508451429	0.558294671	0.537486927
0.432473415	0.380480947	0.134245974	0.488067316	0.012373622	0.405191825
0.236613592	0.446922798	0.121838034	0.453220247	0.246862152	0.427702128
0.05116736	0.413247932	0.007803514	0.479988432	0.429861124	0.780332412
0.695733432	0.499206528	0.157570847	0.536000754	0.23556064	0.408740241
0.612095351	0.392029918	0.420117981	0.567663045	0.36082903	0.892578742
0.58479548	0.330441942	0.058248277	0.505178946	0.477405306	0.662660141
0.16889381	0.394294218	0.264371296	0.564403383	0.344724867	0.826224818
0.344986892	0.492401452	0.04785596	0.494795063	0.47548222	0.590896669
0.027562817	0.370035137	0.369474785	0.467268151	0.301895031	0.873948106
0.456174897	0.434168443	0.071289948	0.445111449	0.192882971	0.641795536
0.545095128	0.454248834	0.179025168	0.440882088	0.226295855	0.780083466
0.034348065	0.449293368	0.229793159	0.454366989	0.362495716	0.794949108
0.515419271	0.416990485	0.120394593	0.435892162	0.481845976	0.393572604
0.033970501	0.46943912	0.183973002	0.516280301	0.307107813	0.859727222
0.46827349	0.414984822	0.265566716	0.423198633	0.238595829	0.365865161
0.520088383	0.419647847	0.14407926	0.494660635	0.38484567	0.92238005
0.343541025	0.418639473	0.14742955	0.400219136	0.482729542	0.594298373
0.229183118	0.52700671	0.086596609	0.556869629	0.390255563	0.504768676
0.129945085	0.455282225	0.376144998	0.498871726	0.561095013	0.398679185
0.46653587	0.394410984	0.180204296	0.422085569	0.187822708	0.905433358
0.088189868	0.467700342	0.101497588	0.546845431	0.418182689	0.478112193
0.082607293	0.345239967	0.363403801	0.573767656	0.35088925	0.604225977
0.124192499	0.436594342	0.035860183	0.485201951	0.262874637	0.489949322
0.373598922	0.423812861	0.082867963	0.515371937	0.385778126	0.645260561
0.662645724	0.413724537	0.261592873	0.51217935	0.445882593	0.369523048
0.065407224	0.389838153	0.12570138	0.552081178	0.439879375	0.45075277
0.452827164	0.46262158	0.363674092	0.472565165	0.308488201	0.92613857
0.289348257	0.477602628	0.351728221	0.519183761	0.238147647	0.611539036
0.482070788	0.376735202	0.174079408	0.468622898	0.391788047	0.373085417
0.388477168	0.359737325	0.183173542	0.51939471	0.479260078	0.359934867
0.506693872	0.351446422	0.112309588	0.44675624	0.233244743	0.788893777
0.042043946	0.400088542	0.405094423	0.53012324	0.292758848	0.922018414
0.325758353	0.428049357	0.107257516	0.640528265	0.449093212	0.507083462
0.501047976	0.47517076	0	0.528207589	0.27612146	0.730902023
0.15712941	0.44747221	0.047710329	0.571060159	0.258686067	0.706584089
0.38285697	0.426846224	0.178734113	0.49033094	0.276545582	0.733860536
0.520965291	0.491850037	0.053690533	0.560315108	0.404817596	0.713838128
0.291004722	0.356743194	0.390672708	0.533749241	0.30466209	0.804998427
0.448261721	0.427423127	0.053433109	0.494149941	0.406937012	0.710715591
0.503252903	0.464126242	0.022926367	0.564519605	0.133822993	0.522020792
0.3349731	0.408312483	0.325319837	0.537487859	0.417218966	0.988583143
0.15099207	0.512934973	0.167258759	0.529841804	0.285632925	0.398351839
0.559271932	0.430131499	0.239794944	0.494001245	0.442357336	0.573223021
0.365381524	0.388952726	0.050837055	0.583919	0.246961031	0.860626181
0.204047746	0.402916728	0.323597379	0.585658077	0.313162117	0.623648338
0.090581848	0.448974464	0.390198679	0.475887853	0.29302016	0.539020032
0.352628351	0.385823218	0.18793571	0.499294136	0.195030148	0.527088264
0.605493227	0.373278787	0.009467461	0.528740719	0.155112456	0.619706691
0.466784877	0.429581005	0.051160265	0.49063404	0.515744371	0.342408316
0.143873388	0.374538039	0.233211032	0.534346273	0.4215934	0.971996834
0.389916847	0.392099146	0.15808496	0.519182837	0.381989061	0.691963985
0.114926443	0.419946814	0.279378212	0.5082692	0.4285705	0.663903255
0.088170975	0.4529318	0.227172928	0.533581376	0.426599334	0.58039621
0.440695945	0.4202832	0.111638568	0.437221214	0.382518401	0.978688372
0.547660911	0.483533031	0.200583736	0.516756817	0.272595528	0.425808778
0.109587812	0.516849282	0.262552542	0.525457828	0.398293142	0.558171126
0.357811591	0.39204929	0.237753326	0.463581427	0.540503746	0.426784289
0.470350748	0.426780763	0.088867906	0.547660109	0.15888405	0.470002063
0.101164655	0.447833453	0.121312042	0.59918061	0.491941457	0.82093048
0.50059063	0.493839453	0.368177404	0.497860863	0.408241043	0.690506016
0.350864961	0.387967807	0.007217498	0.49369191	0.326559402	0.986845502
0.049573069	0.440741886	0.209138413	0.481902847	0.196282828	0.84797349
0.244794786	0.363786469	0.266350396	0.557010005	0.3539514	0.781834211
0.274744176	0.348740838	0.060354368	0.45732227	0.298159205	0.613785359
0.087159473	0.407540635	0.188379991	0.54395346	0.575636027	0.359961041
0.361285774	0.436857072	0.306277757	0.511899983	0.152703656	0.627832087
0.006667678	0.45958935	0.322554458	0.568896615	0.301876381	0.459185789
0.402135145	0.358783912	0.303403998	0.464867452	0.574302441	0.737175371
0.381025695	0.41392541	0.420554397	0.564988311	0.30877174	0.343413206
0.363462461	0.434365996	0.236344262	0.447580539	0.294037535	0.824186239
0.188711479	0.361677209	0.40978397	0.505836522	0.376913469	0.948621386
0.386139406	0.421969528	0.263619361	0.369873237	0.246653104	0.358091548
0.01098433	0.383417277	0.387987332	0.509447505	0.444386595	0.593712528
0.539749722	0.417118213	0.317920547	0.454314062	0.397983756	0.400848878
0.038668244	0.424721247	0.025411116	0.471860586	0.248609466	0.86653495
0.423078706	0.414335439	0.040816353	0.514504771	0.252945377	0.866520049
0.412298877	0.490355875	0.04228172	0.566502484	0.257828102	0.656343544
0.565244259	0.38205805	0.006789695	0.473429986	0.194559359	0.81189484
0.332325829	0.376293373	0.288505411	0.509139163	0.348881118	0.401280281
0.015840935	0.386534326	0.266695944	0.510634113	0.305542885	0.568577531
0.654610747	0.474295765	0.25963555	0.53289657	0.305699556	0.536811394
0.269946344	0.37886152	0.107353758	0.4978439	0.516671569	0.64124527
0.435103598	0.460730681	0.136062981	0.486270999	0.303900451	0.792664972
0.38769224	0.361207358	0.233992148	0.502228496	0.213758746	0.81175807
0.294880755	0.433736036	0.040048266	0.480425867	0.52637555	0.873397565
0.166295018	0.44179708	0.311962882	0.535893266	0.571843533	0.904087844
0.289743549	0.415918095	0.373304267	0.456663747	0.51235692	0.623640134
0.461394614	0.404840163	0.348512085	0.525426184	0.193175533	0.793893332
0.227480215	0.444598969	0.300588053	0.430832463	0.335963966	0.912573527
0.598023613	0.368551462	0.098617573	0.492787553	0.39441461	0.778837939
0.684750119	0.441075784	0.399857733	0.492465374	0.162051789	0.661476441
0.544180828	0.437927504	0.390187307	0.532743165	0.211238565	0.550026055
0.159481683	0.439696255	0.288190182	0.531212685	0.337270262	0.924962488
0.531405749	0.384546172	0.138823526	0.505489541	0.318049294	0.959995697
0.417075242	0.413905103	0.111100308	0.573357153	0.295998165	0.603986645
0.23228993	0.428999324	0.211563637	0.539522552	0.393934196	0.742963036
0.330658343	0.400545865	0.113313299	0.457871695	0.42398941	0.467681501
0.350732255	0.484865217	0.074005257	0.518332963	0.081773023	0.399977924
0.430575024	0.436744418	0.228549554	0.425553716	0.177168644	0.542891961
0.445035754	0.388592674	0.176675744	0.501633072	0.343315969	0.964630936
0.210353078	0.418018733	0.037702427	0.563070484	0.570368778	0.546455758
0.097431122	0.357183375	0.101360997	0.44842844	0.329594391	0.491931061
0.151992931	0.358127595	0.305895859	0.481449617	0.460133579	0.671498187
0.508605189	0.418339276	0.361292338	0.419634352	0.381817954	0.384843406
0.158044355	0.414831918	0.133195138	0.422762169	0.446038033	0.416062026
0.296378299	0.394757495	0.344079698	0.537689026	0.443819683	0.693214249
0.045750501	0.428276377	0.081134918	0.550188164	0.286603978	0.614084402
0.028198553	0.440707786	0.408105837	0.484814996	0.08026206	0.514250469
0.340327723	0.294566831	0.400894516	0.45588758	0.41409362	0.739229799
0.125711555	0.403175523	0.211924254	0.515517631	0.351291403	0.999119075
0.618704874	0.429728537	0.064897558	0.318326443	0.340795632	0.690258903
0.059179115	0.437030509	0.395261999	0.602020598	0.392352647	0.810616812
0.286331597	0.41840698	0.335695877	0.460838617	0.398854616	0.48043403
0.414543063	0.367993644	0.054880483	0.523747375	0.252215083	0.799747842
0.210406859	0.40876143	0.17762549	0.489157659	0.304600611	0.598270063
0.683846059	0.424113866	0.255895781	0.436173788	0.249708123	0.452488862
0.68102612	0.414319427	0.070929588	0.551811097	0.550400499	0.674212265
0.123562513	0.447065953	0.282593356	0.447945724	0.074543315	0.977876099
0.568109806	0.345493869	0.055807056	0.490827971	0.347611896	0.809741017
0.600652565	0.437476998	0.29074532	0.511292956	0.334337203	0.371472364
0.017483253	0.365994032	0.377818674	0.537220107	0.49952939	0.581346367
0.28611649	0.424168363	0.394151918	0.480246587	0.3805945	0.510590876
0.348157202	0.449375867	0.162346882	0.575566966	0.366403886	0.442877641
0.009807239	0.405039418	0.151408555	0.566681865	0.652097087	0.670126607
0.543795037	0.414856157	0.377572178	0.467103322	0.679497606	0.452604737
0.273400034	0.397591465	0.120750152	0.535185602	0	0.742061362
0.672772009	0.402064739	0.016649935	0.518438699	0.477719273	0.963463413
0.411463382	0.417546339	0.15147244	0.501161215	0.159514232	0.826867227
0.361658498	0.390867607	0.417732135	0.464497908	0.297274717	0.805009125
0.633318877	0.402179098	0.025874058	0.423832122	0.366595454	0.718662595
0.405419355	0.361566412	0.028486382	0.545616299	0.445238364	0.486590115
0.165138029	0.424695322	0.405998301	0.520080877	0.621033173	0.766206468
0.399566716	0.44556201	0.414848044	0.413647535	0.378691521	0.551079198
0.673151264	0.441927328	0.131836636	0.665167923	0.338915944	0.678572202
0.456566718	0.344553409	0.378600192	0.453652863	0.294153729	0.76933878
0.660113099	0.364282032	0.081629282	0.492625469	0.300066226	0.468808571
0.223096304	0.420881552	0.150996301	0.526103343	0.375754317	0.910596065
0.195670797	0.338357591	0.309755971	0.564262322	0.225084374	0.550563468
0.44395581	0.43599375	0.354955549	0.619887564	0.55220036	0.424824316
0.450160975	0.45219129	0.036474803	0.516081756	0.403917913	0.569469546
0.399450449	0.485222716	0.074948739	0.562288331	0.372629928	0.617131204
0.487085662	0.47055633	0.087240959	0.471293147	0.502264583	0.597262728
0.047553537	0.455347952	0.10688344	0.50109136	0.440224297	0.772135925
0.078609989	0.401964742	0.142089886	0.52103873	0.295981906	0.596943738
0.167730138	0.355393731	0.187497498	0.459924744	0.408801815	0.83992879
0.263415896	0.423217858	0.047536984	0.556274679	0.229132959	0.593825038
0.216365131	0.449907113	0.054899726	0.505838949	0.528052923	0.956733532
0.494040902	0.477089095	0.279135422	0.489207794	0.253024735	0.674122002
0.306691912	0.400463439	0.410390214	0.451906697	0.382654166	0.959947723
0.598343572	0.454496488	0.018766618	0.486266599	0.368959293	0.585654675
0.07803485	0.384754848	0.081093569	0.417494022	0.331061629	0.533797057
0.384828213	0.502474109	0.339231482	0.52764228	0.31584067	0.944804312
0.419072593	0.392742535	0.184540113	0.509827514	0.367940611	0.733581905
0.623602393	0.391994957	0.35583886	0.478496324	0.399928562	0.710148845
0.614874486	0.429984795	0.366208919	0.506232302	0.424382495	0.94031878
0.353659031	0.442397164	0.123624597	0.577818663	0.385555054	0.485798808
0.232258466	0.375472951	0.216660705	0.463607685	0.382834021	0.420606126
0.028227752	0.441868588	0.290659551	0.493417325	0.262155766	0.759749963
0.041514226	0.369059683	0.255376749	0.480821028	0.388930165	0.456086811
0.398392103	0.438040292	0.363594055	0.553543049	0.390447106	0.539673804
0.337254383	0.407490233	0.040457437	0.402385465	0.27696936	0.696268039
0.61983212	0.439079702	0.364220387	0.550249939	0.119452535	0.539202098
0.138471666	0.532512444	0.330318437	0.490794279	0.244477	0.744235107
0.298207772	0.421633916	0.266714043	0.492958703	0.40884028	0.841361776
0.574844424	0.403545825	0.260537917	0.454474644	0.5016127	0.901544229
0.658998498	0.459012055	0.269558318	0.520349151	0.555275911	0.771470636
0.015863057	0.454853963	0.309305743	0.462139716	0.268112484	0.406161918
0.124320445	0.484527266	0.139866205	0.514951483	0.379274956	0.73853157
0.672036003	0.417385467	0.381935255	0.446242752	0.397358031	0.865145711
0.438340224	0.377871656	0.333293492	0.508313314	0.40061411	0.66023582
0.118861705	0.395728161	0.419869331	0.478271572	0.167541155	0.804865078
0.436551878	0.432378604	0.31983476	0.538882442	0.378402242	0.566016306
0.493998424	0.518995957	0.18526332	0.466115463	0.579134685	0.586121127
0.398878	0.422368953	0.339504715	0.509228519	0.566593524	0.849203938
0.304656106	0.409738684	0.054215074	0.516179367	0.346307376	0.666934213
0.40506167	0.358690548	0.121712902	0.484081877	0.302191428	0.675298563
0.6582534	0.32047374	0.287126735	0.457284845	0.471741517	0.55190662
0.626416949	0.394662863	0.209270275	0.554334424	0.362752389	0.848281498
0.032871993	0.412904071	0.273866095	0.455312776	0.271100082	0.385511256
0.446921024	0.407376081	0.280083746	0.444550418	0.451675813	0.622049801
0.309847811	0.487989728	0.208035477	0.497097791	0.356576286	0.812329765
0.654778232	0.403971296	0.230853227	0.525409556	0.456756768	0.748112032
0.329026425	0.395843732	0.093453748	0.561466937	0.49390433	0.697263885
0.053204757	0.44692003	0.325425732	0.574703726	0.259148364	0.752522349
0.50441407	0.375803558	0.274101544	0.549763115	0.141607658	0.518645535
0.083338759	0.426013409	0.02371868	0.468239512	0.384299471	0.553215086
0.594847961	0.434621974	0.017107317	0.549172196	0.30303342	0.928953396
0.090333232	0.411640917	0.29559253	0.52287727	0.474705616	0.633219449
0.596443668	0.412524313	0.378945396	0.438169161	0.432201983	0.483417076
0.2747515	0.603195729	0.392081035	0.759359006	0.557680086	0.609045615
0.383822213	0.648092441	0.024449415	0.78375416	0.449466351	0.6219625
0.317298096	0.680340723	0.319535205	0.712097682	0.775280198	0.545838623
0.433194632	0.617644722	0.074779258	0.610158768	0.778401538	0.697935141
0.361957167	0.565992333	0.101868326	0.709271248	0.98474772	0.947587295
0.431346351	0.553747553	0.117582262	0.654215373	0.837531908	0.720306776
0.376078548	0.669079095	0.158349174	0.709746256	0.447766019	0.443157942
0.336031649	0.572304725	0.171602859	0.739853986	0.568618046	0.579857398
0.271201245	0.626947442	0.290166384	0.706897906	0.976793507	0.986714962
0.271771018	0.544793486	0.10072545	0.772028273	0.432329825	0.838681549
0.336249178	0.654361487	0.210373978	0.723341947	0.384550173	0.575367031
0.337438784	0.652586814	0.226812716	0.710146813	0.984130459	0.821928551
0.384899705	0.538402319	0.158679	0.689444305	0.598754286	0.710298866
0.389675791	0.612742978	0.065908939	0.780689301	0.501506011	0.783030186
0.292882704	0.617539673	0.112721797	0.818687791	0.775374292	0.806862627
0.410679808	0.654819198	0.219114477	0.755348609	0.70058572	0.630411918
0.364249293	0.622579054	0.143007564	0.719586013	0.886831292	0.764012304
0.313088697	0.611311088	0.269071118	0.606551809	0.855622325	0.474342299
0.364422156	0.704026527	0.331450512	0.753751045	0.401553728	0.488849681
0.3869471	0.62733066	0.176082957	0.849135336	0.673437463	0.679868142
0.425309791	0.664450909	0.019219973	0.790115564	0.992480338	0.668265633
0.375904327	0.620694403	0.415852179	0.908716248	0.783890821	0.530495489
0.444904387	0.526253873	0.219046173	0.74314365	0.391347154	0.454109199
0.444824128	0.677788946	0.030303269	0.67185586	0.987181218	0.711132384
0.270920253	0.589260235	0.351066375	0.790553062	0.83067018	0.789795832
0.443641374	0.604086602	0.13335849	0.72084934	0.476953303	0.401957998
0.343681985	0.52686227	0.04650944	0.753635297	0.785290164	0.812525393
0.274602278	0.66997641	0.273779164	0.738696585	0.501771226	0.757480169
0.250792458	0.540282432	0.041595258	0.720491719	0.616908179	0.867800303
0.397308731	0.693510703	0.39682786	0.794227853	0.455033953	0.739632327
0.360948247	0.611352407	0.307680504	0.774485588	0.7851125	0.817695837
0.345317367	0.570893975	0.08339609	0.721338358	0.400173967	0.903403791
0.32135619	0.593448021	0.321792457	0.731058668	0.431984163	0.682165214
0.460273838	0.564097245	0.066435773	0.684794826	0.54654426	0.88478088
0.280724962	0.589481629	0.250407711	0.749983571	0.815398626	0.864803068
0.389622384	0.632071096	0.004552026	0.722657495	0.698788625	0.518103773
0.41683649	0.623354513	0.388170754	0.689098944	0.740768792	0.566299543
0.475075411	0.666046383	0.174548527	0.732764357	0.83614141	0.909721828
0.362058324	0.625012685	0.325101635	0.757838879	0.956289175	0.607629827
0.356626911	0.642340718	0.221458123	0.700525341	0.611245469	0.412088938
0.320561194	0.630885054	0.305279848	0.729628075	0.841985993	0.472504113
0.306785604	0.580894124	0.345701219	0.803677766	0.953476786	0.599535094
0.345683821	0.705007429	0.28301918	0.760934096	0.956052905	0.462565664
0.418529627	0.632654025	0.102447451	0.823943446	0.582777904	0.571619442
0.406935149	0.63714912	0.384677283	0.743925762	0.374585668	0.468482272
0.450645537	0.687462521	0.061437444	0.792579163	0.646143617	0.371075575
0.291038228	0.603270242	0.07257344	0.697307847	0.687755727	0.429725507
0.351531432	0.553577149	0.002716799	0.708980659	0.873163991	0.848430923
0.267232822	0.61791241	0.090159469	0.68977437	0.662623891	0.735292197
0.415777031	0.65048262	0.222549454	0.707822466	0.969281934	0.781881035
0.277403558	0.654090192	0.410362804	0.770555477	0.794309269	0.542529139
0.454617064	0.567660032	0.239958782	0.806175967	0.68507495	0.758953207
0.358539363	0.672315479	0.065051091	0.714600236	0.602307634	0.973622613
0.334764363	0.624506103	0.221985948	0.707890081	0.466605518	0.909428267
0.498547422	0.725676462	0.170977681	0.884982658	0.657535626	0.361618399
0.303204259	0.673165279	0.251961515	0.720379773	0.985468625	0.453225991
0.436439473	0.628814623	0.25286039	0.79386065	0.66718962	0.890839109
0.32839714	0.660223003	0.25451674	0.791461312	0.773637755	0.554483471
0.401164369	0.644487672	0.214048603	0.765553872	0.402812265	0.857642072
0.195440252	0.659939914	0.244462283	0.800226815	0.470643614	0.922539136
0.357965673	0.637799934	0.279342612	0.829759764	0.778141795	0.344858874
0.319068241	0.628775238	0.260335104	0.787590701	0.856852863	0.815388264
0.339362239	0.664815325	0.277773184	0.745503397	0.723023435	0.809561691
0.411251482	0.620034554	0.040982459	0.857393453	0.690104365	0.685841853
0.287609764	0.600462132	0.145563128	0.693629189	0.691273112	0.47924702
0.412301933	0.6785394	0.150530342	0.766828766	0.504309411	0.661929185
0.243921635	0.61360106	0.083579367	0.801574784	0.53187229	0.431044407
0.207089875	0.673339295	0.000864558	0.661541951	0.91509727	0.801766175
0.411907365	0.626257482	0.001716138	0.802567505	0.734481591	0.62430138
0.26153152	0.591302998	0.402020323	0.756317623	0.538393258	0.536575605
0.357435287	0.569204359	0.033533872	0.743885029	0.471404578	0.779550006
0.375449092	0.71366375	5.68548E-05	0.772914652	0.624237552	0.644834964
0.341923232	0.625867317	0.365337199	0.816286135	0.718598258	0.789535227
0.393231223	0.651662489	0.151007506	0.724472865	0.476702189	0.900786337
0.315001304	0.575356612	0.227289034	0.731164578	0.579480635	0.347675912
0.342533654	0.700136257	0.273389637	0.670571414	0.987743379	0.878176154
0.411072127	0.589305462	0.257216226	0.648616578	0.410289834	0.865003688
0.195060371	0.537462669	0.020090108	0.861117507	0.422246624	0.480156846
0.324664534	0.56428981	0.164077828	0.785268887	0.36215981	0.524714881
0.304894176	0.569176848	0.116894137	0.76229497	0.950207899	0.762543691
0.326344512	0.626637448	0.151462036	0.746854382	0.640272083	0.769478629
0.400801487	0.657988158	0.379600418	0.67241001	0.51838883	0.72222505
0.321612228	0.638528905	0.054846562	0.759478933	0.384770498	0.379663959
0.354778586	0.626297331	0.105835709	0.665875235	0.433468176	0.378830888
0.273793618	0.606331609	0.374718422	0.695098223	0.6669157	0.366229788
0.335060068	0.644453602	0.228729791	0.759952937	0.785670675	0.51690223
0.357855817	0.660185692	0.028192317	0.780980719	0.747764175	0.539017307
0.33176786	0.666949296	0.355138968	0.798351903	0.510392293	0.707132677
0.251531982	0.677202837	0.251627372	0.73950554	0.99893704	0.972687852
0.38780637	0.648766154	0.083582096	0.696527921	0.372178474	0.666465693
0.481707686	0.60666622	0.072749351	0.724474489	0.718383969	0.733102578
0.295999533	0.619959147	0.067699608	0.779216271	0.819446347	0.847398267
0.473503852	0.650715846	0.079424233	0.65368558	0.616676786	0.477929715
0.258682662	0.723351704	0.052251406	0.68020425	0.843076257	0.59209662
0.375218038	0.626059811	0.348052246	0.667498152	0.988646225	0.80121235
0.280840728	0.627188889	0.321940016	0.767869426	0.795734404	0.936139187
0.324803351	0.652861137	0.294145788	0.745037475	0.579376631	0.912279108
0.316183856	0.5675525	0.035341708	0.724745363	0.708165015	0.921651989
0.391379328	0.628236873	0.274485532	0.67574209	0.837495101	0.889607319
0.369857024	0.637005001	0.418658584	0.735543818	0.893964825	0.437502234
0.338981931	0.709432932	0.209187602	0.761877441	0.47737692	0.881674669
0.356268238	0.666715451	0.382929103	0.821390747	0.383621612	0.537031937
0.255537032	0.592273132	0.041107182	0.721441509	0.424935689	0.628395511
0.454822765	0.69622132	0.31326654	0.764460737	0.867496006	0.606482733
0.330502115	0.683689238	0.202189282	0.740843734	0.687501295	0.926434963
0.271167973	0.616308578	0.293118871	0.608909033	0.914224642	0.99002497
0.251401783	0.647316339	0.306438793	0.841707823	0.898936359	0.950038703
0.322216936	0.614221737	0.124359419	0.723453685	0.380705959	0.497277669
0.236577471	0.600559757	0.046054946	0.772067937	0.663213046	0.508246999
0.332200352	0.635968805	0.212315861	0.662656882	0.710643337	0.78875127
0.304604023	0.595440136	0.38882553	0.770198873	0.41782826	0.983475442
0.319588526	0.640202543	0.181381017	0.777532257	0.478426164	0.504748584
0.334869853	0.605522895	0.346675162	0.65660712	0.673120138	0.457471104
0.427920314	0.613381627	0.189178534	0.751582091	0.594599803	0.914874781
0.381771027	0.665368499	0.366546799	0.732016824	0.636492719	0.371105776
0.304597947	0.664326565	0.190722776	0.884064497	0.507038447	0.918262841
0.413159777	0.550981757	0.080485831	0.700689087	0.446489151	0.67085499
0.455893646	0.6609768	0.121255737	0.722872414	0.361458932	0.761968552
0.377607133	0.648560266	0.402495049	0.770197194	0.556644202	0.992734074
0.315813821	0.640228197	0.387933421	0.730280595	0.86273073	0.508193675
0.371888526	0.648263755	0.083049493	0.779445948	0.532982742	0.408768429
0.419658389	0.692983772	0.202373038	0.699730773	0.969543377	0.886838976
0.279313182	0.695882309	0.051348659	0.722266732	0.750452485	0.387166783
0.361064361	0.650973529	0.385861193	0.843171617	0.499049711	0.752154778
0.369502619	0.660012648	0.057299927	0.786413695	0.554669282	0.667889575
0.368328974	0.698909068	0.245805116	0.724962996	0.506100444	0.426338526
0.486944055	0.669137661	0.267118852	0.834694498	0.643791697	0.576754763
0.449115533	0.600307096	0.270527441	0.714578774	0.969501729	0.739943904
0.334872812	0.696296034	0.32215121	0.643146377	0.351145177	0.597939284
0.260463927	0.609281311	0.258453059	0.835507534	0.751280628	0.633639391
0.39171459	0.633471634	0.048607869	0.704887777	0.980593044	0.427188317
0.337811775	0.678550949	0.3231028	0.706227008	0.4023167	0.578391658
0.21774458	0.606677007	0.391861419	0.718928922	0.905225419	0.958222611
0.292730961	0.662314533	0.032903069	0.73833761	0.885547722	0.829206913
0.360586373	0.705659353	0.33524257	0.752774914	0.843525414	0.392261392
0.304635186	0.646904934	0.169516138	0.758872724	0.810255779	0.369966498
0.309817314	0.562691754	0.282726173	0.734767907	0.544794693	0.951055237
0.347693046	0.596027653	0.177984235	0.735281778	0.588701614	0.979649911
0.346106056	0.663638023	0.140369313	0.689882904	0.798351981	0.907730222
0.503001972	0.664334612	0.387284017	0.766341472	0.843908966	0.580147886
0.416284555	0.647295446	0.389511515	0.756672237	0.505073886	0.388238994
0.404898797	0.612330579	0.417690484	0.764144998	0.743371744	0.653685799
0.296220874	0.65937704	0.013987176	0.800782393	0.952976812	0.787114034
0.298914389	0.672136455	0.378314357	0.71996333	0.390292931	0.777725964
0.520763169	0.601291239	0.319248785	0.729099976	0.878182114	0.493778459
0.271770088	0.653621491	0.165818629	0.737434247	0.701750914	0.496798575
0.407195548	0.647040327	0.289820807	0.740856534	0.384223	0.643978768
0.317452293	0.610624413	0.128870829	0.802900001	0.851432373	0.618216634
0.396060931	0.622966166	0.365106188	0.807234077	0.994819622	0.746114863
0.314004955	0.640198602	0.113524997	0.783286661	0.555453025	0.699014065
0.363790396	0.559770153	0.388815838	0.736358143	0.911244757	0.612513729
0.331385454	0.725760317	0.412556354	0.729565762	0.460265359	0.775630965
0.355540112	0.712102041	0.378296114	0.710326575	0.696287858	0.545225382
0.37494448	0.660409881	0.095340637	0.813760638	0.523704489	0.743834157
0.233659147	0.581678332	0.384969869	0.886788504	0.510706024	0.751256758
0.300032145	0.592015577	0.098418122	0.743923823	0.476029828	0.765697842
0.378333791	0.598105223	0.068556196	0.815077572	0.995248431	0.687400501
0.555259569	0.702605912	0.061707752	0.705886047	0.990867479	0.928697596
0.381551675	0.676897258	0.246919154	0.667095133	0.954417019	0.365697423
0.210029322	0.646880661	0.164180802	0.703408288	0.37302661	0.379557089
0.263261206	0.698141254	0.06856727	0.781476012	0.518135234	0.772331648
0.218813743	0.606217145	0.20052537	0.773831518	0.552441944	0.683564593
0.446446677	0.665347022	0.003879369	0.779176943	0.869592376	0.868164423
0.435264686	0.528499961	0.216717193	0.788688353	0.495373049	0.609576388
0.343306684	0.670023008	0.049274189	0.763970935	0.548204762	0.940168644
0.221448544	0.587667378	0.120748452	0.720825697	0.750899996	0.671093602
0.288894935	0.639516324	0.155370515	0.724515077	0.956310095	0.730801847
0.332964211	0.61181541	0.238902876	0.739107768	0.393458486	0.515361942
0.43592284	0.630601004	0.142882218	0.806664354	0.57326203	0.43026298
0.127989649	0.617829701	0.037979364	0.781623255	0.824484076	0.414976635
0.334575554	0.67375799	0.255767545	0.764952088	0.905216997	0.448978142
0.392557005	0.585959755	0.011123751	0.798608255	0.737818017	0.382645796
0.441839984	0.624229391	0.217361979	0.717310592	0.995119103	0.378711669
0.369054831	0.604802032	0.057714256	0.7665312	0.898304748	0.470451378
0.374482652	0.598409212	0.408572555	0.723642154	0.665998205	0.928751433
0.357789829	0.643253402	0.232362835	0.758187657	0.652337772	0.613228565
0.16777471	0.644083403	0.301349686	0.736451782	0.793363525	0.762386022
0.403421922	0.546079647	0.170903745	0.781497063	0.713419668	0.775252221
0.318018037	0.643931323	0.123000738	0.829319668	0.409930059	0.74709651
0.500761069	0.597022318	0.227564844	0.826496969	0.853945666	0.561651434
0.344108801	0.641799968	0.030062536	0.798947498	0.731659127	0.875042452
0.329212509	0.695412702	0.401468218	0.71190963	0.690002625	0.990241465
0.267548469	0.650622178	0.111065915	0.74327179	0.803963752	0.989532264
0.324987907	0.621028213	0.061526966	0.724603306	0.836713005	0.799713678
0.341290707	0.69514043	0.359884262	0.792617499	0.893515809	0.896887075
0.353029437	0.616934889	0.086199092	0.781162955	0.570927224	0.980707923
0.48979705	0.687668565	0.207579913	0.772190887	0.711046299	0.83141477
0.351381016	0.620313281	0.415263919	0.752516785	0.961988241	0.47351231
0.330322343	0.705562945	0.092008585	0.76394448	0.937754777	0.514346285
0.360085192	0.637217903	0.405024639	0.745286882	0.439770317	0.541143472
0.392614669	0.69227492	0.009441582	0.78206718	0.949735014	0.560494172
0.397238601	0.621384077	0.402341699	0.788032462	0.514791374	0.951238997
0.287286235	0.586504035	0.339780658	0.789154794	0.393241501	0.663738136
0.344140454	0.613042935	0.41059746	0.738593423	0.802355634	0.718946013
0.32781539	0.62460656	0.159214413	0.741120415	0.534623865	0.980484948
0.291809726	0.608545313	0.04663583	0.733384111	0.562637743	0.77460647
0.318429599	0.644580891	0.271297036	0.767290181	0.364310957	0.966945612
0.233561101	0.668589782	0.170390153	0.790387135	0.632398195	0.522084834
0.293894323	0.582882867	0.222475012	0.688089467	0.993642725	0.971458541
0.362916544	0.686154999	0.029694228	0.653420117	0.638503013	0.904973444
0.487309722	0.619081925	0.368200944	0.813896277	0.874339455	0.599433857
0.380463195	0.481990438	0.331093618	0.706720583	0.592192862	0.470652858
0.392505996	0.595665086	0.054804634	0.782978163	0.42776866	0.890417168
0.190350315	0.628645568	0.044681652	0.69427195	0.698825898	0.972638302
0.364496631	0.612619257	0.33751377	0.840167608	0.906355603	0.425263459
0.385084849	0.594798281	0.022601482	0.81857427	0.905290043	0.440840292
0.328049441	0.591742035	0.368075448	0.644351029	0.630920751	0.802336043
0.239869902	0.624275056	0.082789452	0.823679363	0.365162347	0.572930634
0.30582012	0.658606194	0.17702202	0.734463368	0.4323164	0.817612322
0.406724766	0.570411626	0.316260813	0.738527841	0.955480989	0.758221543
0.336966423	0.618085469	0.140473602	0.73813045	0.362802838	0.823195305
0.156612278	0.615689586	0.212286148	0.814342592	0.714409996	0.917518844
0.293132003	0.706026264	0.059576035	0.764327322	0.737480859	0.453753799
0.298439237	0.59026026	0.375102997	0.821807609	0.538061346	0.627434643
0.498485244	0.634391196	0.303676391	0.742842935	0.877098144	0.875006474
0.438126068	0.51938931	0.361071437	0.706721433	0.588963764	0.728700367
0.345284083	0.664150465	0.247749661	0.771872794	0.648569844	0.936897885
0.280649194	0.674204168	0.382549391	0.633381576	0.736350529	0.597707754
0.357989764	0.614110022	0.021658494	0.641528286	0.698916332	0.663495377
0.217313304	0.633490393	0.258025188	0.808481017	0.407383845	0.746015786
0.370257591	0.612144757	0.25693912	0.729358157	0.551197448	0.621977212
0.269566966	0.660436621	0.258176106	0.766168032	0.788816762	0.674845173
0.345213487	0.608804889	0.250741978	0.770924488	0.459939612	0.726445099
0.359617499	0.653942741	0.115370842	0.744397361	0.845035276	0.758206317
0.31899109	0.647590483	0.323511931	0.702040977	0.562045269	0.40310399
0.31600549	0.720999516	0.015829767	0.819387877	0.389992882	0.972657766
0.277922799	0.65929774	0.407781088	0.703277131	0.552376119	0.670349505
0.387312473	0.577868902	0.406922205	0.729514126	0.559188877	0.977157596
0.242447677	0.651501458	0.266234236	0.676162099	0.902481237	0.921864879
0.244577766	0.660761315	0.180127307	0.838370643	0.8623943	0.92959346
0.496291544	0.622842387	0.151244597	0.807407629	0.578354084	0.749532877
0.378756132	0.609169307	0.384541751	0.781259386	0.385008937	0.742742875
0.314533856	0.623250836	0.315551629	0.699353872	0.485585561	0.943209903
0.421876927	0.684546472	0.029255683	0.706176582	0.637755203	0.847330349
0.434238484	0.594892678	0.381657044	0.752427064	0.451270164	0.53118406
0.3910173	0.672628165	0.143475026	0.76032719	0.473253462	0.735113747
0.336860678	0.670314507	0.401440988	0.707960349	0.375447359	0.405090417
0.325786938	0.654554028	0.091625102	0.764328775	0.489200228	0.353989284
0.428709419	0.675843131	0.203477158	0.815913089	0.513530761	0.606953454
0.279665627	0.595569048	0.248576622	0.70484537	0.520908006	0.869926955
0.343478179	0.658622488	0.229548193	0.810277807	0.699623285	0.851618591
0.400656035	0.64470004	0.335248925	0.709677809	0.557776807	0.66613972
0.309022535	0.660445478	0.046848086	0.707718353	0.708098558	0.49683212
0.319965131	0.646098732	0.326042808	0.714875303	0.880240002	0.883650236
0.33810333	0.73456708	0.375794557	0.719811745	0.643172151	0.826006169
0.308437225	0.700396192	0.302790173	0.752259277	0.75657186	0.362977263
0.359367114	0.683481991	0.232717737	0.732008213	0.477498639	0.976592527
0.242014015	0.607373279	0.127081517	0.738987489	0.790800681	0.826006599
0.341697209	0.591055437	0.120537232	0.818332067	0.939661967	0.63810592
0.364524701	0.663560715	0.386934052	0.733962976	0.67998998	0.752724464
0.000272601	0.212684809	0.127684813	0.226858706	0.918646714	0.13466183
0.367285436	0.120218394	0.128599324	0.158724422	0.518633373	0.088476555
0.132949557	0.382369949	0.074139638	0.144932767	0.894759775	0.114021958
0.223291	0.234530852	0.158260095	0.121930673	0.481456926	0.174443012
0.07177298	0.350379491	0.127138344	0.165482204	0.434969009	0.125969209
0.008791731	0.25875029	0.110268939	0.131646147	0.560832335	0.095203402
0.575862172	0.074751337	0.076340043	0.131315929	0.725498691	0.146780299
0.438193856	0.092111938	0.058415078	0.082165398	0.90945332	0.1110471
0.527497597	0.048629236	0.138217966	0.05461322	0.36801341	0.115100241
0.210954149	0.246879604	0.13408867	0.18432454	0.897649057	0.063960638
0.191142604	0.29838485	0.1433867	0.143161414	0.600890102	0.145174557
0.212980127	0.362548208	0.077529473	0.10009362	0.625765675	0.135322235
0.447110607	0.397980408	0.084686505	0.205081275	0.571783252	0.156642983
0.40823094	0.416600023	0.168879082	0.141448411	0.513500556	0.10684025
0.483325734	0.23972	0.158645984	0.185008309	0.622375444	0.140300266
0.241862859	0.419772556	0.123634991	0.01894004	0.419741922	0.088956836
0.424828991	0.297108501	0.099563688	0.131511691	0.472520495	0.100834048
0.089559251	0.37708301	0.119038533	0.143630258	0.367952528	0.1655066
0.130276378	0.175079524	0.167264289	0.170698935	0.960437978	0.08746356
0.464821307	0.350208662	0.176282574	0.167770525	0.461562328	0.088891431
0.124454098	0.367249881	0.086683289	0.082919556	0.99584928	0.090797417
0.34542093	0.01378951	0.078818813	0.121443237	0.689040161	0.160260967
0.401421667	0.235409933	0.134002406	0.148065494	0.447539196	0.143580079
0.060093666	0.281399135	0.151047859	0.093467267	0.996812053	0.108409352
0.20042302	0.001991194	0.070816569	0.112924446	0.793640514	0.13948491
0.12877154	0.351313074	0.113737682	0.157844181	0.831845442	0.133430516
0.526096908	0.300836112	0.183419404	0.123721602	0.508801713	0.178008129
0.558692243	0.217111586	0.194218565	0.125905332	0.429272376	0.115198606
0.040446767	0.079969969	0.109198858	0.179189015	0.780490746	0.095619183
0.079815979	0.391780588	0.123223114	0.080070585	0.451450211	0.155315491
0.493271854	0.416497952	0.189945889	0.140848899	0.384473595	0.080345397
0.077349307	0.304494838	0.11172319	0.166658739	0.562891972	0.11488939
0.312088496	0.008776053	0.073922421	0.205269109	0.788988066	0.100580778
0.196704896	0.20793786	0.10720629	0.145028081	0.999585886	0.128124374
0.482526066	0.374831261	0.148789417	0.104108888	0.681341275	0.071060091
0.004199372	0.107266682	0.140693111	0.141247094	0.92198012	0.147664161
0.236597461	0.357242758	0.131957614	0.17686309	0.755899342	0.123209413
0.128622787	0.414269239	0.116354546	0.128163776	0.413110617	0.13431522
0.024928544	0.413014082	0.162088604	0.134197639	0.898550243	0.066146886
0.55569261	0.030358681	0.127613107	0.170993554	0.442311905	0.083094025
0.240819651	0.102602226	0.101732521	0.14158705	0.905623849	0.121278282
0	0.315455995	0.121183879	0.20577898	0.701763283	0.133286786
0.043729425	0.21013436	0.092706216	0.202117824	0.658843144	0.119237993
0.291448369	0.409894052	0.178215619	0.124961676	0.705827273	0.160202145
0.671658793	0.134997171	0.133352182	0.176373172	0.957791345	0.130488443
0.391131423	0.194041851	0.139912969	0.147600719	0.392027469	0.131081776
0.341029799	0.324177227	0.177465876	0.196922265	0.441627175	0.094535144
0.373186374	0.320745221	0.104956895	0.159747123	0.359000128	0.147943697
0.504240927	0.289896037	0.093821972	0.059562959	0.780622585	0.08386851
0.238254001	0.277526844	0.089570978	0.080445038	0.524984089	0.095579874
0.139402089	0.352123014	0.138526109	0.132841731	0.42949298	0.088133787
0.471754934	0.371793844	0.177414116	0.088066415	0.854642516	0.073869489
0.279878338	0.191753252	0.168311237	0.062772774	0.757341509	0.076010982
0.404919345	0.26784868	0.080455852	0.19180183	0.429850041	0.092483877
0.086672016	0.421388098	0.062573949	0.132834943	0.714522231	0.036647501
0.511278599	0.305939239	0.066434281	0.176390495	0.616456864	0.133814334
0.646249345	0.027258535	0.17990424	0.109316456	0.806020191	0.06517824
0.458969071	0.420006344	0.1845454	0.190494773	0.913094911	0.089376109
0.393028409	0.149634926	0.109806548	0.182521752	0.458067501	5.55112E-17
0.11861849	0.003340033	0.095065364	0.20039068	0.968097458	0.141185658
0.533019371	0.041971675	0.136397115	0.188550168	0.376369663	0.122742538
0.099075429	0.291364877	0.110894173	0.103168307	0.899050804	0.140748647
0.226939945	0.379755067	0.110205417	0.150205665	0.866301329	0.122329739
0.152838342	0.126718586	0.134200313	0.18678997	0.376992278	0.160503629
0.67547742	0.009378663	0.074115716	0.19236704	0.926784681	0.127468447
0.520554567	0.269292765	0.131268369	0.178200738	0.937163284	0.134237485
0.415483227	0.310883574	0.134275531	0.227802889	0.43093881	0.119717999
0.189018956	0.20661603	0.094928762	0.059275455	0.616079062	0.096625846
0.574773213	0.126268256	0.072603425	0.069272346	0.543387944	0.168825409
0.646772997	0.226343333	0.077145831	0.097804388	0.953103219	0.115308814
0.574319279	0.019184207	0.174891545	0.10538975	0.848919788	0.141366092
0.649126678	0.269905632	0.070808022	0.21109324	0.948912264	0.075999022
0.696008169	0.316464449	0.17215912	0.189563733	0.701021841	0.090613388
0.603588737	0.291187412	0.130192112	0.121154395	0.662032198	0.102231666
0.038786033	0.171772764	0.150361749	0.236158871	0.358318639	0.137572858
0.009836848	0.000559331	0.070944738	0.082954551	0.40227969	0.091191943
0.395561675	0.116278052	0.087404939	0.229692633	0.546011346	0.105546616
0.315046525	0.023087752	0.231937202	0.14881437	0.497029313	0.143529082
0.673491019	0.3667982	0.097273931	0.270116682	0.398569908	0.09293229
0.257782249	0.038485475	0.153426572	0.22450145	0.778418928	0.079749137
0.229606656	0.290138947	0.143616001	0.122058572	0.842926149	0.137087726
0.053371522	0.405638325	0.141220316	0.168284971	0.592089548	0.093562319
0.294984463	0.353413279	0.074491752	0.275457187	0.632648019	0.107418858
0.330017804	0.360818903	0.218645802	0.152558521	0.572654882	0.090456629
0.400421947	0.309309964	0.129157916	0.083932542	0.517009953	0.118057184
0.241135114	0.139816907	0.140460587	0.123643954	0.782377744	0.124305504
0.107937373	0.365848816	0.184949945	0.119461092	0.80048415	0.103614095
0.55767422	0.3313693	0.094946297	0.057693684	0.6860776	0.112213689
0.055251283	0.344876185	0.136058838	0.215765502	0.706150452	0.050013389
0.49680682	0.176284811	0.12656808	0.131521272	0.450257844	0.102019957
0.599734736	0.302652037	0.12611851	0.229436061	0.718427381	0.151561781
0.389420206	0.176949257	0.170017578	0.015725642	0.833098701	0.079198006
0.021152922	0.260906326	0.080152264	0.14969897	0.606115694	0.101309881
0.434584176	0.35459448	0.152716088	0.179987129	0.965298763	0.109494423
0.09790391	0.335785544	0.152821775	0.085732189	0.92686728	0.112078515
0.217081723	0.408691165	0.145645148	0.167929171	0.827357013	0.128959557
0.64358359	0.133511122	0.04869248	0.192514632	0.415020733	0.120426275
0.057102907	0.367577954	0.115315757	0.254892635	0.484702284	0.144965829
0.425039821	0.014950687	0.123320099	0.209235613	0.601994077	0.118563837
0.447498546	0.219540194	0.117150716	0.15267606	0.717479649	0.06568017
0.09115783	0.221332984	0.086284782	0.148564353	0.944173554	0.087715612
0.359061921	0.100596873	0.191506187	0.178692551	0.351013243	0.096379831
0.127184628	0.380752692	0.117782859	0.172295165	0.365877616	0.105271564
0.623596651	0.140402376	0.168281621	0.081001706	0.813656878	0.114971392
0.275461407	0.380007821	0.178352165	0.182574453	0.530367037	0.092411877
0.034450564	0.220834476	0.109063756	0.218401784	0.761161193	0.117054902
0.542634735	0.038382201	0.172859374	0.217941753	0.371639933	0.11645973
0.358836343	0.053805932	0.133849977	0.226145535	0.402104372	0.12646893
0.188942404	0.33190181	0.116028316	0.152816981	0.704934809	0.147418484
0.400556099	0.363298334	0.171088023	0.156929511	0.552785241	0.107448886
0.399964653	0.307314314	0.149699824	0.119138917	0.934068803	0.104009783
0.302609051	0.17877761	0.138783203	0.071863461	0.99759643	0.114659761
0.690358611	0.324109388	0.134146428	0.117134945	0.809336149	0.158881196
0.409817211	0.313261318	0.11958587	0.227925994	0.968408638	0.074815913
0.406288379	0.379806547	0.17148826	0.223786026	0.866719928	0.041333679
0.018993925	0.049060361	0.139283086	0.131847402	0.637239322	0.063519342
0.130242711	0.327123302	0.145453659	0.191457068	0.818211512	0.098781455
0.145474519	0.382040506	0.189607826	0.107598574	0.41869269	0.093315503
0.547301592	0.079593223	0.113602773	0.134773006	0.96370787	0.210850373
0.674333032	0.07325143	0.16700812	0.13601718	0.437444869	0.119890042
0.609537571	0.147620208	0.155182546	0.132225033	0.96257326	0.06640115
0.02636686	0.306844385	0.149038338	0.185863051	0.800728442	0.116119172
0.529189542	0.378516622	0.103344906	0.289818727	0.939843015	0.059690469
0.221041024	0.188568283	0.236073231	0.088766423	0.702411033	0.11501103
0.09649	0.165648771	0.120195222	0.108763908	0.688312208	0.115826543
0.103765742	0.316476113	0.134652096	0.136889677	0.508209136	0.127891418
0.598410892	0.162857477	0.191309873	0.181781376	0.89257628	0.12746095
0.190312183	0.130077272	0.175842481	0.094656427	0.357222462	0.096720654
0.337487201	0.337108186	0.101320514	0.185904935	0.633077862	0.109384296
0.188584401	0.368667727	0.093919001	0.124145585	0.981452543	0.11551655
0.366368722	0.047295282	0.128752417	0.144489987	0.6413477	0.129926548
0.546161567	0.126169761	0.038240536	0.16159232	0.927043536	0.118041744
0.488433323	0.27339714	0.191200726	0.157501059	0.395730187	0.110861771
0.439099631	0.218740187	0.141589008	0.23814122	0.844050016	0.083585028
0.129290992	0.315470952	0.120096783	0.217701263	0.412144102	0.090264732
0.284914283	0.19055726	0.065734863	0.180490757	0.762167592	0.060267774
0.34462405	0.291095353	0.17143727	0.193206233	0.670284238	0.144935588
0.0722106	0.251286047	0.113611517	0.116661162	0.605100879	0.164806639
0.033278996	0.259507626	0.119841739	0.120654875	0.568173775	0.183232052
0.472784402	0.176727212	0.138571181	0.117864924	0.882514109	0.164419561
0.301850036	0.086586956	0.192648353	0.122958093	0.640410293	0.087405192
0.242462868	0.019335924	0.123740808	0.318070555	0.932753224	0.105753358
0.386234036	0.392204594	0.154185893	0.119952265	0.998017201	0.179227804
0.251004019	0.240568868	0.219806639	0.059529896	0.569523664	0.137846569
0.507866363	0.051254274	0.164445258	0.153649232	0.735681422	0.102869762
0.288121632	0.034196616	0.101665486	0.188556122	0.401874719	0.1244116
0.377433489	0.01473061	0.146477841	0.093376644	0.788843212	0.120886067
0.069861702	0.078439996	0.117941942	0.129439623	0.788040842	0.144327947
0.653896374	0.161514156	0.118792255	0.124472984	0.97866926	0.069288089
0.689493483	0.303935338	0.075197323	0.056328021	0.475523169	0.128612163
0.675277557	0.36112895	0.100423226	0.123940666	0.880410519	0.134942829
0.257349001	0.303041763	0.181462082	0.174250336	0.446022664	0.132113427
0.461404435	0.040587807	0.125627011	0.222055126	0.592055281	0.14381276
0.241326749	0.163975702	0.131125106	0.199077868	0.716790614	0.099019599
0.281398275	0.120547897	0.136553171	0.186030529	0.494514004	0.110307037
0.452647115	0.298418263	0.104696178	0.158893606	0.372951083	0.096848691
0.211243405	0.22618094	0.141725113	0.107087516	0.800412082	0.105287754
0.057048877	5.00114E-05	0.11182174	0.144306668	0.667198458	0.167084431
0.045996376	0.343682188	0.095782561	0.190296302	0.975492221	0.054393235
0.524885612	0.043980801	0.125664174	0.085085836	0.899469751	0.117729652
0.18046934	0.126471424	0.119061548	0.250634819	0.392704587	0.077580046
0.112875306	0.039613473	0.134900464	0.178550956	0.403819971	0.153091015
0.495756196	0.321274907	0.116541077	0.159996788	0.964336599	0.16581366
0.540732302	0.052199808	0.191268429	0.10046825	0.514799575	0.103140323
0.627897705	0.02365624	0.12764339	0.143908079	0.993034978	0.096114228
0.312335088	0.348157677	0.080684331	0.206079081	0.403278131	0.123701453
0.280553535	0.084921585	0.049283911	0.223773317	0.457644756	0.104551486
0.283612136	0.224714904	0.069307213	0.195429945	0.521401247	0.092790288
0.053634121	0.105393158	0.097743304	0.078933257	0.616274374	0.083417814
0.555852483	0.082835713	0.121397912	0.051355249	0.994802367	0.034370297
0.188764615	0.179845527	0.087674578	0.162803202	0.64467999	0.129471148
0.675044143	0.051034175	0.083348254	0.074159376	0.429325206	0.073225172
0.470615138	0.110543435	0.124042768	0.162779359	0.610645834	0.105666552
0.528120343	0.422401788	0.137644775	0.155399669	0.783853868	0.1215678
0.511676288	0.050560603	0.158938012	0.16612464	0.632010676	0.089045761
0.41865653	0.094243992	0.113898911	0.150865101	0.429253076	0.084080533
0.191702956	0.303588806	0.066439838	0.149942325	0.700051658	0.075834
0.367882352	0.369342941	0.181399656	0.154019883	0.973761718	0.134816252
0.602427881	0.129886343	0.032121128	0.181874127	0.923765165	0.17688304
0.244385287	0.371760907	0.195913607	0.133184028	0.466475733	0.089683656
0.5685183	0.332150409	0.156240044	0.106707533	0.477771851	0.099152579
0.335930487	0.192303183	0.173803067	0.155283808	0.421244189	0.161182982
0.184148831	0.341999531	0.135024841	0.189849516	0.561823947	0.136096177
0.061678814	0.044000741	0.049477611	0.19288957	0.43370166	0.075356412
0.100950828	0.097613731	0.043914673	0.007721929	0.850803437	0.125084666
0.194977341	0.188577369	0.145924657	0.232294953	0.970373424	0.113964632
0.50800447	0.121897509	0.12628227	0.133945785	0.733523636	0.129533813
0.498696581	0.202612661	0.241259336	0.149772429	0.789181165	0.134009508
0.213671226	0.192707154	0.022537162	0.142673287	0.612206929	0.105674
0.334580918	0.098660764	0.146842043	0.188573297	0.444048468	0.042295724
0.328590664	0.363791588	0.114545858	0.1744238	0.479845043	0.127037733
0.116213592	0.174387695	0.170421231	0.174282208	0.707748373	0.189162438
0.439678876	0.364049693	0.036486537	0.117588937	0.867974247	0.167009338
0.270523125	0.12246204	0.199300208	0.189847629	0.626035591	0.095095327
0.364260927	0.032963104	0.1063392	0.179502504	0.458904024	0.102414442
0.289917442	0.201336818	0.119847115	0.159293737	0.760614571	0.098913675
0.49886641	0.248670461	0.121732861	0.184793669	0.449461433	0.063993277
0.33471181	0.169173867	0.147138761	0.057428203	0.606177302	0.183354896
0.562431064	0.051061829	0.081432359	0.163536801	0.644845092	0.151560744
0.516564523	0.001905344	0.074899428	0.174760122	0.497752965	0.116322883
0.330131734	0.093165278	0.106126464	0.172103264	0.389598359	0.124613324
0.418149437	0.249529062	0.134619235	0.084174455	0.690681157	0.155343659
0.33642413	0.207969102	0.147063691	0.108434897	0.424185969	0.164122797
0.500211511	0.04181197	0.180509319	0.091384352	0.836452456	0.111671629
0.100178172	0.190216718	0.098678274	0.19371044	0.67023483	0.145561727
0.253005757	0.416721661	0.165508272	0.046351084	0.408156226	0.125819786
0.148468606	0.149548894	0.144163666	0.191440578	0.885873604	0.132924369
0.434785802	0.187013374	0.080504766	0.111749772	0.69271177	0.131747849
0.059181256	0.117369731	0.130276037	0.174221238	0.835169816	0.140983362
0.593340531	0.286502766	0.066658394	0.069536625	0.673852197	0.104831617
0.170760129	0.176647124	0.100295944	0.076638924	0.957276872	0.113238591
0.408451811	0.32716474	0.096878312	0.109800225	0.691271061	0.096706489
0.181975583	0.057843669	0.038110629	0.119718065	0.751319648	0.070395595
0.449802292	0.216955974	0.154579127	0.176986778	0.902953504	0.119951829
0.663420201	0.250376494	0.130138503	0.133714153	0.40347125	0.137070687
0.48424408	0	0.191333486	0.086300864	0.49422925	0.101081142
0.365776628	0.241564697	0.165940377	0.203512283	0.466159424	0.088780061
0.534978809	0.02453395	0.102087192	0.201408958	0.587881901	0.105903415
0.161686827	0.244197205	0.147068609	0.21734253	0.444627588	0.114752487
0.469998277	0.300945816	0.140950978	0.160786317	0.543085227	0.114591136
0.430819177	0.124144052	0.105788685	0.04948466	0.699296166	0.149413938
0.489149177	0.202135156	0.12280459	0.182153389	0.446850777	0.125414762
0.676248786	0.185522228	0.064384889	0.092552493	0.882768488	0.127085755
0.098259415	0.339560121	0.160679105	0.146623004	0.633031181	0.093321754
0.462532865	0.324668275	0.163070022	0.135752589	0.590822984	0.089049208
0.481725332	0.279136257	0.145556518	0.071948009	0.654588937	0.136962108
0.072281748	0.368001802	0.051230337	0.187006495	0.413401416	0.124040895
0.130593059	0.272812158	0.137167304	0.140427588	0.828841034	0.081024406
0.250870217	0.188288024	0.115912428	0	0.908082217	0.142323545
0.393724655	0.259257627	0.179638002	0.116830357	0.831335957	0.114148266
0.553992943	0.261026286	0.193287728	0.067575604	0.674657069	0.167953308
0.012567544	0.270107276	0.038648919	0.144244744	0.677024891	0.144252036
0.470568832	0.341281096	0.103691522	0.179650474	0.679990797	0.115446014
0.303953575	0.263661841	0.157999378	0.153493499	0.818547758	0.200109695
0.611201471	0.34913361	0.140463323	0.20085412	0.745022739	0.141706796
0.275874576	0.245096237	0.161361673	0.181536853	0.754158816	0.075536826
0.542849868	0.026081405	0.112000152	0.184145733	0.789439272	0.040815361
0.651960382	0.012948667	0.106669442	0.094962095	0.367998914	0.045867377
0.079254184	0.071926498	0.160836059	0.101547256	0.417436583	0.106537228
0.200591447	0.372223565	0.125769641	0.137153426	0.95526702	0.056796052
0.513453923	0.071608364	0.034771232	0.173718232	0.628834276	0.113294072
0.509195584	0.416093559	0.120313589	0.141244573	0.897338803	0.154837027
0.243061539	0.40235571	0.105046331	0.137185005	0.988922144	0.06912764
0.307126002	0.192066896	0.051170161	0.080327552	0.44104842	0.120547495
0.113893056	0.24223364	0.099356323	0.084997626	0.639088825	0.060264832
0.448134566	0.217561973	0.112354779	0.160929872	0.5754898	0.074361967
0.261423604	0.142172004	0.148302922	0.210642613	0.843309799	0.145971668
0.272507894	0.345047982	0.132407726	0.169044679	0.78091273	0.135774411
0.108329522	0.032278459	0.144970583	0.045699601	0.717989863	0.073118281
0.569493883	0.403288275	0.165203391	0.127116122	0.950130287	0.075507675
0.785107095	0.783836776	0.883523644	0.904613529	0.972082031	0.778365507
0.688603971	0.948712306	0.84979894	0.978916604	0.409626114	0.492399332
0.772601884	0.853352757	0.905252433	0.654778055	0.623916322	0.434638274
0.761806815	0.883585078	0.860577276	0.683362745	0.876240615	0.53945295
0.79902843	0.964599021	0.820259791	0.561981367	0.91669631	0.530046358
0.874659481	0.891119801	0.895090179	0.654632363	0.355289048	0.581636695
0.726954598	0.918601802	0.86990429	0.761303586	0.745282427	0.919856323
0.906004521	0.89386834	0.849814209	0.518276358	0.589307859	0.466303224
0.771486073	0.921492899	0.859934879	0.937693549	0.695870708	0.767497285
0.735203534	0.880242502	0.890633827	0.893882584	0.352657042	0.614401659
0.803577322	0.787078319	0.911528123	0.600435813	0.655571249	0.750410299
0.731700769	0.970149457	0.93804874	0.844672025	0.517505603	0.653653753
0.639346394	0.811556121	0.889416504	0.506473701	0.598644867	0.771574926
0.831584669	0.887881324	0.876696318	0.662020814	0.467600766	0.513963107
0.870425623	0.890101181	0.94149147	0.824361948	0.961472184	0.531402763
0.732998215	0.931991032	0.886543958	0.992165709	0.985222251	0.958448291
0.838400853	0.891971178	0.926195599	0.842262029	0.861975988	0.876434776
0.790926671	0.94202669	0.875802042	0.547399446	0.696150989	0.490654971
0.879597812	0.861589173	0.933531869	0.67522017	0.434515976	0.381768798
0.823555283	0.923891264	0.942461348	0.790925325	0.449503454	0.901422251
0.714820971	0.911689114	0.85413499	0.98542594	0.819349282	0.753795892
0.84980019	0.946746278	0.854041681	0.503349328	0.882668614	0.828326494
0.862006081	0.910808364	0.871541832	0.831466144	0.546468883	0.924444757
0.593724237	0.902055572	0.868683357	0.705969923	0.915338967	0.691882654
0.796303815	0.937287626	0.909442355	0.869689078	0.506394604	0.793219434
0.738511	0.903539459	0.861254765	0.839180262	0.396895947	0.986796741
0.631610463	0.866136017	0.836064162	0.530982947	0.740409074	0.375505559
0.716246951	0.870598392	0.879651506	0.631687278	1	0.624765826
0.691229795	0.849013099	0.931016997	0.610031538	0.902276159	0.539969918
0.545310907	0.858658976	0.95060185	0.558459131	0.789920345	0.582365425
0.712734261	0.942462362	0.924673518	0.738510849	0.952599374	0.544239346
0.715699789	0.913229478	0.884195892	0.710741328	0.779320059	0.515703196
0.793641683	0.883071636	0.847200479	0.898621792	0.723153801	0.547901782
0.843199148	0.838013766	0.867632648	0.805534712	0.966384334	0.751529795
0.772084776	0.84072808	0.915415697	0.861809983	0.834016746	0.717777172
0.875164041	0.914374658	0.930958626	0.970300776	0.65748597	0.400808177
0.712390583	0.895879581	0.90560285	0.722532166	0.976429693	0.345533641
0.79814516	0.839677447	0.830091031	0.928909493	0.705984781	0.754081216
0.836242139	0.934459105	0.901105235	0.596772239	0.839932212	0.732067058
0.715557945	0.947941341	0.911039241	0.910220165	0.757437106	0.911594147
0.61949335	0.942917693	0.927233769	0.951200191	0.835317406	0.859180156
0.799642866	0.845419725	0.912724629	0.966787572	0.909046967	0.397700575
0.89867717	0.847955879	0.901079604	0.810954286	0.897419486	0.507231824
0.716146655	0.916642356	0.885638434	0.66904492	0.663362942	0.570390816
0.760640661	0.928226581	0.899240377	0.748209445	0.991817961	0.479495111
0.694439097	0.892139325	0.928529634	0.534171815	0.669878082	0.557117575
0.761440481	0.88723801	0.891986627	0.736206023	0.629635891	0.57798122
0.78723817	0.906797123	0.958475257	0.997083031	0.532570875	0.709385792
0.765793958	0.903221231	0.89667431	0.572255247	0.388504446	0.706643898
0.75390769	0.871571367	0.878260278	0.848232534	0.651143994	0.376882092
0.654013733	0.893770457	0.888167114	0.871338448	0.507596569	0.764349133
0.761854295	0.860061889	0.891989275	0.729517625	0.396340923	0.700306383
0.795420059	0.847849097	0.874621878	0.551081807	0.79777604	0.358614156
0.740113856	0.931406377	0.860610392	0.905027275	0.650319353	0.76911731
0.792848329	0.874128545	0.933611504	0.628983312	0.590407981	0.424513824
0.720015901	0.926384411	0.935129293	0.523662901	0.767299644	0.791524591
0.65979358	0.847390698	0.889518341	0.594365538	0.864132448	0.676621085
0.907008415	0.865372851	0.955646848	0.662456717	0.847588227	0.839176338
0.715913284	0.911474485	0.909617571	0.958091322	0.941190268	0.674956152
0.636745745	0.970081898	0.925393209	0.647898152	0.746784325	0.451945592
0.771652662	0.860584942	0.908079745	0.753726508	0.776850941	0.694148777
0.731689217	0.843858354	0.837630372	0.80032889	0.872082797	0.779392815
0.780457732	0.832408223	0.946145629	0.576062809	0.808292766	0.860033059
0.83265737	0.981249341	0.93792619	0.748619751	0.566346675	0.515865024
0.773569728	0.95872424	0.917696006	0.529558934	0.556121914	0.525842914
0.829365387	0.893155986	0.808200729	0.502554146	0.617720629	0.88111369
0.764121457	0.86604729	0.900359097	0.571268633	0.426411995	0.588139621
0.716945784	0.908366179	0.945248714	0.886697102	0.812602655	0.617420234
0.770150342	0.83615555	0.940710283	0.734879069	0.614367096	0.983381992
0.58412428	0.957472945	0.893041735	0.797129799	0.692320088	0.408359991
0.909764056	0.936440134	0.876626813	0.924689809	0.992961372	0.373501426
0.791072138	0.897708733	0.830052184	0.616001855	0.587903436	0.373120638
0.706511174	0.898560921	0.909706121	0.97608317	0.407754128	0.418142282
0.78101172	0.865596388	0.838877833	0.559347122	0.984046713	0.595075687
0.827516114	0.859603258	0.879976634	0.998583812	0.462358341	0.71028778
0.790273219	0.892797347	0.900734442	0.906185933	0.834605153	0.463594629
0.714284395	0.868067772	0.853534739	0.814136951	0.861372556	0.710638617
0.735523481	0.953128665	0.914494697	0.73628542	0.852272701	0.966618619
0.704235971	0.880131799	0.902628542	0.955884157	0.812395987	0.963351224
0.828881711	0.904464353	0.838859963	0.749740238	0.898150385	0.731565646
0.704541192	0.886675726	0.882761675	0.584635614	0.548203261	0.893919928
0.821148331	0.886061031	0.872813202	0.719737764	0.401923293	0.844200003
0.710426088	0.843941123	0.91323574	0.989270468	0.575398487	0.741470711
0.713782952	0.895260357	0.890601654	0.723442746	0.908829556	0.837356777
0.763184434	0.929744041	0.865909543	0.822957846	0.436055875	0.780139195
0.73861986	0.844797951	0.913889206	0.937772091	0.718758402	0.468278926
0.799468524	0.906185837	0.839188554	0.710619693	0.786503763	0.565242569
0.757449368	0.900786135	0.887095302	0.687761245	0.700020007	0.676991088
0.75373331	0.940608683	0.955165962	0.514300589	0.461559138	0.603980573
0.818718827	0.89010355	0.919447402	0.832944317	0.889918683	0.554283571
0.799253383	0.908098237	0.918935063	0.721856992	0.59602022	0.833816855
0.752770043	0.947263825	0.863237664	0.886548876	0.629970492	0.624682374
0.785825315	0.936392857	0.819047361	0.758688807	0.599115699	0.367345366
0.771005975	0.841955529	0.89614163	0.796469506	0.486900742	0.66953914
0.802897488	0.918892244	0.898276493	0.781384671	0.677825464	0.871357578
0.771062347	0.940909541	0.86321624	0.906022649	0.750115778	0.948802727
0.712891274	0.960408553	0.892298473	0.605343829	0.697792935	0.622365404
0.888651625	0.881646471	0.9405521	0.552416036	0.855341775	0.971578347
0.654734511	0.920069743	0.932008208	0.712978552	0.399848268	0.648707704
0.805602921	0.878087891	0.887514212	0.950784243	0.723872451	0.680858354
0.659563186	0.929040669	0.880560682	0.951588604	0.691297334	0.687659788
0.749597724	0.92497369	0.889977453	0.612695343	0.876315244	0.662914903
0.746240191	0.875952705	0.885359947	0.584230726	0.62640672	0.566289774
0.74455667	0.920942619	0.938306299	0.618386068	0.398167895	0.453923617
0.866007274	0.839521796	0.914109315	0.899714801	0.654888655	0.473893477
0.625924772	0.92585598	0.845638108	0.625287392	0.727045119	0.771009537
0.632623422	0.884943351	0.871179463	0.6590925	0.895936535	0.53162124
0.765622397	0.82566001	0.940433193	0.962178039	0.947292796	0.664692503
0.842136159	0.983344635	0.910065039	0.825340477	0.69760787	0.348086862
0.73321278	0.935362068	0.894217444	0.59912161	0.572498562	0.678301646
0.625987508	0.841996983	0.932769063	0.581493968	0.383510491	0.711186224
0.701620513	0.932428008	0.872636955	0.69731889	0.857315208	0.521819834
0.749445736	0.954420441	0.878129754	0.985795496	0.625787872	0.941547468
0.640084922	0.896804055	0.891274464	0.762511485	0.524547327	0.7037896
0.814423905	0.873390308	0.935632701	0.583487695	0.633572059	0.786958967
0.682734482	0.932391838	0.849964738	0.672914286	0.523153412	0.647500417
0.655230052	0.939564817	0.907044237	0.775513954	0.974003221	0.458201984
0.728149515	0.87325601	0.930600599	0.919797644	0.602203386	0.478968792
0.675895396	0.93169583	0.889122551	0.85788341	0.770960433	0.67918077
0.748297842	0.902973515	1	0.662428373	0.699946312	0.466518921
0.777954002	0.88804251	0.934826476	0.667704512	0.376485365	0.69181971
0.695848268	0.882660509	0.93261693	0.756450363	0.574330117	0.357017352
0.806717101	0.911690138	0.833226715	0.953077867	0.969937386	1
0.750390193	0.806182357	0.842960255	0.590107354	0.925528107	0.729870327
0.804467588	0.821278953	0.933373655	0.893055013	0.671285152	0.750572875
0.732915444	0.899527931	0.939173331	0.900510457	0.446740564	0.949800103
0.726721718	0.915590505	0.911386271	0.654401036	0.710254812	0.508103799
0.726925645	0.833032995	0.884726071	0.611845539	0.584826719	0.373709373
0.690185975	0.888583424	0.916856913	0.630868101	0.56491329	0.617387416
0.622465314	0.8185938	0.872950309	0.593304464	0.831692274	0.947504974
0.68909783	0.909561728	0.916725233	0.821038846	0.489766194	0.97538539
0.823460094	0.887731981	0.877639672	0.640989399	0.768688938	0.897958149
0.781121681	0.894116803	0.896517162	0.718442803	0.47423055	0.484633346
0.802848708	0.928442603	0.90875727	0.922307259	0.474554886	0.356426377
0.770422496	0.922793689	0.795557208	0.902845258	0.852998173	0.349450545
0.797312534	0.91632557	0.883620872	0.788962091	0.473747676	0.663946191
0.744058813	0.927443608	0.828619067	0.960991766	0.60875213	0.956702409
0.86872682	0.945083507	0.876296155	0.851572764	0.983479634	0.573895378
0.812134172	0.917952625	0.90935983	0.687489529	0.650100453	0.416620972
0.751910761	0.87501951	0.917991312	0.944665282	0.68041087	0.381437786
0.831472544	0.866519397	0.834989979	0.602396893	0.884851632	0.432645052
0.746878319	0.915692829	0.884600569	0.860085391	0.702107536	0.71380253
0.810405995	0.93806551	0.883009027	0.50572047	0.952034326	0.430457471
0.791384288	0.940293617	0.897396004	0.777236457	0.404613912	0.994095578
0.766803152	0.913527513	0.899556566	0.952169359	0.766135104	0.479723558
0.851675349	0.907536542	0.95686372	0.582079997	0.517929944	0.407668275
0.705327532	0.96992644	0.809452271	0.605887291	0.91459584	0.881359011
0.642498525	0.91538	0.908727844	0.55290397	0.452736601	0.962617958
0.751201025	0.910501015	0.815457392	0.504342163	0.798375611	0.405618886
0.864726769	0.899502004	0.879788758	0.948653752	0.488876792	0.81943011
0.903827865	0.870002477	0.850397056	0.874494817	0.373364468	0.357030163
0.782411258	0.861538952	0.855083855	0.648510656	0.387288848	0.799290818
0.751264085	0.878775798	0.91715409	0.822928054	0.750489391	0.874080651
0.778342188	0.891436432	0.930551787	0.936232795	0.515526671	0.374745453
0.845272703	0.845376029	0.865136617	0.505087961	0.680476607	0.5731295
0.753036612	0.945460656	0.940537443	0.899775116	0.956328633	0.598795464
0.686403336	0.981316296	0.933349584	0.816392756	0.647258652	0.709590006
0.842220056	0.906648512	0.842304784	0.60161385	0.634247991	0.349998312
0.734968498	1	0.91648155	0.698322009	0.60338569	0.644129291
0.914088506	0.887138317	0.957845381	0.999926445	0.787935953	0.784459218
0.720721048	0.880231659	0.889432411	0.706512966	0.90225975	0.478073731
1	0.910346193	0.895715232	0.577909812	0.796836557	0.703773616
0.912123184	0.908136148	0.926341417	0.734394364	0.544488075	0.464204722
0.756610757	0.906816571	0.927379542	0.576839458	0.573756493	0.779835046
0.70370144	0.895331215	0.908107517	0.98895207	0.421147651	0.552508116
0.703163495	0.855766679	0.9697323	0.711875179	0.358541984	0.761227974
0.757660813	0.958066872	0.862927593	0.962799352	0.39921448	0.993523098
0.746608048	0.962371593	0.892106264	0.646475419	0.441634222	0.4951238
0.801042409	0.838356751	0.840153995	0.922982972	0.63973206	0.453904102
0.829503893	0.884961395	0.89502785	0.962599003	0.452014726	0.745169806
0.812844822	0.852858123	0.890714558	0.866854076	0.994454944	0.434175233
0.732938416	0.9029421	0.943262206	0.657220964	0.702482692	0.524523506
0.812740971	0.820466828	0.9270969	0.61936668	0.838044303	0.887026419
0.648635878	0.888691939	0.904050192	0.950266472	0.473785072	0.743413517
0.740088226	0.879517411	0.871522678	0.634593296	0.888228592	0.952416041
0.864462108	0.892019636	0.898576004	0.901786614	0.69682411	0.342012336
0.906184345	0.944227712	0.897266403	0.541976011	0.556169681	0.708159362
0.795043836	0.796429771	0.867199717	0.978332807	0.816539358	0.889982153
0.745206898	0.959048812	0.872382421	0.740288209	0.83831743	0.65998759
0.75091327	0.89870665	0.933758471	0.851806108	0.408628723	0.822260852
0.768563386	0.869459435	0.88370609	0.756658989	0.579325338	0.937556033
0.763391753	0.805538219	0.840699678	0.843876036	0.496728889	0.934412418
0.820106578	0.976136558	0.913843366	0.76083894	0.9404968	0.921306687
0.75306473	0.87406558	0.948063162	0.958973786	0.367267855	0.564904247
0.714452382	0.886872161	0.972195882	0.736195917	0.428355076	0.586762645
0.827245938	0.824591051	0.926298769	0.557277597	0.663335496	0.689997296
0.824787941	0.883814954	0.904203287	0.97938869	0.768280045	0.381567982
0.936848002	0.937143748	0.828209316	0.675296759	0.626631614	0.80065126
0.700369909	0.940545699	0.855167854	0.661169861	0.516827869	0.671310762
0.830837023	0.891397932	0.873217667	0.844668606	0.638829219	0.870797983
0.643862897	0.936655582	0.944510309	0.510283736	0.651761305	0.415604981
0.778147376	0.860537277	0.833680765	0.542887843	0.459912582	0.502719
0.841306568	0.879555796	0.94821922	0.702560046	0.454515071	0.526380283
0.763248321	0.842843708	0.916368781	0.777239959	0.721430307	0.768962607
0.934101111	0.861836653	0.924659101	0.643381538	0.386949829	0.622850628
0.724730625	0.878339108	0.90292739	0.746281279	0.438029748	0.998043402
0.707962812	0.926810367	0.878534316	0.668737819	0.893441627	0.548053701
0.804650294	0.891054201	0.854672183	0.803224349	0.710775292	0.460780566
0.838147672	0.875439853	0.868790055	0.716953487	0.476538765	0.710330115
0.8250521	0.901454901	0.868424592	0.79170862	0.730911911	0.946541726
0.701100819	0.829869008	0.862450164	0.522725641	0.399806067	0.417435945
0.808874462	0.909833439	0.923119497	0.613383636	0.763818058	0.70466254
0.709632742	0.876561329	0.855726094	0.50895198	0.746421762	0.503745136
0.837276155	0.905111178	0.847720075	0.829276615	0.384573682	0.573594408
0.669555136	0.940071259	0.95561791	0.78885802	0.808348019	0.381423727
0.687190329	0.961743827	0.882635703	0.831099511	0.361941318	0.698499445
0.833191989	0.949337202	0.926413917	0.837143171	0.88576568	0.594910724
0.712375348	0.905294717	0.813794278	1	0.423524871	0.906805459
0.745216481	0.947051547	0.96411902	0.724788258	0.569184163	0.971522802
0.829854703	0.863499715	0.887986746	0.904836228	0.712041305	0.484980206
0.728676531	0.922091236	0.803382586	0.786509528	0.482788313	0.537418729
0.711902883	0.863947767	0.871339247	0.560958307	0.37416099	0.618783248
0.762077105	0.881556572	0.965321332	0.856150733	0.835885519	0.833804535
0.619486546	0.88235763	0.89982774	0.649693241	0.624338926	0.597212355
0.667228134	0.884876285	0.888803304	0.682548727	0.953434958	0.511563315
0.772157043	0.874279113	0.850432717	0.760845948	0.924331819	0.463000836
0.802086582	0.929436603	0.852036236	0.983677194	0.805893252	0.739760965
0.810173857	0.814064821	0.898727722	0.760757508	0.757085756	0.371517777
0.831378437	0.861886211	0.924883174	0.857955196	0.945329028	0.976571242
0.856370079	0.883678183	0.968716025	0.592702351	0.488183675	0.807602178
0.822222187	0.890267132	0.776704632	0.632712203	0.88032917	0.844675172
0.693528083	0.868953678	0.852995684	0.856315071	0.902157214	0.541264334
0.727187209	0.835335261	0.948226266	0.532227071	0.634680092	0.878975252
0.714712994	0.895974837	0.872143449	0.511679465	0.987541508	0.880873835
0.672000387	0.902919574	0.896380774	0.971936635	0.694265893	0.580914262
0.673403142	0.881627924	0.927397016	0.78217449	0.632432779	0.401864428
0.746166885	0.855151464	0.900970612	0.662640707	0.621405462	0.622018879
0.795616051	0.893496825	0.889785686	0.517858593	0.79499954	0.644562041
0.806770013	0.927455622	0.87288806	0.998199718	0.9513908	0.831738011
0.737247522	0.864852441	0.874689745	0.623000373	0.845272395	0.500571411
0.842137934	0.952075468	0.886419752	0.657247185	0.47179295	0.971787175
0.730835756	0.806462058	0.914845294	0.972765683	0.676299343	0.422934378
0.750569088	0.843519275	0.921623841	0.815440114	0.835427097	0.717529133
0.669808788	0.85172799	0.890125223	0.921785639	0.847772667	0.718970416
0.772150867	0.894444351	0.9182309	0.502215425	0.853958654	0.83721804
0.777419904	0.918552657	0.814719353	0.534716883	0.929277992	0.62081393
0.742496153	0.909612981	0.998615232	0.613169522	0.517866555	0.515166061
0.799679206	0.913895397	0.892466908	0.726068829	0.858345656	0.346195258
0.759373644	0.832972835	0.891994191	0.989351344	0.536388437	0.389545814
0.811962115	0.9192149	0.850582417	0.998772041	0.375636022	0.793399167
0.704264446	0.934063321	0.931816277	0.664578693	0.520192963	0.719716117
0.796412507	0.899005252	0.859119934	0.990941186	0.936396946	0.527996947
0.78138558	0.938374815	0.794772747	0.764953743	0.469242333	0.900170785
0.734941061	0.819672709	0.895680086	0.605820254	0.641920434	0.994780496
0.829460469	0.876270171	0.914146968	0.770611442	0.399609118	0.986420163
0.872717897	0.937905666	0.876457726	0.881041704	0.943816187	0.739846676
0.7130842	0.798048202	0.916791136	0.644095087	0.390383236	0.856016137
0.741235341	0.914440147	0.871522882	0.568145951	0.547751499	0.906944612
0.693556422	0.857273547	0.815990725	0.906927832	0.585761272	0.648142401
0.766110751	0.942874034	0.904997277	0.563218531	0.491567857	0.907228955