0.781861357	0.20922194	0.19919661	0.348135558	0.314650309	0.357828054
0.966454366	0.184517883	0.113217989	0.635760205	0.354872125	0.060379082
0.704575744	0.218388483	0.436152856	0.533082881	0.127814136	0.293917186
0.700016496	0.291740651	0.367838692	0.083268207	0.355668584	0.002027499
0.834849299	0.192169784	0.764511027	0.121326627	0.267202392	0.313348186
0.76332582	0.121578519	0.722544021	0.104132156	0.336803806	0.113811661
0.94671657	0	0.970777524	0.411324186	0	0.212243947
0.768884733	0.083867909	0.464931315	0.316500168	0.2072491	0.173363493
0.846489655	0.227696482	0.524894929	0.497353802	0.272564352	0
0.647301179	0.221998435	0.601895798	0.548563234	0.303887122	0.288417159
0.917923566	0.222405031	0.642137101	0.484500661	0.199377101	0.153135395
0.925388108	0.16219591	0.270701209	0.252325175	0.179501031	0.148540693
0.88950023	0.092044575	0.681415183	0.410869715	0.344602571	0.057236438
0.942415274	0.179960575	0.324091841	0.415101931	0.122174532	0.194231547
0.805471892	0.37107729	0.736768801	0.606681126	0.280027224	0.204987875
0.737767931	0.422436417	0.62332852	0.008831079	0.219150797	0.25326245
0.634573723	0.121825448	0.022770062	0.665904795	0.237756475	0.190648972
0.819390375	0.081325983	0.744177013	0.212462074	0.324701682	0.207347978
0.880687546	0.320979819	1	0.055362448	0.022773853	0.159879576
0.7581502	0.214039456	0.165272019	0.24129189	0.351422277	0.015788869
0.947752445	0.200291188	0	0.403436963	0.423114104	0.162079218
0.616816735	0.146884836	0.213985282	0.550329325	0.242153095	0.111193832
0.740845941	0.086046234	0.144658587	0.19515122	0.292627565	0.122454453
1	0.171936107	0.666859873	0.659403082	0.136330035	0.021412834
0.930787017	0.140039452	0.096267072	0.593968176	0.367039856	0.298880928
0.769588491	0.219336865	0.764438285	0.418982987	0.238709662	0.284946437
0.999533641	0.264808038	0.55814919	0.432418303	0.350262484	0.07137681
0.888951892	0.111981693	0.341583609	0.048095723	0.140872552	0.052169497
0.850211388	0.262307945	0.125033216	0.056618076	0.14065558	0.159167367
0.947352431	0.115403725	0.855890052	0.488751382	0.394608722	0.082433626
0.925828073	0.112380821	0.836526539	0.191710131	0.335471027	0.159742267
0.783041624	0.443433061	0.50325874	0.674506214	0.344690888	0.007469697
0.696512633	0.183435666	0.015647501	0	0.212311248	0.275035169
0.786624823	0.177131738	0.093021905	0.294398966	0.187396658	0.117556915
0.855105683	0.131042563	0.282356527	0.095608145	0.277153714	0.119922639
0.828711198	0.181987429	0.308243894	0.31814821	0.120684982	0.315911476
0.821205513	0.251287106	0.716390148	0.269670147	0.197985	0.206694158
0.634740828	0.246034633	0.586545769	0.373604701	0.18238848	0.182058901
0.88630687	0.014975109	0.065992515	0.437179953	0.398791043	0.122579954
0.815575044	0.16092242	0.94473431	0.621124339	0.297696382	0.164220636
0.085472434	0.703654587	0.206277322	0.475251519	0.912316155	0.590936572
0.542180787	0.759623376	0.230423347	0.765163289	0.992679019	0.488363919
0.329597626	0.777460646	0.206204556	0.615279187	0.778860391	0.61923216
0.536383841	0.674603147	0.203880575	0.581025024	0.663361581	0.73096503
0.128677823	0.835699829	0.332726394	0.53630986	0.630169157	0.894825162
0.204649677	0.775004142	0.309767446	0.71003916	0.676794016	0.347264244
0.663888817	0.867006433	0.30170886	0.791113869	0.773877066	0.553389362
0.358503269	0.679550326	0.250134049	0.739744094	0.926070595	0.407341409
0.250219695	0.71646036	0.204721995	0.549014174	1	0.264870748
0.77112132	0.550706994	0.244517248	0.38579222	0.807737786	1
0.190486945	0.699899547	0.324635225	0.755846618	0.789991381	0.802792939
0.389103632	0.837556453	0.331099795	0.638234266	0.826304165	0.170232006
0.03578631	0.70592945	0.26866449	0.62175349	0.771844374	0.740520833
0.816944737	0.831791887	0.213350917	0.859185063	0.631664897	0.312123042
0.708924293	0.583488549	0.241005137	0.827168986	0.74448987	0.496470706
0.747886098	0.796553236	0.339741153	0.70250608	0.826498928	0.819327566
0.285404739	0.69325164	0.291813489	1	0.589791247	0.430710281
0.481098977	0.702445998	0.299662956	0.75435483	0.777006647	0.265524438
0.383278706	0.680897904	0.314124679	0.619538048	0.782320568	0.406256418
0.288456629	0.753908533	0.258110233	0.66106049	0.874018628	0.267422891
0.238964235	0.84121493	0.262045279	0.885520644	0.792105382	0.371996139
0.481983744	0.817093175	0.244616277	0.732198212	0.851361296	0.880165985
0.500745391	0.791530436	0.262459434	0.666393515	0.799232697	0.788258422
0.276490391	0.881650437	0.200050488	0.7498596	0.884574883	0.608478849
0.785453956	0.747203981	0.234390176	0.323801143	0.764135497	0.848353254
0.59832668	0.823046576	0.154200036	0.487344424	0.706597859	0.480742774
0.829774459	0.791543733	0.264884678	0.644142663	0.840091893	0.284554083
0.253944953	0.71398869	0.226777389	0.883811698	0.749688463	0.716746826
0.235754658	0.811995864	0.233303848	0.655507656	0.528546769	0.522234753
0.398268771	0.793063901	0.240114666	0.820306401	0.582325428	0.594592145
0.743346654	0.755904272	0.281122086	0.578215621	0.806169229	0.76454919
0	0.817283603	0.235098011	0.793492841	0.909162126	0.695952308
0.323714477	0.809919524	0.195535921	0.856332562	0.774188546	0.917914379
0.600539283	1	0.092135203	0.781633252	0.83550968	0.384326732
0.357264433	0.812678387	0.237680325	0.644215549	0.796466957	0.591363431
0.767053732	0.803630267	0.266956159	0.638850001	0.819023316	0.176502238
0.801724943	0.717147564	0.207291955	0.850077052	0.627467431	0.180574445
0.048237572	0.755126637	0.239027058	0.892065306	0.912377291	0.294443613
0.390029186	0.804524543	0.242712727	0.56587055	0.913257359	0.929194799
0.138697945	0.843701206	0.218692331	0.693854839	0.790091772	0.444359712