0.8846698	0.961939542	0.282210743	0.307542449	0.371238587	0.162531578	0.732872531	0.589870301
0.661350938	0.979028739	0.698560958	0.330562611	0.22927049	0.192991745	0.911164764	0.941891035
0.846054836	0.75339768	0.87356425	0.296849381	0.294735388	0.488623554	0.651920717	0.687168079
0.811855065	0.804240133	0.090054368	0.326839443	0.425846048	0.901940154	0.122775221	0.198869937
0.918789121	0.68165823	0.79732725	0.333245193	0.385198708	0.377508612	0.220237464	0.248988931
0.05229924	0.487987461	0.843537017	0.34246918	0.3638036	0.874676681	0.540579918	0.471975629
0.903111372	0.843373793	0.838695029	0.250699704	0.448700631	0.067710973	0.271726813	0.567431161
0.894524954	0.579374628	0.84170198	0.374229193	0.300774219	0.843206063	0.269483712	0.650387689
0.282609573	0.52985352	0.421048444	0.389742224	0.282670319	0.491564324	0.882995974	0.75926348
0.687008517	0.518979064	0.26438833	0.281796386	0.485925077	0.003559773	0.277637639	0.516044574
0.24217588	0.787152859	0.128807535	0.311826996	0.379937045	0.006416923	0.500721017	0.821051451
0.139457968	0.873357455	0.007191341	0.313103342	0.354249016	0.787933424	0.193709749	0.907791407
0.979025143	0.926651756	0.861922771	0.341045995	0.274965564	0.584392596	0.349219593	0.919863052
0.933941085	0.901107018	0.043025064	0.309755729	0.283147168	0.442345903	0.518288446	0.94818676
0.57075084	0.982258644	0.521589147	0.309707198	0.341874641	0.398404022	0.426991153	0.112127496
0.720636526	0.706325782	0.807992197	0.324920793	0.401630317	0.270927894	0.667582261	0.156505013
0.740435822	0.77939787	0.179355787	0.353606645	0.098219589	0.494177883	0.602947916	0.652735463
0.760361205	0.564532582	0.409680477	0.362880007	0.3016537	0.844574897	0.432644666	0.166778467
0.338612933	0.564067353	0.937602979	0.29666592	0.301224614	0.347996783	0.799044958	0.043686788
0.283443703	0.943414523	0.483668529	0.349457981	0.224963461	0.940295404	0.007077483	0.594028053
0.254006588	0.658415027	0.075899984	0.275465084	0.248865744	0.150390908	0.324394755	0.931059859
0.469140094	0.601007034	0.411708123	0.330368558	0.32405892	0.980761458	0.850127224	0.474675076
0.77888419	0.72936744	0.255552248	0.359978133	0.127857709	0.816940749	0.15740141	0.942728769
0.743817005	0.907832903	0	0.307590436	0.402301747	0.822233487	0.355556741	0.794715456
0.788899153	0.801893462	0.970208981	0.344148702	0.345862713	0.368878659	0.892721451	0.340735004
0.321139677	0.575183446	0.87899872	0.368792893	0.302805847	0.477508819	0.880594562	0.527752403
0.632377983	0.801738887	0.973879004	0.312591693	0.32949796	0.510618295	0.996221517	0.465083242
0.736501931	0.993668261	0.186153417	0.307192609	0.278166979	0.949384932	0.96953349	0.459433142
0.759342057	0.552357856	0.754948968	0.382691513	0.279740098	0.162466373	0.887102432	0.935541505
0.332487084	0.948102779	0.378212279	0.291997166	0.314516963	0.179855604	0.155619247	0.265641724
0.134712586	0.837337911	0.792599529	0.297811736	0.315388621	0.888801239	0.796388415	0.540690295
0.938909232	0.625838799	0.459294923	0.366221894	0.40089468	0.005054005	0.247513051	0.60250993
0.046083279	0.59469982	0.657931777	0.318578647	0.482035348	0.269013212	0.061037493	0.933761796
0.977189253	0.74210107	0.612884977	0.298452233	0.419163058	0.613311801	0.68195448	0.177915843
0.637790542	0.644766186	0.08657287	0.282913269	0.514679901	0.188060393	0.306497786	0.569560581
0.562081491	0.984754433	0.394242512	0.312103183	0.268908728	0.275992064	0.353443738	0.737539842
0.972460592	0.493206728	0.386132925	0.281526677	0.395590105	0.184508	0.595883388	0.822304924
0.505916897	0.900857855	0.53579658	0.260015978	0.403524857	0.908293361	0.44253562	0.35497003
0.244223956	0.924147097	0.453019446	0.355276271	0.255388443	0.169029903	0.525852816	0.125311118
0.403166569	0.847843545	0.46312191	0.322339881	0.254100122	0.232567983	0.249483823	0.876980364
0.910983234	0.792337004	0.85443174	0.273719718	0.333766195	0.964301855	0.588896212	0.741494743
0.282888005	0.559676555	0.433487178	0.284303693	0.094090452	0.877184665	0.071939363	0.718934111
0.44694801	0.870395042	0.211764075	0.348400071	0.353275809	0.125051642	0.634289107	0.128986298
0.869269818	0.697293458	0.887026176	0.328510708	0.311002745	0.737096454	0.804909647	0.21631336
0.888355215	0.498662779	0.077945098	0.267497812	0.533540891	0.723698671	0.861642533	0.979399191
0.527843099	0.733004487	0.992158844	0.322452356	0.394495548	0.346363778	0.918760907	0.142001106
0.932433122	0.505295345	0.602868327	0.31799549	0.226200605	0.693279361	0.863090786	0.724681289
0.472690706	0.489441239	0.177999258	0.349400178	0.330460911	0.395722511	0.416254168	0.746755
0.457281069	0.801274975	0.202343783	0.323245338	0.309914868	0.017942918	0.731085114	0.454413464
0.039975065	0.753995766	0.944525696	0.282631809	0.303800895	0.383638181	0.138286606	0.251617195
0.710376594	0.501141789	0.082547341	0.272840504	0.283280196	0.926168052	0.997867559	0.581778718
0.545568751	0.841816481	0.416684367	0.362709398	0.331256485	0.090697184	0.654309087	0.656419987
0.713283259	0.948846193	0.710472092	0.385489683	0.132757343	0.461782575	0.021773768	0.835362117
0.472483837	0.788679049	0.590997792	0.297414068	0.342565511	0.84374903	0.455123982	0.25029177
0.763811415	0.546957671	0.140998123	0.335364831	0.484394214	0.113397481	0.307622502	0.542443678
0.645768514	0.801681387	0.861872796	0.330019902	0.374117283	0.05427005	0.670271604	0.729843556
0.42594276	0.807573661	0.117427112	0.286913416	0.112025927	0.447672282	0.34973986	0.088540157
0.450982212	0.766710322	0.850025058	0.29429123	0.343808651	0.833413395	0.538550072	0.691306479
0.796115947	0.957810778	0.919735071	0.322499485	0.41827771	0.838647179	0.453751999	0.228410993
0.645438591	0.75404283	0.166227499	0.347796804	0.212735784	0.119758612	0.618983073	0.019553582
0.569766003	0.80216241	0.256358326	0.290676281	0.250316434	0.878808101	0.918616845	0.309548911
0.25476621	0.834856319	0.969412007	0.326110789	0.249272205	0.091345239	0.243774918	0.869785941
0.873013699	0.788424083	0.716764179	0.284633559	0.1523359	0.143768472	0.344894278	0.095009064
0.380324068	0.864787537	0.053020341	0.299950836	0.251065315	0.491624952	0.632457189	0.916222141
0.386492371	0.628899119	0.470554032	0.381928637	0.53163297	0.526816383	0.420692465	0.059735785
0	0.808450367	0.97833247	0.324793928	0.172808175	0.167092187	0.137401202	0.79744984
0.198398237	0.753999023	0.306923116	0.316854984	0.412122921	0.564438002	0.988812377	0.102713448
0.903656903	0.977991039	0.813571089	0.336469067	0.286669349	0.666819141	0.597704528	0.118776677
0.575362223	0.782195765	0.945358694	0.316980764	0.282493086	0.872973144	0.882683393	0.928029348
0.384455114	0.839015125	0.072528309	0.351733873	0.413807639	0.436054466	0.130926078	0.294847997
0.781945941	0.625192096	0.314048357	0.238323251	0.270055809	0.565095767	0.004125697	0.292412963
1	0.619618991	0.661733855	0.348636383	0.466041833	0.822912846	0.119835698	0.161057537
0.999605717	0.902920353	0.222453574	0.316503982	0.257571413	0.220416243	0.342782242	0.259803389
0.593191296	0.694620604	0.458464837	0.377370159	0.36478497	0.822708463	0.734141174	0.333812223
0.260312088	0.901724799	0.600646382	0.334015601	0.340988708	0.758344655	0.304709715	0.041002
0.432731297	0.518508372	0.222010623	0.295615861	0.351290718	0.696799662	0.952944001	0.988999929
0.510282327	0.617961701	0.748196288	0.28836866	0.217585392	0.247194359	0.509003757	0.055899366
0.153522423	0.573971593	0.805958431	0.350477784	0.279718022	0.691275002	0.441842661	0.493442045
0.494037916	0.957138325	0.224914971	0.372454234	0.533933438	0.91273453	0.448547242	0.650157459
0.082322464	0.562846031	0.823472275	0.241668979	0.514042755	0.229641286	0.142165355	0.063253277
0.378908595	0.502013507	0.310995453	0.319266784	0.32695448	0.220334125	0.08136288	0.318536445
0.017877538	0.821339991	0.922839582	0.312456308	0.438465991	0.493552463	0.656133669	0.565956831
0.308563726	0.847528307	0.242987411	0.33576744	0.115420097	0.196304428	0.587785778	0.034682759
0.714557147	0.947527716	0.60909524	0.365312038	0.34485199	0.323834932	0.245018151	0.725377682
0.41942914	0.734285704	0.451367291	0.346578287	0.210598019	0.31149136	0.310747973	0.397914749
0.349817637	0.573270783	0.573897355	0.317818716	0.353975565	0.053886629	0.466733577	0.29034274
0.009197392	0.813283887	0.569255158	0.340164732	0.202137874	0.283120943	0.207994355	0.569591282
0.681413064	0.760951991	0.035627641	0.299545678	0.291924247	0.199886362	0.585284804	0.195310276
0.166878205	0.610686487	0.921230223	0.356245991	0.264485028	0.028571265	0.207723736	0.205389061
0.411119895	0.995214121	0.873999414	0.307620703	0.374375234	0.694964869	0.52588932	0.46007327
0.253879879	0.653181768	0.551632968	0.28664065	0.370702769	0.155580902	0.006194054	0.893058034
0.12839379	0.787550717	0.798226384	0.299260922	0.435992084	0.54911607	0.308853759	0.083458164
0.787355026	0.943450703	0.998076339	0.252359786	0.377313347	0.776045347	0.71297327	0.60723775
0.783928415	0.713157717	0.949353516	0.315340256	0.294882094	0.432941181	0.352690935	0.149018662
0.350341405	0.616168568	0.369563601	0.359219383	0.305137545	0.100778454	0.751203673	0.524894475
0.032651787	0.821713347	0.329595804	0.318594451	0.286440953	0.907574013	0.04938051	0.260223122
0.650209073	0.657972052	0.234454624	0.317232456	0.324485171	0.472727632	0.645472724	0.45200419
0.081942084	0.837405753	0.050036357	0.351501384	0	0.320629995	0.809941397	0.966436895
0.095185871	0.977858203	0.749331771	0.321610876	0.276187935	0.804917616	0.702879771	0.853962737
0.669579689	0.663920233	0.773082105	0.27554863	0.235841691	0.267937764	0.318630004	0.328995256
0.260768061	0.778406534	0.656491598	0.385873191	0.18472014	0.793534517	0.785748173	0.661263794
0.834320198	0.82722866	0.15991421	0.30659142	0.375566069	0.676231964	0.946260313	0.620704009
0.979306168	0.721649575	0.865226711	0.2915707	0.160989265	0.90300985	0.798183284	0.492646633
0.795133442	0.526246826	0.155413916	0.396520108	0.449895641	0.124836407	0.349943901	0.662208657
0.987112672	0.983316322	0.065571162	0.286823059	0.274008421	0.463393278	0.721483366	0.085003209
0.805258407	0.642444863	0.997898441	0.30991385	0.342998558	0.882146326	0.720065973	0.613427277
0.012826581	0.707418827	0.118850442	0.322523607	0.436989581	0.296579168	0.353431903	0.69406679
0.819961048	0.511115489	0.702361063	0.276552538	0.315334939	0.941240714	0.92784749	0.076100068
0.168780592	0.572477429	0.908513914	0.304118836	0.28895364	0.627104254	0.073444915	0.005826276
0.986507872	0.600238408	0.114317599	0.365512774	0.295205638	0.700511879	0.491137132	0.646260619
0.688006159	0.629714546	0.731919927	0.277836217	0.39807856	0.377106141	0.110227281	0.939539005
0.81675665	0.746041827	0.886144489	0.251503182	0.326433528	0.010257481	0.284703131	0.246611007
0.65662243	0.695375188	0.431056902	0.326524124	0.294024907	1	0.304048399	0.672493011
0.704956153	0.74473437	0.562286361	0.26701201	0.432177772	0.616733484	0.406218754	0.880303173
0.070447792	0.789097329	0.944404727	0.330492123	0.328408389	0.556590904	0.804498468	0.385551529
0.631878402	0.973373202	0.072931789	0.403389116	0.24579405	0.449237546	0.829952842	0.63519772
0.170376558	0.547977436	0.861229408	0.400577561	0.244558271	0.759208686	0.715045209	0.469636585
0.545906635	0.822964616	0.886350169	0.315850599	0.440000456	0.061682199	0.264461589	0.996213143
0.924560127	0.559204434	0.074382782	0.275310837	0.333711285	0.881637533	0.326013207	0.769720177
0.709043643	0.739193316	0.513669791	0.371945777	0.300496871	0.26482443	0.353812289	0.609459793
0.425950151	0.824721099	0.909398188	0.300260944	0.200128185	0.815032441	0.245436917	0.305854828
0.486897867	0.907616141	0.052864505	0.336227884	0.243905604	0.710659763	0.359606097	0.66492788
0.387999267	0.984317982	0.426781234	0.358588184	0.383621848	0.313208656	0.880291673	0.405942234
0.175202665	0.848860661	0.632649291	0.350106338	0.2482994	0.461986432	0.427792723	0.377618979
0.898279707	0.800823308	0.624969986	0.350906669	0.393160905	0.752998228	0.801655046	0.57465609
0.343038616	0.648537883	0.213420638	0.278051985	0.32441988	0.018235412	0.574794019	0.475702071
0.731044905	0.84052219	0.867495434	0.273330336	0.330480101	0.489957066	0.831812108	0.223105336
0.196332238	0.828426174	0.543703871	0.262819133	0.273866131	0.038287731	0.533184261	0.888975987
0.974134896	0.921416417	0.654448057	0.308482886	0.321081025	0.176799776	0.461673338	0.4850836
0.506509245	0.924584664	0.328833325	0.372986639	0.328128114	0.906324263	0.826195995	0.279184394
0.278601249	0.680356668	0.795176459	0.293034878	0.321533079	0.222497447	0.99579921	0.354501582
0.327494934	0.677428788	0.469247955	0.278634035	0.255861005	0.26013829	0.811310804	0.6844336
0.458786942	0.49453777	0.594461916	0.359236668	0.29202835	0.401031053	0.079446732	0.188398041
0.837925248	0.91479743	0.712940696	0.352364784	0.381988581	0.089435266	0.209010139	0.52998679
0.625398512	0.994340425	0.998880487	0.327225805	0.341652793	0.253862256	0.531585983	0.307950821
0.028791641	0.799089173	0.168793248	0.292109001	0.266087976	0.113510431	0.845829405	0.974640975
0.391474293	0.819489505	0.692499503	0.299615331	0.365572383	0.813459214	0.354866221	0.09599557
0.283180118	0.933725423	0.691901663	0.337897521	0.352785182	0.721387695	0.293310299	0.170079172
0.204955053	0.694679098	0.404373929	0.357789004	0.34668679	0.868839498	0.956206855	0.738853582
0.044474267	0.936617122	0.695754217	0.248849924	0.346153116	0.714215472	0.096775278	0.657637722
0.383596954	0.6091339	0.935103565	0.317693847	0.095803803	0.539937402	0.310576214	0.631194378
0.535573701	0.886486654	0.242376419	0.305572532	0.271432465	0.838439409	0.01467534	0.859021026
0.800981661	0.956011659	0.035652269	0.352774777	0.296409262	0.461575313	0.858739055	0.10400564
0.253908115	0.552675115	0.490227027	0.353642386	0.290216609	0.573997326	0.389938894	0.103988506
0.405365186	0.950514428	0.166852554	0.322422461	0.425392333	0.382927779	0.206057069	0.118588145
0.323824863	0.72017186	0.043067187	0.314337154	0.253201652	0.099861894	0.780413042	0.981468647
0.255727094	0.764075426	0.040735159	0.384765116	0.347882601	0.39394939	0.587687291	0.897977054
0.440306514	0.784141439	0.697385731	0.305250526	0.367505562	0.186217928	0.820910053	0.137152213
0.365254798	0.619796766	0.666546871	0.322937016	0.41035017	0.335303639	0.404778389	0.377185217
0.43171922	0.550810427	0.017458212	0.365828842	0.309214365	0.905648793	0.29734735	0.642140238
0.85633505	0.926643821	0.592386853	0.328346635	0.423170678	0.907351994	0.238874594	0.514569868
0.765898748	0.982509295	0.869036734	0.34501908	0.421479924	0.658225254	0.762538195	0.622341438
0.395912849	0.646056085	0.184186074	0.298534125	0.269995304	0.211675584	0.331349134	0.862435202
0.187994253	0.555433501	0.398107917	0.322546715	0.401248377	0.976178777	0.708998666	0.383622288
0.225664474	0.943689612	0.573091836	0.349635874	0.426602288	0.212707353	0.453868197	0.895788415
0.024800286	0.627829626	0.376083098	0.34325007	0.254328727	0.796038638	0.488380288	0.764768175
0.386383341	0.671001401	0.091839368	0.383494108	0.358772199	0.301753259	0.792851554	0.21923765
0.64510795	0.504531285	0.504454105	0.316683022	0.337228056	0.876958283	0.022201928	0.464008746
0.480231739	0.997143682	0.890410474	0.299963745	0.311310191	0.476192285	0.797814027	0.721822617
0.958390732	0.899401893	0.749159588	0.325758235	0.215811088	0.797652785	0.60614414	0.217404819
0.501354809	0.572652258	0.401418084	0.29990637	0.23045854	0.156676181	0.944968413	0.315989895
0.42892132	1	0.905758778	0.296432915	0.399968409	0.972137375	0.159656253	0.392575449
0.772175054	0.573719785	0.542439434	0.263832412	0.208729986	0.048899801	0.383586997	0.028200257
0.597374878	0.747000426	0.981077503	0.34006996	0.409606958	0.388201049	0.518583391	0.720493467
0.750442673	0.684320546	0.32102665	0.27137341	0.255244438	0.518829704	0.827524779	0.687757899
0.030748783	0.72050509	0.979327756	0.315179814	0.346774358	0.196202889	0.26501283	0.537394596
0.35682759	0.73520595	0.436401249	0.341606012	0.694147172	0.668340944	0.368281548	0.454785639
0.432057895	0.911188905	0.727618331	0.59050776	0.773470194	0.629624903	0.20270981	0.395393905
0.91119746	0.586504575	0.396405791	0.435976579	0.779158073	0.243662922	0.076098861	0.530910843
0.273814125	0.831323162	0.245797196	0.995695638	0.721811355	0.689394644	0.98088256	0.263925853
0.385885422	0.934024586	0.104949093	0.401730452	0.88665765	0.656417439	0.093074539	0.696981375
0.382529496	0.686121305	0.300275405	0.806596387	0.864884618	0.411712206	0.299377405	0.490531529
0.551795643	0.928917801	0.485077194	0.380491009	0.693457749	0.099964134	0.397596952	0.344284787
0.377283533	0.989312128	0.659899964	0.862914633	0.647917266	0.581365528	0.29720567	0.585064931
0.113297042	0.6024159	0.378468163	0.62206798	0.729152932	0.395292768	0.006209873	0.388587031
0.402380446	0.72416829	0.88492958	0.892582957	0.760452197	0.762416158	0.962304899	0.521216658
0.76993543	0.556603024	0.915285855	0.784468282	0.866411968	0.006846951	0.842637859	0.548726258
0.741528369	0.596417311	0.677848475	0.473250422	0.782503304	0.225016968	0.750120512	0.545406248
0.489437145	0.538204155	0.488255154	0.351247253	0.753717753	0.270230784	0.09650842	0.675371583
0.651006959	0.948681092	0.612280903	0.505557406	0.835320702	0.447965206	0.655463325	0.606998243
0.577307977	0.673875869	0.988340501	0.843253944	0.731890423	0.964757332	0.737088993	0.697364992
0.85556903	0.935815292	0.85051044	0.467534088	0.947505775	0.773344271	0.449484202	0.484714059
0.047653282	0.516288184	0.863255793	0.718771478	0.766851575	0.667351597	0.223893686	0.584002022
0.987886459	0.561199178	0.169718545	0.764967003	0.864489801	0.29007331	0.883189465	0.252752854
0.402331526	0.939285123	0.163526046	0.347319869	0.781023104	0.794484038	0.672435023	0.375473122
0.089799664	0.790319073	0.319069205	0.820121807	0.623035529	0.864906913	0.252124137	0.61258044
0.282817585	0.899351669	0.472822952	0.769077814	0.833200063	0.766413336	0.612348196	0.478243674
0.614712168	0.746963202	0.987765282	0.603619035	0.676395324	0.917726351	0.391098835	0.462403464
0.193254704	0.674413159	0.151954015	0.965672001	0.749035852	0.471618853	0.573538588	0.421393577
0.512756477	0.752820175	0.690869616	0.365066385	0.738206953	0.096514633	0.186458456	0.378801592
0.673898465	0.963815993	0.663674259	1	0.723066899	0.699238401	0.154884221	0.610257826
0.742038565	0.600406292	0.826783068	0.994102688	0.831555678	0.596968943	0.931727789	0.528388009
0.310197484	0.827680215	0.579954286	0.945734598	0.721712668	0.893452205	0.433103532	0.569026748
0.941924541	0.945786386	0.663433662	0.766733218	0.72702086	0.612585626	0.434916491	0.716182098
0.603076009	0.868540231	0.077990134	0.797430821	0.804295448	0.838944787	0.486685826	0.322580329
0.837693719	0.671421049	0.366879355	0.79575851	0.92837437	0.745982958	0.004821838	0.492151651
0.629758915	0.606060633	0.66701557	0.468038412	0.685046458	0.232343848	0.325221023	0.54526978
0.031363833	0.519981996	0.404487009	0.622826726	0.753070724	0.666530351	0.065961338	0.440900555
0.810138231	0.540972916	0.236115182	0.365897169	0.815671752	0.511561699	0.737058796	0.567457587
0.34612017	0.580477791	0.697769963	0.46722248	0.924780171	0.304024103	0.350224269	0.403739021
0.62485835	0.571753998	0.777028924	0.429867275	0.923646727	0.344707883	0.363038052	0.42739261
0.594880985	0.836107022	0.295766808	0.959308677	0.721768708	0.214661357	0.888419781	0.491930103
0.655990399	0.499921553	0.29762533	0.872741832	0.908402249	0.708607279	0.591860078	0.449243502
0.746086023	0.620818999	0.571839443	0.574842322	0.779072632	0.792030732	0.915323791	0.555365875
0.30504986	0.992756648	0.220785244	0.666484781	0.614094671	0.073040908	0.635013885	0.497556438
0.701864137	0.905631337	0.525425306	0.801526536	0.779639183	0.60888277	1	0.253408779
0.577821393	0.990362352	0.249283454	0.995297988	0.979463116	0.695065313	0.300824103	0.598619488
0.180696984	0.998044782	0.115831564	0.627433285	0.944854053	0.521469656	0.637533541	0.21954276
0.29747165	0.523839256	0.124133975	0.334761771	0.866544176	0.538052304	0.935440293	0.474473214
0.376771591	0.87391678	0.004653749	0.331829111	0.723826048	0.180904077	0.044903123	0.419245252
0.807800442	0.692206883	0.252744743	0.322081145	0.751293145	0.631670157	0.465680813	0.504210297
0.413785364	0.828672448	0.439952182	0.653537502	0.811815038	0.868299902	0.833634953	0.551934558
0.45109358	0.756783521	0.505672857	0.787799219	0.730424787	0.817624843	0.450722016	0.559645729
0.000481181	0.92135527	0.005096844	0.823031868	0.825054926	0.823479371	0.65759617	0.516155526
0.087908136	0.775728773	0.626632679	0.89769659	0.612377654	0.180212889	0.641978774	0.590511882
0.346530246	0.570170909	0.517114632	0.342505673	0.679945921	0.078277477	0.174616008	0.500956704
0.69841575	0.997571095	0.824209972	0.589993909	0.785335224	0.90803493	0.309525092	0.579285787
0.243357593	0.592988615	0.048114372	0.815215751	1	0.953651701	0.084207511	0.45493141
0.815018261	0.780630549	0.331201936	0.39456272	0.767354194	0.136225235	0.110016933	0.395854508
0.551537224	0.526857806	0.047084981	0.974710856	0.838080406	0.326113709	0.224030903	0.431984006
0.185376048	0.924851961	0.26585683	0.888468625	0.77023349	0.029520765	0.647676546	0.607050388
0.215396214	0.863739681	0.509944203	0.676923439	0.569294809	0.514941401	0.581980309	0.419216994
0.456294385	0.49613575	0.882676135	0.722051816	0.837118106	0.473998393	0.28589142	0.565206244
0.810578836	0.709343822	0.140121577	0.700705288	0.796891556	0.75015766	0.381639358	0.585653343
0.087076576	0.531956953	0.006894252	0.557526895	0.741763556	0.237798886	0.998031783	0.383837927
0.75281542	0.907909552	0.169183334	0.729169882	0.727892116	0.426978825	0.880709595	0.591707637
0.040687543	0.755498032	0.203865238	0.669912324	0.919620356	0.675427249	0.665688387	0.588205145
0.98125164	0.921860975	0.525741951	0.588425008	0.548050798	0.592274493	0.290877987	0.546616691
0.596206569	0.886892508	0.615923885	0.648147623	0.875344633	0.989632408	0.401861183	0.456585052
0.004107776	0.87943374	0.192512024	0.627964904	0.801929843	0.810351522	0.261707351	0.693460635
0.358642302	0.636401681	0.482584718	0.563478229	0.894880879	0.46322835	0.915317707	0.519724096
0.696503166	0.528826806	0.710792081	0.771894971	0.857891535	0.489627327	0.802493826	0.460161169
0.767399857	0.600243897	0.488753474	0.914914064	0.798218803	0.636495809	0.733690969	0.548586719
0.497656179	0.823573112	0.320505525	0.549263795	0.756324449	0.333669643	0.493902911	0.530637891
0.104574165	0.640764654	0.888060438	0.983685501	0.725742501	0.263213567	0.233234498	0.386337256
0.905898216	0.828717592	0.242294417	0.671529524	0.751626754	0.433431026	0.412956546	0.452251079
0.943873709	0.9913094	0.785045742	0.761352861	0.843855485	0.050391684	0.480120351	0.504003865
0.69049342	0.606750658	0.984892719	0.573212505	0.750571031	0.998349449	0.368130635	0.562520823
0.119449357	0.892581727	0.200675154	0.327710352	0.861493717	0.86363799	0.560343461	0.324670101
0.596568606	0.532649637	0.879644716	0.775135126	0.823769055	0.059019618	0.637274748	0.548018963
0.495797547	0.656399945	0.054553316	0.573623722	0.672081339	0.524034304	0.619798566	0.567762533
0.727953895	0.571899701	0.60190203	0.529850228	0.925369858	0.03025899	0.889929895	0.537110281
0.902619918	0.777759259	0.56558855	0.62069869	0.727514169	0.029942143	0.045761634	0.432288931
0.425368273	0.5637702	0.400899166	0.590598244	0.68233618	0.085114449	0.678636032	0.650365965
0.36830714	0.722586841	0.917585874	0.583616796	0.642896403	0.018390134	0.772262706	0.532639648
0.211954214	0.899765585	0.062837051	0.858437916	0.883444643	0.232284054	0.158945281	0.417467621
0.237302325	0.777043274	0.100018137	0.402411788	0.873037465	0.312945152	0.008787269	0.565593675
0.744377824	0.944081154	0.080421334	0.514778857	0.794494827	0.514949968	0.742028999	0.630511597
0.439324359	0.606354279	0.75738631	0.743487683	0.74303289	0.083170399	0.330649019	0.475793354
0.623403205	0.574952331	0.588286369	0.502477166	0.637537427	0.03845128	0.372293423	0.446474185
0.469270063	0.849526021	0.628079836	0.783156168	0.676170313	0.956821209	0.526734209	0.523950212
0.121578331	0.731860193	0.092240123	0.563057264	0.791767147	0.338028805	0.22419527	0.492975278
0.346074759	0.868821082	0.384278255	0.523572595	0.790173307	0.007463786	0.961164398	0.544983584
0.249194429	0.772005086	0.76681391	0.545367916	0.805639804	0.932898711	0.207682759	0.403147624
0.65427732	0.511410277	0.170333551	0.338193998	0.900132753	0.98616993	0.694404092	0.409643035
0.931174176	0.914002844	0.734618004	0.954721656	0.804992602	0.087846861	0.6836675	0.406112947
0.338394607	0.582005132	0.749278998	0.59666662	0.718299208	0.20654918	0.435803928	0.462693599
0.428049791	0.724711688	0.37410117	0.386690705	0.710567849	0.188371704	0.708428363	0.453553858
0.826020417	0.900546398	0.434223241	0.331378795	0.897908089	0.282681598	0.982398677	0.550769194
0.302050423	0.736991057	0.969701026	0.635076041	0.792161731	0.755967377	0.67189039	0.440520394
0.958256496	0.889788118	0.463513255	0.876739187	0.884898875	0.700465735	0.174590078	0.578611385
0.14528956	0.990211767	0.071870157	0.766667443	0.646862372	0.81076759	0.265976176	0.434569425
0.157303224	0.893758466	0.411949028	0.833425803	0.861386513	0.530311386	0.405085809	0.574123143
0.777332947	0.56399552	0.514508464	0.970149742	0.699704767	0.565080559	0.082178346	0.860651231
0.028697079	0.663706428	0.117467948	0.547682398	0.854491521	0.312437912	0.652343571	0.496595159
0.214823728	0.833530826	0.711777154	0.674121301	0.919821883	0.093815272	0.419360149	0.826761658
0.701372058	0.49112006	0.540510897	0.897156873	0.633498823	0.848486848	0.192609817	0.650467665
0.739740615	0.535866533	0.708113179	0.696532776	0.900847788	0.808025493	0.190388914	0.35687129
0.939586501	0.774131886	0.534434007	0.445938812	0.773492745	0.552774776	0.203502599	0.40496596
0.801361649	0.983892676	0.094603901	0.500457496	0.822458224	0.05821242	0.640016528	0.573554389
0.692651791	0.792987137	0.342290939	0.8994752	0.728442848	0.478414963	0.438119879	0.65598647
0.14180212	0.61503048	0.772109092	0.336822853	0.802982194	0.235377105	0.397682203	0.417584704
0.92058151	0.839826012	0.18776728	0.798079244	0.830723248	0.434259437	0.301514082	0.374322052
0.142127014	0.488938655	0.42160329	0.380653464	0.8015466	0.856221603	0.533286322	0.384152372
0.392582767	0.981236953	0.245610506	0.352487916	0.855406235	0.333377592	0.284043422	0.512780345
0.27010667	0.560836484	0.68936155	0.872996271	0.783718838	0.477924564	0.93455231	0.612462999
0.365723531	0.535007627	0.070516558	0.739119845	0.80596425	0.629884738	0.676948004	0.593447901
0.166217521	0.86041666	0.798004582	0.982027583	0.826672148	0.030479943	0.560315191	0.555204855
0.752032353	0.904016844	0.228123667	0.871323259	0.706287852	0.419881415	0.206907533	0.583243047
0.041875021	0.915231837	0.50453119	0.609435057	0.849294935	0.867668645	0.901648706	0.510002345
0.104099558	0.543522868	0.557284204	0.814829068	0.856603688	0.080839096	0.965713133	0.360555123
0.056098097	0.929798671	0.787898636	0.721026168	0.799937243	0.056279689	0.940935416	0.601178071
0.380624242	0.930732741	0.355346422	0.454520721	0.795848607	0.408607763	0.535261733	0.418709759
0.060424527	0.53943745	0.204122695	0.426710326	0.826240708	0.841531405	0.668525742	0.533530123
0.070188104	0.487450429	0.74989462	0.495531869	0.682313443	0.16920092	0.385951054	0.476896773
0.790196836	0.736774227	0.38847274	0.871001262	0.770777604	0.983416835	0.617428214	0.49806798
0.514769107	0.490214641	0.725993876	0.479088779	0.651240047	0.296005063	0.499812801	0.46003201
0.699959162	0.51827724	0.549413242	0.770446351	0.847917041	0.919737221	0.273826134	0.565130181
0.10573083	0.879398386	0.116887205	0.885985899	0.622896748	0.213957685	0.790611409	0.517028466
0.256956227	0.858939105	0.849628538	0.436873752	0.683304522	0.076063129	0.561348824	0.668099549
0.140313714	0.562914099	0.289115586	0.457288873	0.680337442	0.825967311	0.426875974	0.460141477
0.459105995	0.647214323	0.938144534	0.53256776	0.667153512	0.07082431	0.949108078	0.508468207
0.442658151	0.755191509	0.772360993	0.740678197	0.703424498	0.700275613	0.272116718	0.484546793
0.550967436	0.843338227	0.680257705	0.971003309	0.655522563	0.272928472	0.044321874	0.470624121
0.852454177	0.803058057	0.701958618	0.594344383	0.789830215	0.318557451	0.902176996	0.515823393
0.094969822	0.707725313	0.077577438	0.775308272	0.862648837	0.005144142	0.672355727	0.543575513
0.477618475	0.814493597	0.171834702	0.731758967	0.739317056	0.605949673	0.141110648	0.745433294
0.555641706	0.982346703	0.771857696	0.724868074	0.765166265	0.876631876	0.238813017	0.600851921
0.009249251	0.888594202	0.078760091	0.553377744	0.784487273	0.516531033	0.516333389	0.429482075
0.476391036	0.905559244	0.50305726	0.41691648	0.774889609	0.210315412	0.985405756	0.633745349
0.297872524	0.676136404	0.560424362	0.802248565	0.661376328	0.113923121	0.465552898	0.29537903
0.224937662	0.551057906	0.960545403	0.805984856	0.728543513	0.232976142	0.261270714	0.591540984
0.930218028	0.809112332	0.997005838	0.483784024	0.737707517	0.263902845	0.186101327	0.624244367
0.889269571	0.8107025	0.311893116	0.882478704	0.775678977	0.910932853	0.160542645	0.380602012
0.947236937	0.864750473	0.053200412	0.728892758	0.654324353	0.276938158	0.314995106	0.719161917
0.078491982	0.69476814	0.737133648	0.89478317	0.75748893	0.781142052	0.026167813	0.545715451
0.463844556	0.978281249	0.583836892	0.654841153	0.745676326	0.683371806	0.997683038	0.476110709
0.787142809	0.999479739	0.218189564	0.732398729	0.715034289	0.387733819	0.807731233	0.750844156
0.447133359	0.55882297	0.628307155	0.617922959	0.51715489	0.232003018	0.301743286	0.688330323
0.934574148	0.706731322	0.587396305	0.667795894	0.829053766	0.142274667	0.412082779	0.555733953
0.329964612	0.552671234	0.232576547	0.320544838	0.721932749	0.411929516	0.301109968	0.610003211
0.300048559	0.970961938	0.286075777	0.512252039	0.712283237	0.548420455	0.388238369	0.664544224
0.603015435	0.755822463	0.419749125	0.495419682	0.734925624	0.434324616	0.248788291	0.258910429
0.185782183	0.580251073	0.570541673	0.894377259	0.764313351	0.123187578	0.319750804	0.723256749
0.780163217	0.618321319	0.94018234	0.527551339	0.727000829	0.141680931	0.191298589	0.50820722
0.963715291	0.814412941	0.760233352	0.815328269	0.623392768	0.269059372	0.05734896	0.768459447
0.454081538	0.795123822	0.233597078	0.4548397	0.726449125	0.932389751	0.358336183	0.589220309
0.075671501	0.85000545	0.713494565	0.83730664	0.730324219	0.61290254	0.657256348	0.476452786
0.856325769	0.988417945	0.996767587	0.327272643	0.721539851	0.263728986	0.946047665	0.342489022
0.915732637	0.964674727	0.240889662	0.606978502	0.815872375	0.201204742	0.807090306	0.386267923
0.353359634	0.846048473	0.845885234	0.482250398	0.815192211	0.872255983	0.748962666	0.463863082
0.636861959	0.818081558	0.962773242	0.414227557	0.724494661	0.59044214	0.855157608	0.424753236
0.420481705	0.877137728	0.958048099	0.842012718	0.802799709	0.623807237	0.818989997	0.602888511
0.861394527	0.781705366	0.24463013	0.510616257	0.576519289	0.929705701	0.95559993	0.571747735
0.428433508	0.799197956	0.011115515	0.581440795	0.935089527	0.392041332	0.803604912	0.578569408
0.767443021	0.764059122	0.257903017	0.869057691	0.793667439	0.45266802	0.780304424	0.479681517
0.967584823	0.942391716	0.169224026	0.455342983	0.734384116	0.499156251	0.28372118	0.578905261
0.833863753	0.521306389	0.791555578	0.37082993	0.896063725	0.196368328	0.65976392	0.449085049
0.972811341	0.945883051	0.046637768	0.597283153	0.815051993	0.414532734	0.174470558	0.45164395
0.636368219	0.610135876	0.463854367	0.67043941	0.906408712	0.642578122	0.804291611	0.649992313
0.44748147	0.995247056	0.074396063	0.81526324	0.803363973	0.70256506	0.144163762	0.356504013
0.299734782	0.962586641	0.569934925	0.344379217	0.580914919	0.146645677	0.615662939	0.701924015
0.009977686	0.987798076	0.675135314	0.914562088	0.713722623	0.237544633	0.389748064	0.558826169
0.905403916	0.108765256	0.896151888	0.007269105	0.329368	0.732827389	0.121790597	0.286805101
0.562488225	0.076633	0.386731192	0.085893961	0.524369074	0.269199675	0.862142536	0.110250367
0.065502716	0.054369648	0.872877488	0.1332355	0.67182391	0.936633837	0.779587699	0.930542028
0.521987865	0.162886257	0.611073007	0.072294099	0.357949354	0.587753307	0.014793349	0.924074567
0.143988867	0.139961978	0.066596339	0.018256317	0.739712835	0.655102043	0.122167994	0.824440931
0.201985729	0.045037223	0.381160014	0.032321567	0.370942279	0.924400809	0.272699578	0.836379975
0.185437189	0.042848881	0.020394284	0.062355598	0.335388784	0.826485372	0.024573463	0.613667317
0.060585787	0.1314098	0.229394409	0.054619313	0.497743369	0.559404859	0.442471218	0.333051048
0.229477128	0.185940513	0.101865315	0.112277164	0.616366832	0.701560413	0.939253068	0.423229994
0.827759484	0.066994787	0.370851248	0.095119967	0.722565035	0.978554131	0.997565525	0.828337664
0.747973818	0.133006513	0.816216943	0.103564779	0.448142023	0.252369315	0.004731664	0.048867068
0.503726323	0.163419831	0.055854181	0.041080901	0.332285639	0.163585263	0.322482346	0.907345887
0.992503254	0.143746217	0.98841479	0.143995707	0.653934231	0.214751407	0.046902857	0.346952082
0.460011244	0.051135401	0.761479709	0.019062748	0.64652703	0.685741868	0.622590243	0.003403294
0.188572268	0.130901717	0.118679136	0.028931809	0.659533875	0.687314202	0.932063669	0.05026811
0.996204982	0.191321934	0.205458272	0.087411258	0.614722927	0.206691693	0.050083809	0.401013595
0.483637189	0.089317548	0.415247737	0.041509114	0.408439942	0.874356268	0.304999357	0.146729517
0.413584143	0.105406509	0.963726808	0.103869345	0.737154602	0	0.203636131	0.539280776
0.293782252	0.073414048	0.457312323	0	0.53687848	0.450244357	0.585999861	0.82609508
0.517964862	0.208938524	0.109958911	0.025447183	0.609604067	0.543882606	0.639248946	0.769574269
0.163328998	0.028189034	0.646974491	0.068094019	0.612829155	0.780538714	0.837617151	0.589593604
0.023662364	0.132847899	0.390344949	0.050188404	0.616398192	0.470495518	0.895900354	0.03093393
0.537462376	0.13504061	0.491561427	0.05158989	0.491889618	0.906596304	0.449277305	0.020486762
0.233897804	0.105604692	0.088938004	0.130959676	0.614290797	0.176670195	0.0487088	0.528318144
0.056092292	0.122186473	0.029936179	0.092055601	0.345731763	0.837765862	0.612650415	0.438348978
0.915562743	0.059078626	0.6191786	0.049358364	0.476569719	0.790956035	0.486926642	0.498637933
0.206124232	0.182969892	0.771354316	0.053216694	0.544102466	0.378956723	0.856066965	0.357640383
0.9523272	0.033424363	0.06441187	0.070996588	0.578921331	0.523290662	0.612830637	0.209051494
0.30951953	0.133785922	0.517425886	0.126778067	0.485191528	0.889979768	0.862714165	0.222804222
0.235594673	0.16117491	0.757202436	0.126798803	0.690893733	0.837241261	0.952099041	0.944706715
0.656410499	0.18263662	0.716734629	0.046048846	0.53643525	0.649257291	0.836015053	0.190736145
0.477347652	0.044677266	0.507471646	0.058747432	0.58254051	0.207729334	0.356854666	0.007591087
0.69767997	0.112772231	0.779527388	0.075256679	0.359088184	0.046876824	0.664033663	0.45818752
0.518485541	0.134733598	0.432078065	0.125691476	0.527375667	0.439280668	0.065704327	0
0.899832237	0.118454073	0.49084929	0.078026731	0.361166345	0.839969968	0.495288775	0.152898712
0.761746021	0.169776438	0.92267991	0.090588948	0.413129094	0.795951774	0.387830672	0.939003115
0.566739346	0.101345203	0.81725592	0.090987065	0.426775646	0.651358171	0.205254945	0.485776334
0.311356192	0.143469024	0.767443584	0.085962018	0.695459871	0.462094113	0.939806757	0.336433266
0.278851335	0.145884984	0.920570335	0.036313534	0.442683228	0.398843578	0.832243097	0.045078525
0.976153783	0.088075248	0.937670185	0.062650385	0.620104578	0.981090918	0.126485235	0.000514625
0.51331651	0.107290066	0.386774438	0.088969744	0.734121706	0.211579983	0.405783406	0.366817243
0.787689467	0.0588723	0.593406133	0.105487968	0.725795604	0.309349109	0.761218422	0.667832093
0.653610173	0.150981512	0.014744889	0.051522122	0.605151439	0.548745265	0.376121943	0.607333017
0.91822325	0.129133061	0.181248488	0.032449397	0.54880522	0.47031382	0.238378381	0.52508309
0.214476471	0.009081467	0.476612716	0.073041384	0.586359184	0.993712295	0.241069269	0.076348375
0.217793451	0.134096195	0.005779244	0.092957857	0.417767681	0.665339174	0.933609561	0.378216566
0.44427621	0.079316302	0.793157801	0.119496893	0.58419082	0.530348973	0.411074432	0.267072137
0.950631588	0.077861526	0.687463481	0.013272443	0.363496782	0.827240496	0.093030752	0.186762877
0.229810045	0.192333304	0.50707266	0.045841748	0.748155402	0.328596106	0.3235351	0.779999592
0.54243449	0.150158546	0.020596769	0.056113326	0.697948389	0.888657376	0.191643551	0.655496699
0.852084734	0.05783282	0.71722324	0.063796135	0.33883408	0.845505139	0.295309078	0.176816628
0.166293792	0.172269697	0.547388687	0.065635313	0.436723363	0.955240393	0.93273324	0.215552842
0.748820524	0.105605358	0.731401862	0.076506337	0.350107388	0.088368422	0.175061301	0.615282293
0.736947703	0.09326169	0.918141093	0.158207625	0.624615549	0.385933675	0.247866117	0.328114017
0.19983975	0.170282476	0.360890951	0.096737176	0.393198562	0.602570711	0.793696712	0.268639504
0.048887435	0.202707245	0.861015154	0.050242075	0.668352409	0.319400548	0.070569867	0.46386008
0.637486577	0.165882944	0.886282039	0.084876547	0.526355488	0.516642302	0	0.905361589
0.522334915	0.169308406	0.836852319	0.104665815	0.718628685	0.008391456	0.256333942	0.42041008
0.256946856	0.163979886	0.599912279	0.085332548	0.416486983	0.156299806	0.279544088	0.603524431
0.030530527	0.201372926	0.689153274	0.116234062	0.400617353	0.321576245	0.755860667	0.399215014
0.240822347	0.085839764	0.693278978	0.059838025	0.50865517	0.056531787	0.794898561	0.58001681
0.036590877	0.100066843	0.240468383	0.019976893	0.686499649	0.884464947	0.274153206	0.506992187
0.329702512	0.079462757	0.479865734	0.099998545	0.50489498	0.731529178	0.024249901	0.447787417
0.083667327	0.121559299	0.821953179	0.042833769	0.404423322	0.982537896	0.66479202	0.918927038
0.877950248	0.13780045	0.42877322	0.062551836	0.750910135	0.373079554	0.7289311	0.347978023
0.540587787	0.148832024	0.8109002	0.026908281	0.600610993	0.497920159	0.755126054	0.869773422
0.882413097	0.1724736	0.584119012	0.021556539	0.567849894	0.840820003	0.998575422	0.964758918
0.561404292	0.183523496	0.270894968	0.085358017	0.654359744	0.608222942	0.642341351	0.670879612
0.824386729	0.155634382	0.506161568	0.090507823	0.484428335	0.126717396	0.088990953	0.341224871
0.11555291	0.147881139	0.527701637	0.109388996	0.752310268	0.38314366	0.882404723	0.139116544
0.847363322	0.184695904	0.365155103	0.104133286	0.648826307	0.734068269	0.503370473	0.757129761
0.071977729	0.0764169	0.071536285	0.025677424	0.621207187	0.785648847	0.03759466	0.712899834
0.547491847	0.106911207	0.248539405	0.090181296	0.361283497	0.493648234	0.98950268	0.202420536
0.719269451	0.12643639	0.488103503	0.076716365	0.604711665	0.400886432	0.329656072	0.48971894
0.073013549	0.073361821	0.731558057	0.069269873	0.580415941	0.082609436	0.408883643	0.635194714
0.439708081	0	0.44783473	0.130355506	0.61659258	0.707181484	0.660223813	0.286637731
0.976966817	0.111618679	0.602275537	0.105067698	0.340218816	0.886159449	0.681981184	1
0.48894746	0.125653028	0.365346935	0.054753038	0.497908732	0.508242273	0.50384834	0.328878491
0.915133918	0.075342592	0.963772076	0.031594418	0.422421295	0.832077291	0.650421674	0.851981207
0.022579814	0.07694631	0.653955394	0.034053024	0.610926394	0.779497856	0.768733841	0.012223574
0.73281775	0.110437548	0.326198307	0.053719838	0.494857552	0.774419984	0.748597374	0.782465548
0.784480343	0.051302413	0.009045591	0.069513341	0.480271858	0.276533588	0.375133184	0.618588069
0.467173184	0.218771901	0.427044309	0.145788895	0.747493337	0.211247401	0.753333049	0.305133561
0.725686336	0.136562517	0.484048812	0.08926123	0.706562887	0.45225678	0.404500113	0.88273115
0.884716498	0.06336122	0.463771164	0.065590878	0.340727605	0.678307057	0.106709199	0.360823147
0.386851358	0.118013148	0.060669501	0.067187964	0.37149926	0.917925638	0.853808156	0.296824657
0.075404547	0.139038974	0.66493213	0.076193071	0.47508763	0.566389014	0.553268088	0.019367172
0.565384237	0.180620303	0.115216885	0.07863653	0.427205561	0.262630757	0.969054258	0.295616986
0.011302059	0.142343463	0.183941157	0.098900243	0.63123016	0.72139032	0.175716443	0.631825177
0.974894534	0.051509222	0.479625376	0.061499853	0.383760358	0.021112534	0.937873232	0.324642618
0.632887037	0.12659379	0.972259835	0.103749455	0.556594207	0.832969905	0.577767426	0.807412515
0.95682431	0.129987882	0.591992728	0.088086467	0.700329268	0.736865877	0.09089735	0.392254782
0.335396745	0.18735929	0.229147118	0.086515713	0.448664673	0.765058864	0.932733991	0.543471922
0.037247153	0.167734228	0.00394691	0.059577438	0.443623909	0.13066408	0.337047814	0.169973127
0.423659494	0.138833411	0.262408173	0.139196548	0.496944557	0.598187502	0.386066129	0.869424546
0.051446648	0.167132574	0.938147836	0.067371192	0.6085003	0.010980072	0.795895052	0.174370354
0.85387114	0.152364798	0.450354736	0.106908064	0.538645027	0.341957567	0.980780029	0.441897888
0.274953248	0.153312743	0.205768349	0.038783287	0.524978477	0.833803597	0.8032966	0.219499152
0.911752108	0.028648564	0.109525022	0.091106036	0.420347402	0.47617323	0.76062634	0.621972575
0.564076645	0.094602763	0.757213177	0.024154108	0.444713874	0.775203867	0.018531585	0.946307247
0.084552938	0.137077042	0.186850424	0.04219771	0.449442022	0.167276582	0.08809708	0.960822846
0.730526384	0.185074679	0.859790328	0.122484659	0.420614876	0.196758156	0.991249538	0.543259857
0.636431079	0.034838635	0.741348141	0.074041073	0.439131105	0.06319213	0.40023768	0.325041409
0.090274886	0.183321873	0.424555071	0.144450912	0.650099159	0.51204075	0.355416036	0.731565242
0.211572075	0.037431855	0.084305986	0.032110479	0.563373472	0.455188086	0.46695557	0.771677605
0.748450792	0.019102789	0.421976876	0.052031388	0.568045046	0.30862515	0.264652999	0.184392427
0.187478993	0.215402225	0.997523844	0.070039301	0.553703609	0.50501746	0.146867319	0.993797601
0.915679705	0.015865141	0.938079017	0.006085391	0.347418946	0.282233757	0.747475943	0.60599622
0.018781212	0.014075262	0.203420574	0.084258948	0.61077437	0.670110927	0.675760538	0.047524745
0.949831649	0.087552544	0.989648322	0.08436827	0.361869618	0.313867479	0.295177661	0.733281987
0.541912766	0.074179403	0.11250075	0.091040349	0.440542512	0.888795444	0.376488424	0.134144655
0.872956552	0.060844121	0.947921762	0.132988943	0.739560883	0.678104614	0.610327707	0.575192891
0.175510506	0.116650777	0.317978488	0.119919059	0.6785607	0.896173979	0.047505248	0.868415097
0.615181853	0.090194402	0.041204986	0.103548681	0.323188717	0.306539345	0.931083787	0.566759181
0.664506443	0.13619232	0.760283968	0.041756268	0.415391348	0.969560984	0.145156951	0.918885874
0.024736226	0.016216645	0.225545012	0.052936124	0.753058207	0.447951347	0.105990741	0.268013405
0.733546938	0.096387242	0.25567384	0.018412207	0.715073751	0.665934695	0.524808909	0.220834454
0.827022876	0.130190786	0.037696052	0.016723697	0.605408265	0.071002801	0.526147878	0.262868833
0.742830869	0.205604173	0.648821845	0.029075895	0.425529073	0.307926393	0.650813744	0.304293613
0.338301452	0.052289716	0.486710376	0.102061766	0.512849906	0.269517084	0.007375063	0.767303891
0.887765914	0.023748544	0.270700061	0.071173568	0.74671398	0.29728161	0.00012992	0.736059886
0.220315178	0.043035794	0.180583993	0.029244788	0.413533214	0.997990839	0.074801849	0.282469714
0.159296121	0.130315509	0.613411659	0.084738984	0.588036983	0.27217283	0.010763295	0.202415776
0.213820728	0.258161932	0.60299013	0.026198858	0.451307239	0.046254334	0.805635126	0.74901729
0.049622057	0.200096197	0.642185907	0.057049849	0.383304174	0.208374048	0.537537696	0.157761402
0.388892667	0.16471453	0.676769255	0.068834604	0.55737173	0.327819996	0.056774466	0.818040085
0.355454744	0.125870306	0.126693767	0.058193933	0.603009807	0.510988313	0.732181471	0.033322501
0.820068865	0.128397156	0.40346054	0.078648154	0.673124062	0.141932012	0.475309141	0.533892388
0.791464614	0.087030887	0.398199505	0.054086469	0.486960306	0.436585552	0.077031051	0.848746981
0.51359496	0.09043106	0.465764567	0.054925179	0.370836568	0.130622956	0.405368997	0.902100672
0.593282101	0.124438149	0.855873215	0.075763158	0.521302023	0.317972055	0.599979314	0.160568062
0.006062739	0.079583609	0.592412903	0.109794211	0.452231121	0.706453328	0.369142758	0.076986252
0.630149135	0.153894511	0.133096337	0.068269276	0.38384266	0.295164882	0.502858426	0.764608639
0.094307258	0.12942541	0.52701618	0.074722792	0.567531278	0.629214897	0.630379184	0.065369051
0.490777241	0.086713719	0.991820038	0.02306118	0.749868105	0.390037121	0.69574769	0.69112264
0.197776117	0.100358908	0.294739078	0.063637376	0.461677563	0.779512863	0.670009737	0.683083903
0.559057383	0.146104165	0.442682569	0.078758048	0.325795961	0.112962528	0.479089909	0.034783795
0.665682375	0.06057734	0.095981498	0.075661303	0.541599403	0.560968559	0.154579419	0.497334042
0.239850056	0.052173873	0.253067433	0.0962569	0.413466247	0.112361388	0.820116452	0.217845657
0.792550819	0.107936353	0.809961029	0.14467177	0.611776984	0.539865485	0.396039267	0.755068882
0.559142373	0.115992978	0.354743392	0.035761382	0.452858431	0.625158737	0.931276711	0.564539235
0.708433031	0.124528119	0.62814552	0.066904763	0.480534197	0.775514256	0.721915287	0.231490019
0.5333363	0.170722246	0.271867766	0.119472949	0.473079582	0.788166894	0.952860804	0.430943005
0.312100391	0.204121644	0.822274911	0.055398751	0.505376421	0.037403202	0.018254542	0.375927625
0.015579812	0.119146795	0.526947261	0.117467306	0.350121498	0.141915769	0.382454361	0.011259215
0.249199611	0.165514902	0.547421171	0.134386878	0.554505092	0.398796783	0.213008245	0.210755704
0.837906937	0.072285937	0.37508263	0.103367176	0.542523583	0.20278265	0.02927806	0.869024529
0.019853923	0.069864937	0.793689574	0.034488428	0.729676336	0.386603888	0.278115886	0.108089422
0.046062633	0.149165434	0.372037882	0.060367129	0.677133169	0.37682397	0.228456408	0.74941069
0.025559919	0.090172137	0.706978972	0.068350651	0.446245471	0.110782256	0.131699607	0.730931324
0.312731963	0.040484833	0.949052752	0.06563077	0.454022047	0.545247349	0.393178586	0.475690143
0.565190981	0.117206469	0.500707684	0.126774105	0.588759575	0.606122777	0.162568218	0.863014833
0.501166601	0.166271593	0.15248859	0.060539976	0.324426376	0.652997984	0.120901991	0.863210682
0.13360732	0.096688101	0.414447134	0.072166562	0.332315175	0.676956433	0.69257458	0.845981078
0.424458983	0.121602703	1	0.094136566	0.557045991	0.804907965	0.648247589	0.680981043
0.441677709	0.030548453	0.216500764	0.079614849	0.508522006	0.639547877	0.612635412	0.288996121
0.24621902	0.065992797	0.78443766	0.025184511	0.602678517	0.713081244	0.673757921	0.299396511
0.066916504	0.119179991	0.077628914	0.117395923	0.321705614	0.326699226	0.736558873	0.297123441
0.146702985	0.222650988	0.700697241	0.091918769	0.611700478	0.243092277	0.311655492	0.54982988
0.877971758	0.028109933	0.509757738	0.045290325	0.64273545	0.494969617	0.639617015	0.359719951
0.849116316	0.083266531	0.398865073	0.082951184	0.473080974	0.45254147	0.91571932	0.967017831
0.467581257	0.105751531	0.241314041	0.07925436	0.380964255	0.575605778	0.507603453	0.044227177
0.545227286	0.0991803	0.023752295	0.13450377	0.661241264	0.12108318	0.149976055	0.91410706
0.072703637	0.038232682	0.042092976	0.027396032	0.615811967	0.235021704	0.772487667	0.581678919
0.580183269	0.152552321	0.182329659	0.164282214	0.402211375	0.357268378	0.30321738	0.559163088
0.569957763	0.128857667	0.593605919	0.093011745	0.729496513	0.77722913	0.795490505	0.921597099
0.377118532	0.148990588	0.421566872	0.038177578	0.642629554	0.358941772	0.051994971	0.47381097