0.432096179	0.639192589	0.108600553	0.310709842	0.369287026	0.206854429	0.335936678	0.546907816
0.399827147	0.955636351	0.140836063	0.043382748	0.463738277	0.106567789	0.317587228	0.573950983
0.481743127	1	0.155343054	0.190816237	0.331736759	0.028806343	0.337707381	1
0.410931006	0.236762661	0.217773229	0.174334846	0.416117144	0.417096114	0.283030221	0.935357971
0.412478469	0.299948295	0.177554769	0.122483605	0.299031203	0.283052683	0.278629319	0.463271265
0.440087297	0.9369538	0.317441535	0.257083576	0.423291957	0.041839184	0.292323833	0.597806864
0.40993538	0.295248407	0.210568181	0.594804889	0.342706179	0.354212707	0.183595948	0.729195384
0.578325029	0.08606145	0.109258066	0.57746548	0.478989643	0.043228206	0.279234999	0.679829885
0.385587545	0.112520773	0.132230215	0.727049232	0.40265463	0.188818846	0.339586879	0.606312102
0.340695359	0.806772172	0.181263938	0.263404615	0.467503424	0.075534572	0.276384935	0.85202971
0.449403537	0.319554507	0.234476388	0.182766442	0.424173321	0.082340956	0.344142975	0.546054609
0.458382473	0.689335148	0.107809244	0.202243098	0.452696663	0.405033115	0.269716643	0.345544344
0.4837256	0.098662899	0.252093462	0.48700046	0.480061922	0.070029069	0.271753248	0.553077457
0.380893182	0.136988815	0.290334569	0.371880037	0.355375553	0.015621601	0.320210408	0.456601328
0.354420642	0.707014439	0.125504598	0.376627975	0.343189286	0.233448776	0.291744784	0.495201548
0.445608131	0.520604812	0.166906375	0.603986754	0.38998771	0.063596803	0.321698745	0.825556465
0.512613459	0.990491955	0	0.343053914	0.364458882	0.382939541	0.276943872	0.441736862
0.458816301	0.439145246	0.271490295	0.433655064	0.402726204	0.374053749	0.232352428	0.682018433
0.525600227	0.927925429	0.277248914	0.529950467	0.352388601	0.121092973	0.273938247	0.571894671
0.481769739	0.210671235	0.121309522	0.169922522	0.308729333	0.31072375	0.273237667	0.508011689
0.434033194	0.269765347	0.296438209	0.479690269	0.367002763	0.384034454	0.323819044	0.35040987
0.485277328	0.888901909	0.236925999	0.62247793	0.397258626	0.147236367	0.309246504	0.924346306
0.461486966	0.09811235	0.141401089	0.211170433	0.375610279	0.146571963	0.319971839	0.812552555
0.519522904	0.370963693	0.168354389	0.292193919	0.388805883	0.10635098	0.245402007	0.851765352
0.49495696	0.74710213	0.108845265	0.192065283	0.389256035	0	0.283638294	0.625743012
0.970191924	0.750957438	0.671278234	0.781494429	0.613242292	0.657900865	0.395285056	0.530573201
0.518526173	0.147321869	0.459003338	0.727736405	0.60625251	0.674607933	0.552277635	0.499263247
0.705563768	0.971101242	0.559184391	0.796388416	0.604239014	0.628125795	0.784966691	0.501425584
0.798563595	0.786259485	0.564555262	0.812556518	0.67480563	0.657293766	0.710049396	0.570919653
0.617055723	0.439457104	0.236468159	0.883489967	0.652438301	0.621296675	0.55880565	0.521630603
0.767329423	0.955924178	0.675250519	0.650585804	0.641393498	0.597099773	0.56534384	0.556798746
0.866987332	0.391493859	0.750506011	0.512809404	0.662068944	0.711167059	0.845351328	0.557858178
0.713884861	0.741832532	0.231029358	0.923392226	0.552886137	0.675132733	0.542646735	0.465474309
0.613511218	0.629330898	0.342284449	0.751628096	0.66344222	0.609565827	0.709820413	0.533760293
0.791699164	0	0.591652455	0.673923148	0.71268699	0.739512423	0.754223147	0.506537412
0.704603086	0.070871905	0.637888127	0.697457995	0.536572725	0.764053886	0.781667866	0.526595574
0.796647558	0.837622112	0.93605951	0.587800866	0.601583342	0.661882592	0.889476565	0.485170277
0.940122001	0.706218633	0.774502707	0.717925344	0.648086621	0.581258932	0.658907117	0.575211562
0.856609557	0.014785605	0.681093455	0.683994275	0.602271914	0.665403059	0.423408683	0.559460082
0.923485724	0.814733848	0.89055329	0.648280804	0.722782353	0.650112323	0.482929693	0.532568096
0.998592856	0.20369587	0.762401438	0.632596825	0.63720894	0.639912843	0.756401087	0.539366478
0.995775042	0.235787949	0.788627977	0.750224347	0.615060562	0.566935472	0.832409377	0.529387405
0.871998798	0.121258124	0.652942294	0.66143462	0.691780314	0.6486837	0.585970146	0.535049341
0.756111344	0.066606375	0.911572693	1	0.740438326	0.579030271	0.413686399	0.558507484
0.577870431	0.862779023	0.414308927	0.966953911	0.57237325	0.674324826	0.923283799	0.517005824
0.96122952	0.384524958	0.977139298	0.955042134	0.584459286	0.753313929	0.594300626	0.544222344
0.852677513	0.973185195	0.248670684	0.688023033	0.618202927	0.687881111	1	0.485914452
0.473987131	0.382291829	0.522075865	0.643895597	0.611699054	0.627122898	0.520105357	0.542729543
0.525851382	0.485585915	0.410618748	0.64509522	0.693851121	0.611379674	0.568020023	0.510562323
0.656843944	0.813098877	0.501301837	0.866648169	0.623902385	0.633724205	0.442746222	0.555082382
0.047704582	0.447298188	0.498368901	0.570742462	0.021557222	0.176268977	0.085064369	0.123001296
0.066037454	0.621692072	0.949457418	0.020839063	0.085435735	0.116859634	0.075611259	0.111815706
0.149024689	0.787185499	0.313027926	0.100631086	0.057621626	0.175806159	0.081519284	0.05471955
0.038952505	0.402356171	0.399338666	0.119267771	0.080338381	0.099909162	0.058796628	0.039919856
0.010568327	0.807580112	0.605414569	0.553076012	0	0.386873879	0.067892839	0.142474445
0.028960534	0.043239478	0.679191323	0.49415698	0.049131504	0.408117966	0.076532407	0
0.056366193	0.900927757	0.771293928	0.336943855	0.126264132	0.358067662	0.051755559	0.119405953
0.102647771	0.321770516	0.631611403	0.294184856	0.06484738	0.186991223	0.092997475	0.07415679
0.107723403	0.404240945	0.756924657	0.432199613	0.074805771	0.308909142	0.075528867	0.054838309
0.041379667	0.257222822	0.850163322	0.258567671	0.068483916	0.205041427	0.084114462	0.073929021
0.112685099	0.262965266	0.404652531	0.5443898	0.118419919	0.389394567	0.071716978	0.152807362
0.067131583	0.400412512	0.406471264	0.677896667	0.094269642	0.287363364	0.093007797	0.069045703
0.073747959	0.076990441	0.628582432	0.226823954	0.079138122	0.132897233	0.084998753	0.085849984
0.120837051	0.007836075	0.912920063	0	0.002112473	0.169037109	0.086782339	0.080004397
0.027321144	0.793408339	0.588289258	0.563576823	0.003029932	0.340509628	0.054489641	0.195158262
0.092080552	0.914929492	0.868605524	0.369325768	0.135939284	0.217963037	0.0424612	0.041208953
0.083525271	0.546381407	0.524116213	0.470209452	0.02933068	0.093925024	5.55112E-17	0.107774412
0.016223704	0.601371445	0.347013667	0.402617244	0.039199573	0.149667315	0.086123631	0.074426502
0.115552076	0.981997661	0.39842393	0.674262706	0.021768957	0.226993399	0.042274758	0.058042766
0.188980241	0.546427055	0.802416935	0.511059323	0.098775279	0.423584346	0.036340062	0.168931089
0	0.811012043	0.205914083	0.195988967	0.124641507	0.390282717	0.11403306	0.19007123
0.063599019	0.239469991	0.234661495	0.356582913	0.037660321	0.02759508	0.101633585	0.172514623
0.031518077	0.189043736	0.565376654	0.318147082	0.038152766	0.217760036	0.011898749	0.116260682
0.210511857	0.486577188	0.465338502	0.60761437	0.131282447	0.359421502	0.085982096	0.145149243
0.097313535	0.249873123	0.608899913	0.681742234	0.052354447	0.338355633	0.034045092	0.076416592
0.700591445	0.045638902	0.211517262	0.19849715	0.935781117	0.914640506	0.684013184	0.813744964
0.458885272	0.637011781	0.713038346	0.362658198	0.953670159	0.902981332	0.716007996	0.761273011
0.728421362	0.681815279	0.488924223	0.00762384	0.993976794	0.942417231	0.658475435	0.730559868
0.756961744	0.657827054	1	0.312380003	0.935718355	1	0.577981289	0.752309617
0.56551466	0.14162697	0.493041504	0.186315675	0.910623076	0.900436604	0.734802944	0.762422873
0.881261289	0.399839118	0.931283396	0.372663518	0.875828702	0.84904577	0.647688027	0.723175353
0.996867567	0.711601207	0.57127145	0.258914357	0.908124102	0.984129972	0.7493746	0.641912701
0.627867636	0.340663261	0.899163938	0.064175373	0.900545236	0.969126252	0.763202859	0.729998272
0.995378536	0.168158047	0.628934986	0.405362557	0.898981256	0.967636067	0.729793277	0.733567269
0.919075597	0.946443734	0.983151568	0.262667771	0.935235351	0.882415093	0.670969298	0.761687322
0.811057881	0.57472819	0.293890517	0.503178234	0.928885216	0.896273666	0.731291978	0.655392595
0.843251142	0.327051537	0.791338758	0.283053699	0.883335189	0.916558197	0.736340034	0.808001803
0.666444334	0.72954717	0.647820835	0.711250775	0.878146228	0.856390042	0.685338288	0.779304682
0.998073826	0.17108256	0.442878118	0.2667529	0.984663547	0.872729826	0.662148763	0.677403564
0.801279033	0.777240642	0.935438463	0.001715961	0.939314683	0.891198656	0.645156947	0.749395493
0.953972418	0.236115021	0.969011875	0.37699874	0.814167265	0.915131073	0.664162882	0.751567607
0.781613791	0.766311156	0.845696043	0.03179723	0.906467016	0.882699726	0.67286394	0.710042877
0.782708623	0.651123998	0.515275866	0.620656938	0.88679385	0.891170478	0.708256683	0.807284033
0.524424583	0.422929492	0.365820157	0.654889238	0.86230772	0.953638003	0.689091662	0.752848476
0.618004862	0.938675844	0.837857333	0.510067142	0.993831086	0.91282728	0.683752087	0.763669904
0.931427277	0.415832421	0.649428909	0.060705246	0.864608278	0.91245909	0.720112992	0.765620005
0.538860586	0.967414081	0.788809696	0.077668838	0.982118704	0.944688281	0.630976242	0.699736146
1	0.114773938	0.206845104	0.476978688	0.995123864	0.869905443	0.758069309	0.751912065
0.807634639	0.808080715	0.855335765	0.201221047	1	0.918225432	0.765372562	0.724143752
0.705288113	0.6899742	0.636546968	0.587487363	0.878077187	0.957395541	0.694827848	0.720980207