1.219	2.235	-0.510	6.882	0.170	4.803	1.305	0.634	19.580	-0.608
0.100	0.180	-0.777	3.226	-1.437	1.748	1.353	-0.718	6.470	-0.912
4.951	-0.199	2.094	5.944	-0.485	1.869	-1.414	1.920	10.845	0.357
9.591	1.689	0.874	9.584	-0.215	0.650	-1.190	2.162	11.961	-0.386
1.040	0.600	-0.533	5.045	1.581	3.210	0.359	-0.510	3.606	0.478
10.630	1.014	0.823	9.011	-0.692	1.292	-0.058	0.453	13.618	-0.210
17.949	0.565	0.052	0.066	-1.212	3.257	-0.124	1.877	10.071	-1.573
14.049	1.320	0.466	3.445	2.278	1.398	-0.370	1.704	14.725	0.666
14.612	0.412	0.196	0.390	-0.686	3.739	-0.659	0.968	12.620	0.271
2.302	-0.392	1.244	3.354	0.347	4.214	1.180	-1.055	4.543	-0.320
19.105	0.543	0.988	5.915	-0.062	4.326	0.134	-0.350	5.996	-0.195
3.424	1.248	0.892	3.794	-0.042	1.127	0.345	0.026	5.166	-0.284
7.585	-2.189	0.784	1.957	-1.399	3.556	-1.969	-0.823	3.896	-0.214
0.806	-1.189	1.281	4.001	1.308	4.970	-0.568	-0.536	18.081	-0.292
4.607	-1.043	-0.177	6.078	-0.094	0.219	0.579	-0.154	19.080	-3.375
10.732	0.283	-1.043	3.366	-1.308	1.139	0.313	0.232	7.962	-1.300
3.197	0.758	-0.245	2.532	0.026	1.829	1.181	-1.829	6.544	0.317
3.031	-1.593	0.717	4.618	0.307	1.571	-0.054	1.723	2.515	-0.167
13.823	0.620	-0.961	1.849	0.840	1.209	0.634	-1.467	13.923	-1.563
1.173	-0.787	1.225	8.291	-0.829	3.252	1.746	0.716	4.111	0.172
11.115	-0.231	-0.572	0.177	-0.787	4.630	-1.724	-0.440	12.642	-1.602
13.377	-1.267	1.167	8.299	-0.606	4.719	0.498	-1.766	19.498	-0.765
17.874	-0.158	0.942	7.599	0.802	4.928	-1.003	-0.449	3.911	0.152
4.288	-0.404	-0.779	8.532	-0.492	0.296	-0.077	0.318	11.920	-1.315
17.177	0.015	-0.745	7.555	0.981	2.263	0.063	0.122	7.020	0.068
15.899	0.467	-2.476	7.830	0.391	1.425	-1.788	0.826	9.443	0.074
3.625	1.443	0.074	5.927	-0.270	2.136	-1.946	-1.915	8.309	1.527
6.129	0.199	0.756	3.697	0.189	3.525	1.402	-1.535	2.072	2.098
18.709	-0.622	0.330	1.784	-0.614	3.952	-1.001	-0.622	11.551	1.279
2.739	0.691	1.684	6.448	-0.137	0.974	0.804	0.045	12.815	-0.178
15.687	-1.318	0.247	3.022	0.393	0.803	-0.966	-0.807	0.633	0.738
16.424	-1.189	0.060	4.427	1.247	2.636	0.533	0.281	1.874	0.136
5.075	0.792	-1.164	3.455	0.320	0.310	-0.602	-0.253	9.294	-0.425
13.475	-0.490	1.593	0.500	0.812	3.067	0.006	1.105	7.198	1.998
1.366	-1.851	0.057	5.339	-0.248	1.807	-0.405	-0.193	4.613	-1.097
8.736	0.612	-1.904	0.390	0.449	4.871	0.900	0.879	5.609	-0.138
1.694	-0.945	1.735	1.388	1.200	4.383	0.452	-0.532	14.112	0.346
13.398	0.341	0.200	3.067	-1.046	3.210	1.219	-0.608	7.731	0.610
7.773	-0.525	0.518	2.756	-0.997	1.518	-1.041	-0.719	0.026	-1.673
6.949	-1.205	0.277	6.469	1.042	3.210	0.032	-0.138	4.556	-0.256
4.049	0.743	-0.825	3.445	2.023	1.199	-0.777	0.858	7.950	-0.359
8.876	-0.923	-1.308	1.893	0.095	4.135	-1.116	0.429	17.937	-1.008
5.071	1.092	-0.022	7.120	0.868	3.973	-0.808	-0.158	0.821	0.122
11.551	1.145	-0.109	5.111	0.161	1.739	-0.810	-0.849	17.006	0.886
12.286	-0.625	0.354	6.514	-2.145	2.238	-0.919	-0.714	3.363	-1.819
18.254	-2.798	0.344	9.434	-0.443	2.077	-0.906	-0.341	17.286	1.238
17.437	1.633	1.502	6.618	1.223	4.195	0.335	-0.353	13.996	-1.723
18.948	0.308	1.360	0.419	-0.070	4.344	0.639	0.300	7.561	1.711
13.905	-0.700	0.532	4.461	-0.482	3.899	-0.114	-0.622	17.753	1.248
19.685	1.284	-1.451	3.808	0.333	0.052	-0.274	1.502	19.106	-2.176
19.618	-0.007	-0.505	5.870	2.235	3.351	-1.112	1.792	10.942	0.345
1.017	-1.536	1.772	4.828	0.590	3.794	0.901	0.064	14.640	-1.510
17.498	-1.023	0.269	6.173	-2.333	0.114	-0.256	0.714	6.257	0.936
18.299	0.894	-0.379	5.318	0.902	4.365	-0.964	-0.810	3.485	1.437
3.223	-1.008	0.794	0.614	2.642	2.185	-0.660	-0.754	4.957	0.228
0.470	-0.855	-0.263	8.522	-0.083	2.571	-0.843	-0.084	17.684	-0.885
10.096	-0.007	1.596	7.582	-1.434	1.985	-0.424	1.442	19.203	0.838
3.386	-0.609	0.426	1.228	-2.903	2.444	0.096	-0.321	1.054	0.470
8.740	-1.067	0.861	0.263	-0.984	4.076	-0.483	1.442	13.628	0.695
12.072	1.065	-0.525	5.057	1.111	3.486	-0.831	-0.347	14.672	-0.165
13.391	0.676	-0.096	4.641	-1.448	4.394	-1.074	-0.741	4.800	-1.186
11.065	-0.924	0.316	2.073	0.258	2.824	-1.677	-1.179	12.357	0.481
3.593	-0.859	-1.763	9.991	-1.405	2.221	1.528	0.056	15.742	2.500
10.199	0.256	-0.750	5.181	-0.320	1.261	0.917	0.554	1.722	-0.301
7.895	-2.667	0.355	7.018	0.547	3.728	-2.471	1.221	5.406	0.314
9.657	0.310	-1.677	4.820	-0.236	1.920	-0.207	-0.122	9.787	1.244
19.669	-1.969	-0.170	9.300	-0.173	0.149	-0.237	-0.634	11.335	0.342
11.450	1.514	0.428	0.511	-1.362	3.961	-0.498	1.487	1.666	1.893
9.584	-0.205	1.080	0.447	0.447	0.645	-0.030	0.775	6.335	1.993
7.314	0.683	0.362	1.941	0.274	3.572	1.095	-0.136	5.565	-0.478
18.260	-0.394	0.171	2.714	-0.235	3.329	1.443	0.491	13.760	-1.156
13.609	-1.118	-0.653	1.584	0.939	4.131	-0.749	-0.318	18.321	-1.193
4.772	0.268	1.568	3.477	2.099	3.581	-0.589	0.010	8.579	-0.847
19.079	-2.197	-0.366	2.094	0.158	4.375	-0.260	-0.674	1.788	0.732
6.753	-1.460	2.041	4.190	-0.606	2.863	-2.265	-1.043	13.506	-1.199
12.517	1.524	-0.585	4.513	-0.335	3.907	0.497	0.651	1.958	1.363
3.591	-2.133	-1.183	9.938	-0.703	0.369	0.579	-0.466	10.645	-0.238
13.162	-0.701	0.212	1.786	-0.066	0.143	0.271	1.775	10.330	-2.088
3.322	-0.688	0.549	1.020	1.124	4.724	0.271	1.361	16.449	0.549
9.635	0.652	-0.413	0.549	0.391	4.317	1.679	-0.819	14.733	-0.711
0.624	0.856	0.980	2.771	0.261	1.265	-0.875	-0.634	12.045	0.765
7.973	-0.043	-1.484	8.542	-1.312	0.233	-0.507	-0.284	1.048	1.684
9.965	-1.901	0.603	6.523	-0.931	0.571	1.080	-0.307	19.967	0.294
17.007	-0.373	0.242	8.680	-1.430	0.896	0.349	1.107	5.037	0.052
0.894	0.665	-0.500	8.626	0.619	4.362	0.877	-0.770	4.762	0.654
1.347	1.304	-0.777	7.236	-1.154	2.462	-0.427	0.279	13.540	-0.444
17.111	1.275	-0.743	9.354	-1.170	0.172	0.054	1.255	5.491	-0.174
2.546	0.409	0.133	2.532	0.262	2.016	-0.174	1.105	16.573	-1.026
19.646	-0.116	-1.641	7.544	-0.096	0.619	-0.024	1.812	11.531	1.290
17.293	0.392	-1.188	4.695	-1.169	1.508	-1.275	-1.889	10.518	0.399
2.390	1.328	-0.837	6.010	1.290	0.643	-1.564	1.422	16.054	-2.181
16.783	-0.129	-0.809	2.164	0.620	4.647	0.823	-0.806	4.952	0.427
17.857	1.741	-1.112	1.435	-0.531	0.218	0.309	-0.566	18.833	0.357
4.568	-0.253	0.714	6.411	-0.350	0.939	-1.341	2.213	14.984	-0.193
18.276	-0.711	-0.595	8.420	0.639	4.143	1.213	0.116	2.946	-0.077
0.327	0.154	-0.588	1.828	0.329	2.864	-0.465	2.045	3.598	0.592
9.087	0.265	0.382	2.013	0.281	4.924	-1.309	1.833	11.562	-0.034
6.194	-0.227	0.394	9.762	0.179	4.522	0.104	0.416	7.741	-1.469
19.358	-1.716	1.125	7.848	-0.290	0.375	-2.009	0.495	13.861	-2.305
10.482	-0.053	-0.100	6.320	0.356	1.582	0.496	0.456	18.176	1.799
5.255	0.212	0.038	2.033	-1.780	0.769	-0.215	-0.759	13.181	-0.328
16.786	-0.387	-0.999	4.578	0.656	3.444	1.516	1.629	4.983	-0.849
19.025	-0.977	0.636	6.398	-1.047	1.638	-0.744	-0.956	14.066	-0.234
5.711	0.635	1.824	2.933	0.548	0.182	1.374	2.154	4.254	0.049
8.895	-0.676	0.561	8.543	-0.125	1.667	-0.432	-1.174	16.480	0.359
9.388	-0.720	0.060	6.972	1.021	3.978	1.456	0.107	3.251	0.179
11.386	0.066	0.015	1.391	1.130	3.666	1.825	0.386	9.441	2.366
14.850	-0.598	-1.043	6.368	1.003	0.000	-1.278	-0.634	5.312	0.813
18.150	-1.050	0.941	0.583	-0.350	0.410	0.462	0.897	8.464	1.110
6.666	0.200	0.326	8.632	0.067	1.230	0.712	1.066	11.958	0.039
19.097	0.494	0.188	1.543	-0.657	0.088	0.856	-1.496	2.257	-0.451
10.582	-0.334	-0.642	5.181	0.335	1.766	-0.751	-1.231	14.732	-0.536
10.093	-0.867	1.073	5.821	-0.179	4.075	-1.090	-0.764	9.530	1.000
1.445	-0.255	-1.633	0.558	-0.066	3.020	0.330	0.824	8.862	-2.329
6.187	-1.390	2.068	6.441	-0.454	0.225	-1.670	-0.810	15.729	-0.946
11.575	0.356	-0.307	3.410	-0.220	2.841	0.415	-0.131	6.131	1.157
18.515	-2.401	-0.020	5.135	0.591	1.655	-1.607	-0.089	3.698	1.761
15.511	0.592	1.125	5.248	0.529	3.940	0.871	-0.197	18.478	0.751
13.858	-0.735	1.254	8.823	-0.594	2.516	0.783	1.485	0.004	0.963
19.868	0.464	-0.207	9.580	-0.198	3.218	-1.235	-0.034	12.800	-0.633
12.160	0.481	1.041	4.042	0.207	2.484	-1.315	0.589	1.750	-0.737
6.070	-1.455	-1.489	2.265	0.014	1.840	-0.271	-0.132	15.950	0.227
14.165	0.914	0.569	9.143	-0.777	1.662	1.608	-1.877	8.540	0.413
5.226	-0.916	0.994	4.088	0.668	0.674	0.479	0.945	18.708	-0.498
12.287	0.907	0.954	3.730	-1.333	0.168	-0.382	0.837	4.775	0.176
10.068	0.805	-0.543	9.618	-1.236	4.342	-0.234	1.513	5.589	-0.287
10.877	-0.135	1.671	1.232	-0.493	3.306	0.759	0.836	1.977	0.542
4.904	-1.408	-0.152	0.208	-0.220	4.839	0.370	1.080	0.372	-1.057
5.938	0.402	-2.525	2.557	-0.836	1.220	-1.188	-0.025	10.328	0.614
16.978	0.710	-1.540	0.475	0.247	0.834	0.428	0.223	14.675	1.365
16.214	0.494	0.360	9.478	-1.404	0.568	-0.316	0.236	7.848	0.229
18.879	-1.301	-0.384	6.625	-1.926	1.355	0.960	-1.395	12.555	1.415
13.591	0.890	0.525	6.229	-1.327	1.628	-0.146	-1.561	12.690	0.995
9.656	-0.071	0.684	7.217	-0.616	2.066	-0.132	-1.015	5.068	-0.277
0.668	1.583	0.607	1.762	1.338	4.200	-1.504	0.376	18.742	0.204
14.748	-0.002	0.116	1.286	1.616	2.699	0.006	-0.186	1.049	0.426
17.806	1.511	-1.555	7.894	1.972	2.166	-1.774	-2.070	10.906	0.279
9.000	0.127	0.887	1.969	-0.783	4.404	-0.594	-0.240	14.041	0.807
18.307	0.650	0.590	4.960	-0.322	4.319	0.906	-1.497	5.269	1.483
17.339	-0.057	1.638	2.258	-0.169	1.561	0.547	0.588	17.275	-1.765
13.443	-1.251	-1.948	6.102	0.815	2.805	1.094	0.537	6.381	0.677
5.464	-0.432	-0.646	7.515	0.517	3.407	-1.113	-1.331	12.713	0.323
0.554	-0.673	-0.530	8.797	0.935	3.603	1.186	-0.859	8.585	0.725
18.667	0.566	-0.705	0.182	-1.767	0.353	0.077	2.208	14.517	-0.381
12.441	1.133	-0.742	6.925	-0.637	0.618	-0.595	-0.347	5.059	-0.471
1.648	-0.313	-1.171	1.520	-1.048	0.604	0.634	0.708	8.635	-1.295
18.045	-0.995	0.294	0.321	-0.591	1.291	0.754	1.319	6.861	0.710
17.031	1.097	-0.053	1.343	0.959	4.325	0.860	-1.143	9.365	0.113
4.429	0.891	0.732	0.789	0.078	4.525	-1.084	-0.160	8.687	-0.199
15.748	-0.281	-0.368	3.835	-0.884	0.160	-0.218	0.692	8.855	1.213
0.573	-0.296	0.286	6.192	0.911	3.642	-0.551	-1.006	15.464	-0.101
9.993	2.337	-0.669	0.031	-1.129	2.615	-0.303	-0.040	9.611	-0.949
14.173	-0.328	-1.331	8.338	-0.040	2.527	-0.070	-0.275	8.792	-0.380
11.715	0.020	-0.426	7.950	0.165	2.888	-0.755	-2.187	5.669	0.972
8.707	2.019	0.445	8.351	-0.163	3.192	0.354	1.179	0.104	1.298
17.269	0.572	-1.234	9.073	1.760	3.768	0.098	0.708	6.339	0.650
8.294	0.790	1.289	3.588	1.916	3.266	-1.454	1.899	1.001	0.582
4.450	-0.324	0.186	1.744	-0.612	4.333	-1.601	-0.342	8.512	1.422
15.593	-0.572	-1.036	4.708	0.889	3.558	-0.658	-1.043	11.599	1.454
9.117	0.015	0.106	4.309	0.830	4.949	-0.223	-0.487	6.141	1.010
8.769	-0.628	-0.585	5.486	0.446	0.233	-0.783	-0.014	0.350	-0.833
12.338	-0.471	-0.168	8.978	-1.266	4.111	1.091	1.760	19.674	0.906
7.163	-1.054	1.115	0.656	-0.776	1.043	-1.717	1.148	1.411	0.611
12.864	1.378	-0.084	7.379	0.383	3.816	-0.921	0.809	2.112	0.763
0.250	0.329	0.618	2.422	-0.298	2.770	0.063	-1.673	15.564	-0.953
5.605	-0.303	2.853	2.618	1.023	4.046	-0.115	0.232	4.794	0.658
8.172	1.640	-0.121	2.801	0.855	1.467	0.808	-0.439	16.101	-0.474
17.795	-1.768	1.573	5.138	0.018	1.501	0.042	0.528	11.081	-0.424
17.630	0.233	-0.377	8.602	-0.893	3.318	2.041	-0.864	17.213	0.359
19.771	0.772	0.755	0.399	-0.894	3.624	-0.115	0.924	14.167	0.474
4.818	-1.324	-1.368	3.897	-1.723	2.973	0.189	-0.677	12.298	1.408
2.721	-0.354	-1.144	7.263	-0.477	1.162	1.155	0.911	17.504	-0.582
19.169	-1.330	-0.345	4.736	0.323	2.648	-0.787	-0.542	6.158	-0.741
1.898	-0.516	-0.365	6.121	0.600	1.276	0.607	0.947	18.240	-0.583
17.005	-0.146	-1.644	5.214	-1.626	1.077	-0.380	0.951	5.027	0.093
2.094	0.297	0.387	0.469	0.278	0.045	1.146	-0.203	3.271	0.541
8.913	-1.464	0.922	4.506	0.094	4.551	0.493	0.813	17.745	0.148
17.546	0.211	-0.084	5.363	-0.577	4.749	0.453	0.148	1.883	0.088
10.852	0.993	-0.312	5.226	0.660	4.796	-1.860	0.051	0.152	-0.082
1.472	-0.557	0.772	6.526	-1.206	3.487	-1.237	1.181	13.132	-1.328
19.648	-0.924	0.899	7.702	-0.410	2.616	0.873	0.523	1.974	0.456
13.928	0.157	-0.490	6.941	1.476	0.949	-0.750	-0.845	11.783	-0.560
12.875	-1.456	0.043	7.209	-0.436	2.498	-0.230	0.138	12.776	-0.911
4.104	0.597	0.131	1.476	1.345	2.258	0.780	0.216	3.947	0.703
15.389	-0.164	0.827	6.929	0.912	1.222	-1.382	1.595	4.147	-1.079
17.843	-0.516	-1.012	2.898	0.077	0.272	-0.702	0.525	18.774	-0.825
13.878	0.101	0.305	4.629	-0.010	1.468	0.673	1.122	18.697	-2.296
0.709	0.464	0.121	7.655	-0.818	2.792	-0.473	1.250	18.447	-2.731
3.876	1.691	0.992	3.669	-0.159	1.628	0.013	0.381	7.760	0.466
10.022	-0.509	0.322	8.238	0.804	2.911	1.711	0.619	16.431	-0.288
17.765	0.004	-0.662	4.276	-0.032	4.419	-1.367	-1.392	11.931	-0.818
5.423	0.996	1.094	1.045	0.687	1.107	-1.798	-0.477	5.053	-0.394
6.850	1.213	-1.390	4.195	1.145	2.823	1.091	0.687	15.982	0.868
9.866	0.506	0.939	7.168	0.077	3.459	0.435	0.647	2.794	0.149
9.574	-1.437	-0.457	3.043	-1.915	3.665	-0.071	-0.528	15.486	-0.146
16.059	0.213	0.372	3.681	0.102	2.728	0.858	0.304	3.765	-0.431
11.856	-0.226	1.630	2.909	0.196	1.420	1.827	1.452	2.778	-2.247
8.470	0.161	-1.352	3.838	-0.512	0.540	-0.238	1.367	11.288	-1.857
12.309	0.351	-0.272	6.656	-0.221	0.081	0.072	2.297	11.583	1.045
14.150	0.382	1.039	2.362	-1.804	3.617	0.605	1.757	18.789	-1.158
10.088	-1.048	-1.533	3.179	-2.201	0.290	-0.055	-1.927	1.319	0.052
9.807	-0.147	0.013	8.569	-0.625	4.430	0.582	1.123	3.951	0.469
9.468	0.005	0.433	9.896	-0.599	4.604	-1.382	-1.367	2.708	-0.283
7.748	-2.405	0.009	2.302	0.324	3.497	-1.260	1.033	14.619	1.842
16.091	0.189	1.435	6.772	0.166	4.790	-0.288	1.030	16.765	1.253
8.716	-0.340	-1.043	8.817	-2.665	2.812	-0.701	-0.368	4.577	1.258
18.037	0.022	0.996	2.804	-0.007	3.244	-0.205	-0.026	3.920	0.561
12.255	0.036	-0.622	1.853	-0.608	4.374	2.027	0.526	3.598	0.016
5.124	-0.580	-0.087	9.055	-1.089	3.827	1.091	-0.330	12.975	0.320
4.416	-0.555	0.032	3.842	2.537	3.999	0.895	0.791	0.862	0.014
12.799	0.287	0.719	2.297	-2.194	3.079	-2.914	-0.251	13.516	1.134
6.931	-1.344	-1.050	8.046	0.263	4.611	0.349	-1.101	0.486	-0.307
0.620	-0.896	-0.016	5.921	0.131	3.943	-0.200	2.351	17.408	-0.377
16.015	0.122	1.113	8.541	-1.213	1.457	-0.517	-0.838	10.111	0.262
10.857	-1.553	0.530	5.506	-0.644	2.665	-1.504	0.774	9.651	0.337
16.252	2.574	0.050	3.564	2.671	4.873	-0.469	0.124	15.292	-0.974
6.197	0.897	-0.216	7.009	-0.838	1.378	1.128	-0.013	11.787	-0.777
1.222	2.750	-0.158	8.544	0.389	4.163	-1.026	0.562	11.672	-0.120
5.627	1.012	-1.293	7.420	1.935	4.714	-0.037	-0.009	1.236	0.868
14.353	0.896	0.732	1.318	0.113	0.882	-0.628	-0.481	7.734	0.567
16.440	2.338	-0.501	1.997	-0.481	4.446	0.513	0.309	8.822	-1.119
18.598	-0.145	0.444	0.849	-0.409	2.796	0.250	-0.358	7.863	0.211
10.338	1.384	-1.009	2.252	0.704	1.673	1.075	0.825	13.539	0.392
19.439	0.169	0.331	0.195	-0.359	3.237	0.567	-0.174	10.952	1.734
0.497	-0.628	0.123	1.394	-0.466	4.817	0.674	0.911	13.754	-1.158
0.040	0.010	-1.824	6.289	-0.275	3.129	1.700	1.556	4.708	0.286
15.959	-0.410	-0.007	6.085	-1.157	3.130	-0.515	-0.788	16.059	-1.762
7.188	-0.155	-0.321	6.758	-0.053	0.690	-1.624	0.646	10.336	0.337
11.164	-0.038	1.680	2.542	-1.615	3.244	-1.286	-1.140	4.432	-0.265
1.991	0.903	1.349	0.745	0.280	3.125	0.849	0.760	17.191	1.651
7.078	1.482	0.741	6.112	-1.119	3.894	-0.158	-1.183	4.828	-0.132
1.401	-0.996	1.262	0.291	0.659	4.608	0.383	0.300	13.016	-0.384
11.199	-0.060	0.211	9.706	1.034	2.835	0.485	0.358	11.453	1.019
6.989	-0.732	-1.106	4.475	-0.858	4.382	-1.029	1.832	4.535	-2.280
3.058	-1.506	0.278	3.586	0.652	4.756	-0.471	1.042	8.697	-0.274
13.372	0.248	1.037	5.075	-0.401	1.786	-0.119	0.168	2.522	0.594
18.395	-1.362	0.539	4.802	-0.979	4.129	-0.147	0.896	1.373	0.310
7.123	-0.460	1.681	7.598	0.998	0.064	0.223	1.290	3.343	-0.555
7.316	-0.513	0.741	8.036	-0.557	4.204	-1.745	0.356	16.921	0.174
16.794	0.898	-0.478	3.754	2.031	3.699	0.285	0.011	10.734	1.084
9.715	-0.194	0.527	7.512	-0.458	1.067	-0.615	1.680	5.212	0.142
16.750	-0.624	-0.538	3.721	-1.162	3.003	0.603	0.485	12.069	0.556
19.590	-2.627	0.711	0.235	-0.154	1.745	-0.591	0.952	10.794	-1.356
17.748	1.015	0.703	4.035	-0.509	1.834	0.989	-0.163	6.946	1.264
13.725	-0.367	1.342	2.444	1.014	0.349	0.948	-1.615	11.262	0.846
6.470	3.305	0.109	9.179	-0.593	1.479	-1.438	-0.727	10.111	-0.756
14.487	-0.638	1.158	1.548	-0.731	3.674	0.004	2.234	1.423	-0.429
18.209	-0.054	0.628	9.830	-0.317	2.357	-0.640	-0.156	2.976	-1.057
1.770	0.769	-0.300	9.185	0.437	3.605	-0.615	1.368	13.092	2.682
12.219	-0.663	-0.599	3.738	-0.233	0.393	-2.362	-1.674	9.171	-0.793
4.719	4.143	4.235	3.747	5.072	4.851	10.976	8.751	5.951	7.215
2.524	4.595	5.208	5.616	5.710	0.159	10.473	7.018	5.103	8.907
5.772	4.691	5.541	5.654	4.386	4.166	8.836	2.521	6.657	2.100
4.727	4.233	3.317	4.469	4.820	4.261	18.443	5.244	4.222	9.118
5.361	4.159	3.350	5.182	3.428	2.688	11.433	6.031	3.810	3.936
5.623	4.847	5.640	5.794	5.286	2.395	1.906	3.620	5.384	7.067
4.992	6.536	5.652	4.817	5.455	3.489	14.659	4.245	4.965	0.307
5.035	4.715	4.476	6.948	3.415	4.873	18.640	9.625	4.324	5.700
5.805	3.757	4.894	3.110	4.209	4.612	4.629	6.759	5.597	7.604
3.665	3.428	5.626	5.323	6.417	4.052	1.511	0.212	5.916	8.374
4.011	4.625	7.007	5.122	4.978	0.605	0.605	8.820	4.287	5.390
5.518	3.749	4.270	5.905	4.295	4.839	14.377	1.887	3.791	5.467
4.818	6.347	5.153	5.841	3.613	3.007	3.768	1.472	4.547	4.407
5.551	4.360	4.872	7.044	5.062	2.596	1.306	6.652	6.176	9.238
4.545	3.619	5.469	6.806	4.845	2.551	4.765	4.438	5.006	7.459
4.338	3.987	5.033	4.640	4.358	2.687	14.210	9.867	5.338	6.985
6.346	5.759	4.031	5.786	5.124	4.896	2.355	7.912	5.573	3.094
6.356	5.671	6.420	4.013	5.581	4.228	9.232	6.223	5.906	3.749
6.225	4.761	5.439	5.706	7.217	1.507	9.237	9.451	7.040	1.600
3.744	6.855	4.343	4.080	7.193	3.693	7.767	7.358	6.387	9.635
5.774	5.614	6.218	3.389	4.616	4.979	1.915	2.596	4.375	1.057
7.283	5.452	6.415	5.408	5.364	4.167	14.966	5.034	4.668	8.044
4.351	5.835	3.627	3.450	3.544	2.046	8.041	5.430	4.900	9.955
3.976	1.876	5.731	6.706	5.580	3.845	1.227	3.512	5.238	7.319
7.593	6.008	5.612	6.345	4.788	2.610	1.907	2.782	6.260	4.806
3.694	5.630	3.772	6.117	6.224	1.850	14.930	2.401	5.123	1.241
5.188	4.568	3.896	5.319	6.558	1.426	3.913	0.302	6.062	4.569
3.314	5.675	4.688	4.835	4.007	1.439	15.187	9.411	4.943	9.548
6.172	7.265	5.259	4.512	3.999	4.456	17.222	1.906	4.712	5.784
5.084	7.661	5.990	8.074	3.908	4.432	16.938	3.711	5.662	6.856
4.346	4.715	3.719	6.315	4.457	3.508	18.030	6.730	5.973	5.675
5.893	5.662	4.906	4.527	4.943	2.808	13.016	8.184	5.218	9.534
5.443	3.684	5.695	3.915	4.754	2.286	6.501	2.105	5.552	3.513
6.515	3.573	5.241	5.174	5.517	1.251	14.966	7.214	5.697	2.830
4.204	4.439	5.168	6.300	5.063	4.015	5.079	3.739	5.889	9.735
6.113	6.168	5.395	3.710	5.123	2.911	3.068	9.067	5.295	5.745
5.490	4.707	5.476	4.609	6.100	0.666	2.521	5.096	4.730	2.689
3.242	3.026	5.276	4.935	4.399	2.539	19.163	8.341	4.897	6.907
6.528	2.142	2.012	4.123	3.950	1.180	14.335	8.762	5.442	8.630
5.567	5.052	5.401	4.020	5.763	0.474	14.076	0.159	6.367	0.232
4.917	5.748	5.798	4.925	3.814	4.954	0.657	8.983	3.569	8.597
5.333	3.782	5.329	4.337	7.307	4.728	14.388	3.836	4.330	3.346
4.849	6.632	4.684	5.626	5.901	0.271	5.862	6.875	3.768	3.597
6.449	6.025	5.092	3.794	4.557	4.660	8.992	5.160	4.769	4.502
4.713	4.442	3.176	4.954	3.845	2.401	0.674	4.968	5.149	5.232
5.937	4.655	4.179	5.845	5.463	3.352	12.927	9.505	5.571	4.812
5.061	5.194	6.976	6.102	7.052	1.382	15.468	9.697	7.292	1.763
4.171	6.092	3.406	4.975	4.981	2.671	3.827	1.392	5.626	1.667
2.985	5.726	4.965	5.505	5.970	2.147	9.174	4.017	3.848	5.899
5.935	6.867	5.176	5.247	4.133	3.390	16.679	7.880	4.436	5.828
3.543	5.627	3.408	4.372	5.303	0.117	16.490	1.441	6.289	9.489
4.684	5.422	6.643	4.217	4.418	2.500	3.552	0.517	5.679	9.451
4.120	5.995	5.682	5.365	4.018	3.645	9.750	5.406	5.414	1.480
3.248	4.567	3.241	5.613	3.740	2.224	15.716	7.019	5.746	1.177
5.428	4.629	4.819	4.857	4.704	3.827	4.708	5.470	5.264	1.910
4.489	6.157	6.435	6.593	4.344	3.996	9.561	8.818	5.057	6.468
6.464	4.833	2.521	4.944	6.779	4.612	16.504	1.938	6.054	4.273
5.926	4.197	5.940	4.059	6.066	4.089	9.888	7.522	7.024	3.369
4.614	4.169	3.345	3.197	4.431	4.915	9.886	6.735	3.955	4.628
4.500	6.162	4.524	4.277	3.883	4.905	7.159	5.807	3.759	9.093
3.939	3.531	5.241	5.140	3.288	1.490	9.985	2.832	5.031	2.134
6.033	3.897	5.349	6.446	4.992	4.914	6.080	4.968	5.350	7.584
4.991	4.557	4.872	3.819	7.217	3.528	0.009	5.232	4.696	4.903
4.620	5.685	5.241	6.847	5.700	0.821	0.213	3.043	5.308	2.394
4.948	4.548	7.074	5.631	7.936	4.945	6.086	9.071	6.080	6.690
5.318	4.411	4.933	4.880	4.195	4.364	8.903	8.551	3.332	7.086
4.705	5.913	6.523	6.249	4.995	0.186	1.991	2.249	5.568	3.654
3.871	5.600	5.341	4.570	4.499	2.753	15.572	0.543	5.277	6.366
3.311	3.235	4.809	5.338	4.321	1.766	8.678	9.799	4.781	8.209
3.542	5.519	4.277	6.386	6.704	4.003	14.643	2.216	5.830	3.311
5.958	4.931	5.671	6.388	6.470	1.620	3.974	5.250	5.062	8.697
4.212	6.761	5.550	6.612	6.320	1.456	13.839	2.913	2.341	8.455
5.678	4.588	3.287	5.447	5.238	0.386	7.813	7.451	4.821	3.538
5.172	5.416	4.101	5.750	3.602	3.308	16.773	8.873	3.751	9.051
4.646	5.721	5.761	4.288	5.901	2.882	19.780	1.003	5.236	0.709
4.874	5.435	4.680	3.315	5.299	3.314	12.655	3.894	7.002	2.047
5.300	6.623	5.660	2.985	4.960	3.368	12.979	8.934	5.174	8.081
5.232	5.627	6.900	5.480	6.811	1.858	5.003	7.610	3.250	6.511
5.199	5.852	5.512	3.035	4.077	1.933	7.877	7.266	5.855	7.752
4.637	5.362	5.608	6.201	5.199	2.369	12.490	9.359	4.668	6.830
6.576	5.762	4.125	4.433	3.215	4.347	7.865	7.992	4.468	5.150
5.279	5.205	4.100	4.970	3.714	3.022	18.945	4.116	5.162	5.816
7.024	6.289	4.029	3.961	5.709	0.112	10.672	9.185	6.949	0.075
5.169	3.324	4.704	5.458	5.510	4.797	17.031	8.072	3.601	5.359
5.803	4.914	5.293	4.132	5.272	2.044	3.540	0.238	4.270	0.568
4.461	3.795	6.621	6.422	3.866	3.864	9.862	7.521	6.024	2.174
4.329	5.930	5.264	6.995	6.549	2.214	16.152	3.825	5.791	6.599
5.339	4.154	5.550	5.516	3.448	2.734	14.286	0.829	4.934	5.042
4.887	6.596	3.448	4.084	4.191	1.220	18.430	7.736	3.546	1.488
4.803	5.854	4.715	4.220	4.353	1.505	19.860	7.654	5.655	2.009
5.674	4.993	6.116	5.953	5.099	3.423	15.704	5.215	3.582	7.761
4.949	5.177	3.939	6.252	4.151	4.462	17.167	3.829	5.611	3.026
4.553	5.015	5.940	3.449	5.654	4.750	17.158	5.454	4.944	6.025
6.713	5.542	5.629	5.294	3.521	0.694	18.459	7.411	3.759	0.585
5.027	5.311	5.211	5.907	5.964	1.823	5.401	4.892	5.313	6.746
4.251	3.474	4.498	5.207	5.568	0.839	5.683	6.960	5.482	9.321
4.259	6.874	4.811	5.459	4.433	4.329	0.396	9.543	5.598	4.373
5.978	3.892	4.696	5.092	6.541	4.240	2.746	6.046	4.316	5.797
4.332	4.638	5.927	5.432	5.910	4.086	3.692	9.469	2.971	4.100
5.199	5.330	4.840	3.649	5.403	1.730	13.013	1.945	4.190	1.695
5.591	6.203	6.366	5.658	4.000	2.651	8.705	3.673	5.576	8.861
5.546	4.279	4.821	4.256	6.184	2.388	7.307	0.268	5.129	7.419
5.256	4.249	4.004	4.374	3.126	2.028	18.256	4.127	4.140	9.450
5.391	6.663	5.401	5.405	4.469	0.267	14.621	2.194	6.020	4.734
4.749	6.388	4.559	6.071	3.553	1.387	2.980	2.454	3.614	1.921
4.699	5.043	2.760	6.595	6.898	3.864	3.696	2.399	5.826	7.168
6.230	6.587	4.627	5.647	3.774	1.079	5.135	5.363	4.228	0.282
6.097	4.264	5.095	5.787	4.406	2.290	9.310	4.022	5.728	7.186
7.978	6.397	5.513	4.537	3.705	1.680	14.077	2.148	4.542	4.816
7.004	4.221	5.899	5.500	4.391	0.029	19.540	9.862	4.200	3.250
4.958	4.613	6.220	6.160	4.592	2.473	0.747	0.787	6.905	5.846
4.514	3.967	4.789	5.224	6.402	2.976	8.273	8.202	4.292	2.034
5.652	5.116	4.187	3.893	4.961	4.006	10.468	3.458	5.022	1.246
3.840	5.308	3.235	5.702	5.040	4.544	8.828	8.081	5.975	3.237
6.264	4.679	4.619	4.408	5.232	4.033	7.794	8.820	4.924	0.639
6.395	3.165	4.058	5.314	5.569	0.055	19.387	5.715	4.685	0.415
5.976	4.994	5.714	7.333	5.634	1.116	9.442	3.383	3.787	9.118
6.531	5.124	5.775	3.756	5.038	1.908	14.129	5.820	4.883	0.135
6.426	6.477	5.607	4.551	4.226	2.618	1.194	0.822	3.771	0.223
5.278	3.763	4.843	4.282	5.813	3.856	6.202	6.402	4.016	1.380
4.758	3.700	2.742	5.980	5.407	2.662	18.699	2.569	6.223	8.717
4.291	4.399	4.514	3.778	4.948	1.338	1.553	0.713	5.393	3.464
4.341	3.247	5.667	5.099	5.518	1.192	18.021	5.552	4.769	1.458
3.897	5.485	4.506	4.639	3.049	3.118	1.520	3.768	5.265	8.749
4.494	4.862	4.929	4.364	3.542	0.735	9.301	4.529	5.532	8.176
5.239	3.482	5.278	3.284	5.657	3.706	15.169	9.029	4.807	1.296
6.327	6.202	4.823	5.587	3.924	0.604	11.260	7.541	4.798	5.376
5.313	6.445	5.595	4.711	6.387	1.853	13.012	1.574	5.932	8.411
5.798	4.758	4.346	6.418	4.509	3.337	18.846	7.290	5.641	7.437
3.279	4.489	4.496	4.543	4.175	2.931	10.352	9.596	6.753	4.221
4.228	5.483	4.631	5.696	4.351	2.016	3.694	1.747	5.818	7.882
5.412	5.368	3.800	3.260	5.165	0.630	3.598	1.219	5.539	2.919
4.849	4.059	4.537	6.422	5.262	1.721	9.700	3.008	5.755	7.789
4.903	4.456	3.636	5.846	5.092	0.252	8.542	4.603	4.783	6.519
4.662	4.750	5.277	5.120	6.353	2.958	9.415	7.724	3.478	4.805
6.279	4.997	5.524	6.839	4.963	2.345	4.799	8.786	5.822	0.816
6.136	5.560	3.500	3.890	2.848	2.707	12.661	7.877	5.088	8.198
2.298	3.395	5.789	6.799	5.869	4.519	12.186	3.594	5.695	8.285
4.985	6.026	6.068	4.556	4.482	0.501	19.626	0.517	5.901	6.408
6.520	3.499	3.519	6.100	5.442	2.733	11.096	4.415	3.977	9.516
4.678	3.835	4.581	5.296	6.085	1.518	8.044	4.871	5.866	2.212
3.923	6.735	3.033	5.279	5.333	0.491	8.178	2.354	6.415	6.639
6.040	3.700	4.703	3.928	4.928	3.301	19.956	3.648	4.623	1.849
4.988	4.659	3.614	3.730	6.545	4.829	1.174	0.532	5.224	9.342
5.611	6.006	6.040	4.487	4.499	2.002	10.802	5.072	3.896	5.116
5.824	4.217	3.568	5.307	4.635	0.591	5.628	6.597	4.773	5.385
4.895	4.886	5.263	6.259	5.253	3.536	7.493	5.716	5.065	1.534
5.209	3.899	5.040	5.931	4.250	1.167	10.199	0.442	4.341	8.941
6.493	5.560	5.678	5.248	2.650	4.814	9.222	9.906	5.621	9.544
5.782	5.148	5.321	3.951	3.694	2.476	19.202	9.907	5.662	3.535
4.723	6.537	4.716	4.558	4.683	0.052	13.176	5.783	3.897	7.905
5.172	4.577	5.738	3.623	4.060	4.142	3.642	4.270	4.269	4.224
5.622	5.539	6.151	3.092	4.715	1.975	15.050	1.923	4.435	5.967
4.304	6.368	5.371	5.115	3.661	2.248	6.309	7.623	5.225	9.304
4.583	5.243	5.306	5.405	6.238	0.184	4.211	8.743	6.993	7.868
5.134	5.488	5.526	3.728	4.945	4.748	10.791	7.060	5.441	2.404
4.212	4.980	4.654	5.954	4.447	2.103	15.907	2.162	3.435	0.196
7.293	6.048	4.952	6.896	6.842	3.762	11.262	0.084	4.819	9.801
5.353	6.866	5.120	5.987	5.276	0.366	5.443	3.415	3.474	3.287
4.025	4.282	6.423	5.644	4.262	0.889	8.772	3.970	5.993	1.564
5.904	6.179	4.181	4.649	5.685	1.358	0.709	1.253	6.645	1.003
6.824	4.420	5.572	4.801	4.158	2.973	7.512	6.910	4.748	1.720
4.296	5.463	3.775	5.274	5.765	0.378	2.636	4.831	4.351	7.741
4.609	3.085	4.763	5.578	4.629	4.788	12.461	3.712	4.234	0.624
4.286	5.364	6.093	4.823	5.569	3.724	12.376	9.956	5.020	4.668
5.531	5.074	4.856	5.476	3.123	1.373	10.370	2.095	4.693	3.463
6.265	6.005	3.495	4.335	4.969	2.846	0.096	2.955	3.724	9.273
4.467	7.522	5.933	4.624	4.651	0.244	18.135	0.123	6.537	0.737
5.817	5.854	4.477	4.857	5.410	4.656	13.662	0.675	3.881	2.203
4.136	5.293	5.218	6.283	5.267	3.108	18.108	0.148	5.593	7.480
4.600	4.453	4.233	5.273	4.286	3.434	14.452	5.522	7.277	5.898
5.101	6.299	6.519	5.146	5.790	3.626	2.431	3.445	4.843	3.398
4.896	5.280	4.136	5.719	6.039	2.118	1.490	7.499	5.338	8.376
6.212	5.098	4.280	6.149	5.902	3.437	10.167	5.065	2.955	6.122
7.388	6.245	5.942	4.490	3.680	4.990	17.685	1.061	6.243	1.858
5.425	4.555	5.658	4.495	4.149	4.229	14.137	7.900	4.468	0.721
5.329	5.604	5.639	5.708	5.199	4.692	1.211	5.590	5.445	4.116
6.245	5.113	4.031	4.777	5.214	1.381	11.532	0.187	4.331	5.797
5.592	5.337	5.612	3.472	6.227	1.633	10.829	2.752	5.431	3.833
5.314	7.187	4.282	5.149	4.559	4.898	8.368	5.152	7.496	3.822
3.429	3.614	3.990	6.761	3.185	2.043	14.302	2.035	5.336	9.859
5.201	5.195	5.188	3.654	4.807	1.202	18.861	1.765	3.985	8.211
4.743	4.085	4.986	5.047	5.637	0.661	19.533	7.169	4.209	3.248
4.370	2.883	6.528	3.793	5.212	4.843	5.316	3.323	4.140	5.946
4.888	6.747	5.659	5.693	5.641	0.100	3.060	5.529	4.250	5.725
4.758	6.212	5.655	5.699	4.734	4.466	10.493	1.244	5.783	1.085
5.277	5.349	4.189	4.272	6.764	4.948	1.331	0.919	4.028	3.681
6.703	5.306	5.498	5.934	6.919	0.344	18.086	3.479	6.325	5.677
4.412	5.284	4.930	4.669	5.723	4.198	6.570	4.724	5.903	2.566
3.656	6.563	3.601	5.282	4.278	4.764	14.313	9.493	6.692	4.122
4.010	5.236	5.863	4.460	3.491	3.620	9.734	2.178	4.147	5.311
4.001	4.963	5.079	4.634	3.965	1.907	17.047	7.722	5.851	5.226
5.825	4.861	4.412	5.626	6.441	2.605	12.474	0.266	3.593	5.937
4.377	3.926	5.038	5.676	5.155	4.270	10.403	6.002	4.461	7.788
4.197	5.637	4.496	5.577	5.701	3.219	13.387	8.119	4.637	1.806
4.517	4.854	4.685	6.175	5.788	4.582	9.334	8.561	4.386	8.948
6.548	4.664	6.239	6.599	5.153	4.501	10.111	2.928	5.701	4.088
7.704	7.325	5.819	6.382	6.446	0.488	3.879	0.618	4.469	9.519
6.378	6.221	7.708	4.024	4.828	0.163	1.102	5.206	3.926	7.696
5.359	5.118	6.719	6.942	5.987	1.235	3.581	4.102	4.840	5.241
6.166	5.867	5.854	5.045	5.556	1.461	13.293	9.775	6.425	3.038
4.846	6.094	4.249	4.229	4.221	1.945	14.737	6.984	3.972	9.617
7.639	4.378	5.368	4.174	5.148	4.038	4.789	5.218	5.093	1.365
4.621	4.196	5.870	3.920	4.809	1.384	5.335	6.058	3.679	3.477
6.113	5.861	5.816	5.107	5.513	2.519	7.005	4.305	6.035	5.968
4.939	3.862	6.270	4.285	4.253	1.685	7.564	8.255	4.178	3.115
5.288	6.018	5.424	4.689	5.179	3.316	5.120	6.674	4.456	1.287
4.851	3.850	4.171	4.998	6.358	2.236	6.423	7.743	3.536	1.856
5.539	4.655	4.802	4.539	4.981	4.087	8.847	7.977	3.754	3.749
3.753	6.649	4.132	6.036	6.517	0.973	10.602	1.500	5.636	1.627
4.082	5.207	5.177	4.410	5.647	2.802	4.349	1.391	4.552	2.616
5.366	2.308	4.423	5.207	5.970	4.233	15.004	6.676	5.012	5.081
4.034	5.529	4.507	5.067	6.932	4.179	7.169	9.988	5.778	3.543
4.298	5.215	4.018	3.617	5.426	1.321	1.500	6.423	6.113	6.790
5.154	4.599	5.053	6.021	5.355	3.129	3.036	4.671	4.182	3.973
5.833	3.656	3.321	3.948	3.927	4.658	12.498	9.488	5.481	3.738
3.421	4.083	4.263	4.613	4.953	3.086	9.082	0.778	4.587	2.055
4.807	3.925	4.127	5.366	3.408	0.246	12.260	3.886	7.088	1.005
3.932	3.318	5.861	5.453	5.110	4.177	10.509	9.486	6.219	2.118
5.509	5.049	6.512	5.626	4.439	0.151	11.958	2.462	4.950	6.351
5.740	6.291	4.619	4.261	5.350	4.175	11.507	5.160	4.932	4.982
4.027	6.384	7.926	3.606	4.632	2.546	11.023	4.831	3.688	1.074
5.362	4.576	6.222	6.531	4.781	3.925	12.816	3.287	5.936	8.613
5.481	3.790	4.433	5.529	5.740	4.097	6.884	6.227	3.206	9.902
7.700	4.923	4.636	3.701	4.777	3.991	7.492	5.188	5.873	9.563
4.266	6.135	4.670	5.131	4.783	4.888	8.215	9.487	4.099	4.055
5.583	5.644	4.954	4.641	4.873	3.640	17.783	1.621	2.802	7.309
5.234	5.401	4.795	3.981	5.040	3.606	17.374	0.705	5.664	2.760
4.783	4.212	5.228	5.929	7.167	3.197	17.526	3.564	6.581	9.173
4.682	5.107	6.139	3.699	4.503	3.263	5.026	9.052	6.834	0.471
3.270	4.636	4.665	7.662	5.048	1.092	10.875	3.898	5.241	6.636
6.162	5.027	4.593	7.162	4.860	0.185	5.083	4.757	5.343	9.654
5.247	5.306	3.696	3.874	4.403	1.671	7.665	3.464	4.762	4.468
4.965	4.900	4.217	5.367	3.894	4.820	3.489	9.098	4.838	8.244
5.347	6.434	5.900	3.939	4.049	0.658	19.512	7.066	5.982	3.461
4.703	6.338	3.133	5.210	4.591	0.434	6.162	9.705	5.655	9.502
5.600	2.895	5.003	4.760	4.904	3.644	2.730	0.167	5.772	2.603
4.452	5.971	4.954	2.145	4.665	1.338	14.780	1.110	4.398	9.595
5.389	6.179	6.770	4.313	4.719	1.414	17.512	8.823	4.865	4.843
5.080	4.137	3.796	4.815	5.598	1.608	17.340	2.574	5.436	9.635
4.901	4.982	5.251	4.789	4.364	1.662	17.966	6.481	5.668	3.984
2.579	4.855	4.470	2.513	4.125	4.301	18.735	0.426	4.281	8.001
6.103	6.229	4.976	6.191	4.801	3.357	15.513	3.943	7.339	4.858
4.351	3.353	3.057	4.602	5.689	2.038	3.891	0.451	4.752	6.300
3.728	4.484	5.063	5.226	6.376	2.240	9.509	9.091	4.713	0.012
4.251	3.491	5.630	6.381	3.585	3.283	16.185	4.347	5.100	8.348
5.497	5.764	6.314	5.790	4.541	2.694	19.804	5.945	5.862	6.567
6.043	5.237	4.701	6.958	6.366	0.165	19.177	7.603	5.510	6.079
5.536	4.235	4.683	4.989	4.824	1.887	1.840	8.975	4.441	4.922
6.243	4.627	4.894	6.555	4.546	1.739	8.026	1.019	5.502	6.800
6.018	6.527	-8.352	-6.661	3.769	-7.414	-6.153	-6.360	10.109	-6.142
8.954	5.878	-7.144	-7.302	1.289	-7.932	-8.869	-5.935	17.243	-6.221
3.648	8.629	-7.010	-8.331	0.426	-6.740	-6.959	-6.410	7.682	-8.527
0.632	0.124	-8.837	-6.289	4.820	-8.091	-8.060	-6.332	12.168	-6.564
19.529	2.874	-8.167	-7.703	2.805	-7.665	-7.904	-8.245	19.604	-6.085
18.156	7.865	-7.658	-7.013	1.128	-6.904	-7.847	-7.695	16.733	-6.424
6.367	5.349	-6.093	-7.597	2.549	-6.362	-7.804	-6.131	14.042	-5.067
3.864	8.928	-4.945	-7.526	2.424	-7.709	-9.218	-6.839	19.860	-7.396
19.282	0.535	-7.165	-8.068	3.585	-8.289	-7.031	-8.048	0.623	-8.602
1.022	4.863	-6.889	-10.200	2.155	-6.029	-7.259	-7.174	17.325	-7.951
8.013	7.542	-6.144	-7.494	4.955	-6.739	-5.166	-4.481	13.365	-7.331
10.932	7.762	-7.653	-8.131	3.769	-6.028	-7.470	-7.308	5.898	-6.258
15.469	0.556	-5.257	-7.192	4.047	-6.380	-7.371	-6.499	2.910	-8.086
12.730	9.206	-6.108	-5.345	3.435	-6.419	-5.909	-5.923	4.352	-6.628
15.094	7.412	-5.681	-6.024	1.559	-7.712	-10.653	-5.706	18.555	-6.130
1.425	2.609	-6.414	-7.756	4.139	-7.852	-5.402	-6.479	14.922	-6.223
3.328	3.508	-5.476	-6.176	1.955	-7.695	-7.683	-7.203	18.245	-6.920
4.970	3.909	-5.853	-6.560	1.137	-5.890	-7.918	-7.585	8.044	-8.091
9.488	9.438	-5.547	-6.620	2.347	-7.654	-7.639	-6.512	15.252	-6.112
8.845	2.776	-7.942	-6.119	4.946	-7.998	-7.316	-9.527	7.228	-6.339
5.326	0.019	-5.232	-7.967	1.683	-7.862	-7.360	-8.972	11.041	-6.624
5.777	3.667	-7.296	-8.541	0.903	-5.564	-7.107	-6.693	10.326	-6.352
6.467	3.510	-7.080	-7.564	3.204	-7.191	-6.360	-6.258	13.015	-8.092
3.481	8.964	-5.067	-6.135	1.896	-8.841	-7.149	-5.860	13.692	-7.477
1.634	5.406	-8.360	-6.970	4.648	-7.465	-7.695	-7.401	7.316	-5.524
12.254	2.255	-8.104	-5.786	3.576	-8.326	-6.725	-5.330	0.673	-7.581
14.505	0.346	-8.002	-7.468	0.078	-3.833	-6.636	-7.243	1.902	-6.700
12.941	1.307	-6.589	-8.066	1.463	-6.439	-5.414	-5.894	12.221	-5.743
0.834	4.339	-7.123	-6.560	2.018	-6.116	-7.010	-8.868	11.125	-7.227
9.949	2.978	-7.403	-4.923	4.856	-7.637	-5.585	-5.476	0.656	-7.711
8.932	0.641	-5.062	-6.381	4.713	-6.580	-5.605	-7.143	4.435	-7.257
1.526	1.061	-7.125	-7.189	2.865	-7.963	-8.332	-6.561	14.109	-8.197
13.627	2.557	-6.711	-7.328	4.999	-7.710	-7.517	-7.646	8.359	-5.316
15.177	7.015	-6.327	-8.331	1.728	-8.557	-5.098	-7.686	3.060	-6.872
7.709	6.396	-8.418	-7.175	3.813	-7.696	-7.473	-7.666	9.379	-7.203
15.852	0.184	-7.263	-6.910	3.996	-5.280	-8.531	-6.837	15.094	-6.527
6.259	0.474	-6.506	-8.313	4.638	-7.978	-6.334	-6.451	7.495	-6.576
12.976	0.582	-7.884	-6.950	0.121	-6.221	-5.747	-7.998	10.709	-4.464
18.163	9.868	-5.220	-6.910	4.589	-7.658	-5.955	-6.343	1.826	-5.815
15.535	5.690	-6.107	-6.631	3.989	-6.650	-6.995	-5.456	9.220	-7.187
0.527	2.405	-7.871	-7.859	1.154	-7.244	-6.781	-6.726	3.723	-7.361
0.995	6.232	-7.421	-6.938	2.106	-6.615	-6.364	-8.216	0.143	-7.339
16.823	5.576	-8.335	-7.422	3.503	-5.305	-6.340	-7.946	10.400	-6.153
8.419	3.526	-4.575	-5.997	1.861	-7.169	-7.584	-6.055	8.647	-8.471
18.369	8.939	-5.980	-8.151	4.011	-7.433	-6.006	-8.993	11.809	-6.973
12.966	7.512	-6.714	-7.220	3.727	-8.215	-6.355	-6.622	17.808	-7.664
9.874	9.008	-7.629	-8.679	3.469	-6.370	-6.748	-7.390	6.108	-7.876
17.614	8.314	-5.862	-6.891	2.703	-6.160	-6.717	-6.792	9.091	-6.257
17.309	4.186	-9.430	-6.525	3.404	-6.083	-7.138	-7.194	11.491	-6.573
2.976	9.541	-7.116	-6.789	0.570	-8.334	-6.880	-8.988	1.402	-7.438
12.019	1.079	-6.208	-4.657	0.578	-6.819	-6.276	-5.315	6.471	-5.573
7.594	6.748	-6.285	-8.511	2.697	-8.133	-6.311	-7.390	10.305	-7.035
12.152	3.470	-5.843	-7.544	3.720	-7.461	-6.639	-7.865	14.187	-6.698
11.937	2.612	-6.888	-6.941	3.898	-5.566	-7.202	-8.477	1.506	-9.285
10.954	6.912	-7.709	-9.125	2.762	-8.520	-7.209	-8.125	3.041	-6.217
0.181	1.182	-6.007	-7.265	2.970	-6.012	-6.367	-6.375	2.503	-5.723
8.929	3.418	-6.047	-7.394	0.725	-8.314	-7.336	-7.828	10.508	-8.962
9.849	5.515	-5.319	-6.096	2.551	-7.615	-7.473	-7.163	6.144	-6.346
11.389	8.426	-6.953	-8.205	3.974	-6.885	-7.393	-8.559	17.950	-7.871
19.247	8.618	-5.129	-5.871	2.407	-6.548	-7.940	-6.268	11.228	-7.336
3.952	2.536	-8.101	-6.883	1.686	-6.528	-7.106	-6.285	4.807	-5.845
7.675	2.341	-5.831	-5.615	4.822	-7.278	-5.694	-7.551	15.759	-8.352
10.258	7.019	-5.459	-7.462	0.958	-5.302	-7.362	-7.288	6.545	-7.371
7.552	6.322	-6.451	-7.026	1.686	-6.577	-6.277	-7.308	3.397	-6.929
3.027	9.736	-6.532	-6.605	4.147	-8.060	-5.661	-7.700	7.785	-6.379
7.578	1.380	-7.525	-6.267	3.645	-6.930	-8.008	-5.515	4.899	-7.822
16.683	1.056	-6.377	-5.566	4.557	-8.130	-5.854	-6.636	17.974	-6.364
18.538	3.215	-6.345	-9.267	4.772	-5.887	-7.477	-6.601	6.051	-6.776
12.654	8.934	-7.017	-6.946	3.374	-8.222	-8.149	-7.709	19.122	-8.273
11.874	7.684	-7.600	-7.971	3.169	-6.283	-6.731	-7.320	10.593	-7.778
16.670	8.324	-6.125	-6.491	4.334	-7.017	-7.477	-6.322	19.252	-8.579
14.427	8.665	-6.327	-5.817	2.330	-7.053	-7.020	-7.456	5.880	-8.136
2.003	9.033	-6.437	-7.039	1.958	-9.185	-6.467	-7.523	9.778	-8.367
17.469	3.974	-5.636	-7.287	1.281	-7.132	-6.044	-7.568	13.129	-5.399
11.318	2.155	-6.743	-9.463	3.961	-8.101	-7.694	-7.576	14.802	-7.480
5.086	4.867	-6.678	-9.301	0.941	-7.132	-8.392	-6.665	19.911	-7.457
17.980	6.821	-8.104	-6.299	1.783	-7.197	-6.345	-7.528	15.950	-5.626
2.131	5.339	-7.077	-8.356	0.050	-8.963	-6.136	-6.147	14.569	-6.985
3.823	4.169	-8.578	-7.144	1.262	-5.710	-6.673	-5.961	3.252	-7.226
9.144	6.241	-6.372	-6.640	1.495	-7.748	-5.645	-6.425	11.945	-5.308
18.742	1.222	-6.142	-7.051	4.869	-8.506	-6.283	-5.438	6.647	-7.952
11.771	4.374	-6.026	-7.895	0.190	-7.476	-7.741	-7.126	3.825	-8.732
0.051	4.978	-6.850	-7.158	1.276	-6.383	-8.756	-8.068	0.345	-6.947
18.924	1.376	-6.028	-7.799	4.574	-8.087	-6.250	-7.225	2.183	-7.958
0.591	3.040	-6.888	-4.763	2.095	-5.735	-7.033	-6.052	5.330	-7.298
12.856	7.129	-5.810	-5.867	1.295	-5.720	-9.141	-8.497	18.400	-7.321
19.352	2.183	-6.563	-4.865	1.419	-7.872	-6.693	-6.637	2.587	-6.756
1.795	5.756	-7.072	-6.454	4.365	-6.749	-6.720	-6.074	10.170	-6.050
4.003	4.113	-7.661	-7.758	1.873	-7.045	-7.682	-7.293	12.733	-7.498
9.035	6.383	-6.770	-6.698	1.383	-7.991	-9.929	-9.589	9.485	-5.323
10.071	3.842	-4.797	-5.667	3.813	-5.171	-8.497	-7.764	8.572	-7.788
4.471	6.496	-7.090	-7.841	0.327	-6.924	-6.354	-5.791	15.124	-6.152
13.594	1.141	-6.721	-7.188	4.228	-7.661	-7.134	-6.491	17.298	-7.455
4.360	1.201	-6.532	-7.884	3.377	-6.047	-7.709	-8.272	6.809	-8.224
2.821	6.891	-6.761	-7.259	3.613	-8.144	-6.840	-8.152	1.479	-9.583
9.359	6.097	-7.996	-7.297	4.212	-8.714	-6.460	-7.514	6.122	-5.208
4.469	6.557	-8.081	-6.507	0.899	-5.613	-6.036	-6.161	3.759	-7.543
7.774	4.034	-7.205	-5.432	1.692	-6.815	-7.488	-8.672	1.188	-6.112
12.405	6.917	-6.899	-6.235	0.117	-6.103	-5.969	-6.644	6.644	-7.416
2.836	3.751	-5.642	-8.098	2.210	-6.764	-9.431	-6.433	12.674	-7.316
3.280	1.832	-6.024	-6.590	1.586	-6.040	-7.549	-7.406	1.339	-7.019
7.510	5.277	-6.349	-6.583	1.180	-6.398	-7.919	-6.895	4.189	-7.616
7.613	4.808	-7.699	-7.300	2.399	-6.286	-6.985	-9.116	16.817	-7.976
4.065	1.773	-6.707	-7.328	0.438	-6.716	-8.170	-6.400	16.916	-6.177
12.760	7.775	-5.036	-7.576	4.210	-7.569	-6.342	-6.007	3.564	-8.208
1.125	8.532	-5.861	-8.575	4.548	-7.520	-5.848	-5.734	13.179	-7.628
16.115	9.289	-6.297	-6.920	3.518	-6.179	-7.934	-5.452	6.891	-7.073
6.498	9.928	-6.229	-7.346	4.798	-6.811	-7.559	-7.429	0.234	-7.359
0.992	8.054	-7.557	-6.468	0.491	-5.841	-7.828	-9.679	15.765	-6.583
10.651	6.772	-9.397	-7.036	0.489	-3.151	-7.038	-5.913	0.062	-6.478
9.891	5.187	-5.728	-5.612	0.993	-7.946	-6.966	-5.626	14.000	-6.992
15.199	1.465	-4.598	-6.989	4.460	-8.748	-7.339	-9.521	7.831	-7.375
6.407	0.530	-5.716	-7.051	1.014	-5.880	-8.834	-6.973	2.006	-6.394
3.299	3.194	-7.841	-7.627	2.490	-7.966	-6.860	-4.582	3.380	-7.849
15.223	9.392	-7.607	-7.894	1.639	-8.280	-6.179	-7.379	11.355	-8.386
8.506	4.754	-8.396	-6.295	4.456	-7.266	-6.207	-8.500	4.658	-7.729
16.310	5.740	-5.218	-6.910	3.305	-6.947	-7.811	-7.238	15.663	-7.957
2.637	1.134	-8.627	-6.771	4.688	-9.271	-6.797	-7.799	9.148	-7.484
16.787	5.947	-6.516	-5.288	3.292	-7.146	-7.320	-7.480	8.039	-6.400
9.390	7.473	-7.099	-7.608	3.511	-8.159	-7.223	-8.464	12.586	-5.309
5.273	9.018	-8.861	-6.544	3.972	-7.445	-5.430	-7.016	4.260	-6.464
7.499	4.722	-5.535	-5.149	2.755	-5.355	-6.757	-3.920	16.783	-7.859
17.071	9.323	-9.271	-6.678	1.510	-7.068	-10.122	-6.288	7.471	-5.929
19.704	5.908	-4.922	-6.929	2.703	-7.574	-6.919	-5.468	3.415	-6.741
6.882	9.448	-4.964	-7.567	1.300	-6.758	-6.188	-6.536	17.822	-7.062
5.307	3.346	-5.910	-7.008	0.983	-6.623	-6.399	-5.834	4.658	-6.351
7.639	3.562	-8.210	-7.060	1.712	-8.397	-7.051	-7.240	17.457	-5.471
0.010	4.529	-9.016	-7.847	3.182	-7.080	-6.959	-5.195	12.425	-7.433
0.991	7.269	-7.250	-4.232	0.501	-7.684	-5.482	-5.998	8.203	-8.896
11.063	2.081	-5.511	-8.238	1.414	-4.048	-7.755	-6.052	6.567	-7.677
16.362	8.437	-5.855	-7.282	0.777	-6.160	-5.578	-8.314	5.831	-6.125
0.282	2.105	-8.642	-6.556	1.955	-6.212	-7.546	-5.921	3.871	-6.448
3.695	6.868	-6.380	-8.101	2.472	-7.736	-7.516	-7.117	8.884	-7.389
18.538	4.472	-5.839	-6.855	3.125	-7.253	-6.411	-7.358	5.250	-7.171
7.002	7.977	-8.881	-6.699	3.317	-6.865	-6.974	-7.070	10.677	-8.829
3.955	7.909	-5.496	-5.595	4.041	-5.903	-6.584	-7.606	13.472	-7.288
3.740	9.337	-7.171	-7.756	3.337	-6.159	-6.318	-7.777	1.033	-6.309
2.396	9.449	-7.382	-5.454	1.168	-7.585	-6.350	-4.708	10.092	-7.373
10.154	0.988	-8.410	-5.969	2.944	-6.713	-6.522	-7.783	15.827	-6.983
7.917	6.663	-8.452	-7.069	0.198	-7.191	-6.192	-5.201	7.009	-7.560
12.873	4.629	-5.542	-7.777	4.441	-4.611	-6.609	-6.735	10.243	-5.120
1.071	9.114	-7.534	-5.052	3.785	-6.087	-6.365	-6.453	10.824	-7.076
12.318	8.444	-9.154	-7.788	3.448	-8.005	-7.196	-6.566	4.786	-7.680
5.997	7.963	-6.856	-6.956	4.805	-5.910	-7.934	-7.621	4.484	-7.610
7.997	2.868	-7.183	-6.699	3.536	-6.561	-8.079	-8.520	18.937	-6.382
14.702	8.300	-6.965	-9.299	2.164	-8.118	-7.532	-5.311	2.294	-7.883
1.697	1.013	-7.652	-7.971	2.583	-8.854	-6.604	-6.851	5.875	-7.637
2.698	0.927	-5.582	-7.299	3.762	-6.457	-5.632	-6.936	8.040	-6.113
6.510	7.750	-6.802	-7.942	4.557	-5.567	-6.507	-4.666	5.765	-5.626
12.756	2.110	-7.409	-5.045	0.687	-7.718	-7.809	-5.679	5.040	-5.165
16.460	3.856	-6.324	-7.216	3.154	-7.501	-5.389	-5.495	13.085	-7.427
15.845	0.000	-7.373	-6.431	0.437	-5.942	-5.997	-7.811	17.682	-7.324
2.883	3.497	-6.898	-7.531	4.903	-5.165	-7.054	-6.983	14.486	-5.357
17.572	0.247	-8.232	-6.290	2.227	-6.600	-6.753	-7.039	17.327	-6.137
3.192	9.354	-6.606	-6.836	0.172	-5.095	-7.410	-6.840	1.174	-5.654
14.477	6.521	-5.624	-8.549	4.100	-7.832	-6.354	-4.994	10.376	-7.349
19.001	1.236	-7.487	-7.072	1.129	-5.114	-7.461	-6.103	4.936	-7.087
5.467	1.450	-6.683	-7.166	1.434	-8.031	-8.033	-8.426	8.518	-5.357
1.027	4.929	-6.957	-5.625	3.494	-6.625	-6.777	-7.810	0.484	-7.227
16.509	3.275	-6.406	-7.685	3.624	-5.199	-7.271	-8.034	1.307	-5.979
10.985	9.240	-6.678	-6.898	4.371	-8.148	-6.152	-7.029	17.879	-6.990
15.014	8.532	-9.536	-6.897	4.152	-7.383	-7.155	-7.202	18.723	-8.117
13.586	9.170	-8.131	-8.359	3.720	-9.040	-6.428	-6.186	1.350	-8.387
19.214	7.645	-7.874	-7.174	1.653	-7.361	-7.661	-6.649	18.870	-8.166
19.470	7.356	-4.932	-7.517	3.376	-7.099	-7.318	-8.306	2.954	-7.030
17.319	4.617	-7.479	-7.812	0.317	-7.154	-7.575	-7.890	5.622	-6.274
7.192	9.473	-8.946	-7.464	1.868	-5.134	-7.343	-8.664	4.577	-6.341
11.369	3.484	-7.430	-7.475	4.119	-8.404	-6.256	-6.908	3.019	-8.048
3.171	0.774	-6.676	-7.977	1.511	-6.924	-7.815	-6.588	8.030	-5.653
13.120	5.584	-6.677	-6.576	3.227	-7.965	-8.330	-7.929	14.246	-7.617
10.417	3.430	-7.274	-7.573	3.182	-6.251	-5.638	-8.849	7.579	-8.576
13.826	3.833	-8.771	-6.584	0.033	-8.054	-4.204	-8.281	17.121	-6.777
14.038	1.789	-8.351	-6.940	4.272	-5.195	-5.725	-6.017	4.701	-6.842
18.337	5.941	-7.323	-5.413	0.898	-7.403	-6.775	-8.117	16.219	-8.191
15.219	9.735	-5.789	-8.507	1.917	-7.106	-6.104	-6.398	14.576	-7.262
19.289	4.805	-6.454	-6.630	1.460	-7.676	-7.314	-5.505	4.495	-6.392
12.824	3.968	-6.055	-5.942	1.010	-7.165	-8.000	-6.037	16.532	-7.011
12.036	7.672	-8.018	-6.548	3.988	-6.371	-7.528	-7.232	9.182	-8.038
11.480	1.943	-6.245	-5.765	1.515	-8.988	-6.139	-7.106	11.998	-7.482
8.321	5.558	-6.877	-7.645	3.932	-6.788	-7.366	-6.460	1.514	-5.715
17.952	2.634	-7.576	-7.201	3.401	-6.218	-7.723	-6.870	19.989	-9.214
1.098	6.983	-6.667	-8.372	2.186	-7.615	-8.322	-7.404	19.320	-7.177
19.489	7.903	-5.466	-6.420	3.963	-7.685	-8.000	-7.869	19.176	-6.188
13.812	3.450	-5.168	-6.095	3.559	-6.968	-5.448	-7.849	12.297	-7.491
10.550	5.559	-6.585	-8.354	4.350	-6.063	-7.158	-7.357	17.104	-7.297
15.161	4.654	-7.538	-10.554	4.004	-7.594	-5.244	-8.383	0.269	-7.808
14.543	2.939	-7.008	-7.178	0.917	-8.383	-6.223	-5.359	5.256	-8.460
4.783	3.755	-7.297	-8.386	0.719	-7.544	-5.444	-6.153	10.647	-7.391
0.694	1.923	-8.319	-7.112	2.155	-5.995	-6.272	-7.425	4.761	-7.195
6.368	8.923	-7.344	-6.091	1.334	-7.486	-8.299	-8.600	11.722	-7.587
19.206	7.473	-7.006	-8.888	3.476	-6.663	-6.780	-6.365	14.892	-8.037
2.284	2.423	-7.978	-7.639	4.255	-8.018	-7.169	-6.254	8.106	-5.177
7.909	0.134	-7.919	-7.316	4.378	-5.947	-6.043	-7.875	0.592	-6.392
9.443	6.268	-7.015	-7.637	4.473	-7.555	-5.836	-7.543	6.057	-6.799
9.218	8.889	-6.902	-7.675	2.554	-7.284	-6.418	-9.046	16.080	-7.142
9.288	0.683	-7.045	-8.427	0.115	-8.259	-6.685	-6.164	2.960	-6.755
4.568	1.496	-6.368	-7.542	2.177	-7.307	-8.279	-8.527	0.003	-7.971
2.766	2.167	-6.412	-6.141	3.013	-7.224	-7.241	-7.458	0.479	-5.306
13.786	3.914	-5.947	-7.243	4.396	-8.524	-5.596	-6.705	13.301	-6.001
18.786	5.132	-7.376	-7.975	4.113	-7.916	-7.447	-7.211	5.531	-5.754
10.170	8.633	-6.324	-5.817	3.520	-6.301	-6.750	-7.290	15.198	-8.535
12.557	4.011	-8.569	-5.549	4.333	-6.074	-7.280	-6.448	1.464	-4.705
8.190	1.218	-8.269	-7.446	2.593	-7.660	-6.177	-7.075	13.950	-6.649
12.870	8.491	-5.883	-6.372	3.901	-6.646	-5.223	-6.794	4.763	-7.085
19.206	7.315	-9.570	-6.547	4.434	-6.429	-6.370	-7.817	4.620	-7.136
15.332	8.055	-7.117	-7.391	0.165	-5.943	-6.136	-6.160	1.052	-5.591
17.985	5.365	-7.862	-7.650	4.681	-6.400	-7.409	-7.149	8.332	-6.352
4.869	3.081	-8.445	-7.790	4.238	-7.036	-7.984	-7.246	12.164	-6.447
12.160	3.824	-6.759	-7.555	3.290	-6.297	-7.532	-6.989	11.030	-4.565
7.348	3.494	-7.106	-7.944	1.841	-7.302	-6.912	-7.892	7.778	-7.271
7.655	4.639	-7.684	-6.834	1.557	-5.273	-7.757	-6.877	2.837	-8.056
9.625	7.323	-7.228	-9.093	0.946	-7.078	-8.046	-7.360	19.090	-6.389
0.804	1.422	-7.315	-6.774	1.865	-7.607	-7.416	-6.869	14.108	-7.271
7.455	8.819	-7.325	-6.878	2.650	-7.227	-6.742	-8.592	13.697	-6.116
18.419	9.194	-7.200	-8.075	2.550	-7.158	-7.641	-6.353	7.765	-6.925
17.146	7.841	-6.953	-6.494	4.748	-7.415	-6.925	-5.854	16.390	-7.896
9.105	0.733	-7.082	-7.920	3.685	-6.334	-6.016	-5.710	17.417	-6.739
16.169	3.391	-7.084	-5.574	0.573	-6.734	-6.987	-6.881	11.909	-8.156
19.344	5.031	-6.839	-8.456	2.256	-6.823	-7.626	-7.322	10.118	-8.295
19.601	8.671	-7.644	-6.737	0.014	-7.151	-6.814	-7.132	0.994	-7.385
2.478	5.295	-7.572	-5.505	3.932	-7.985	-5.789	-4.823	2.650	-6.763
15.634	9.357	-8.936	-6.834	1.245	-7.739	-6.115	-6.958	1.766	-7.246
14.289	8.922	-4.905	-7.802	4.661	-7.984	-7.485	-7.314	5.730	-6.798
6.608	8.658	-6.297	-5.138	0.912	-6.821	-7.382	-7.582	11.370	-7.191
10.483	7.384	-7.356	-8.191	4.643	-5.992	-7.226	-8.631	7.050	-6.433
11.271	7.339	-5.842	-7.425	4.586	-6.946	-8.545	-8.262	7.889	-8.158
8.751	6.807	-8.245	-6.082	0.320	-6.413	-6.770	-6.841	10.974	-6.102
9.123	1.271	-7.024	-5.870	2.417	-8.015	-5.829	-6.722	4.301	-7.009
19.212	1.657	-7.393	-8.576	1.584	-8.052	-8.232	-7.630	6.596	-7.199
3.164	7.501	-8.342	-7.506	2.532	-7.202	-5.500	-7.161	11.791	-7.109
14.303	8.317	-7.547	-6.367	4.110	-6.701	-8.513	-8.349	15.523	-6.544
10.072	5.353	-5.948	-7.441	2.503	-6.791	-7.947	-6.111	12.374	-7.036
6.243	2.019	-6.611	-8.832	4.950	-6.800	-6.287	-8.268	12.488	-7.263
4.948	7.614	-7.882	-7.690	1.257	-7.970	-6.922	-8.107	2.594	-6.839
7.369	5.744	-8.089	-7.786	1.425	-9.707	-7.284	-8.540	1.490	-7.712
10.233	2.999	-7.086	-8.094	4.335	-8.440	-7.332	-6.839	17.414	-6.564
18.164	2.304	-6.476	-5.729	3.547	-3.726	-8.210	-6.452	1.362	-6.826
18.563	6.984	-8.587	-8.206	0.019	-6.591	-5.140	-7.604	14.158	-6.068
2.552	1.636	-7.455	-6.944	0.113	-7.289	-6.728	-5.987	12.901	-6.316
5.065	6.721	-7.084	-7.368	2.768	-8.608	-6.529	-8.212	12.073	-7.953
8.366	5.398	-6.224	-7.968	2.163	-6.612	-7.006	-6.957	8.828	-8.484
10.020	2.967	-6.669	-6.877	4.468	-6.296	-6.659	-7.881	5.707	-5.351
8.293	3.040	-5.641	-8.217	3.488	-5.562	-7.879	-4.737	11.063	-10.038
12.961	5.820	-5.216	-7.386	0.616	-8.030	-7.902	-7.821	8.375	-5.146
12.842	5.819	-6.613	-7.507	1.147	-6.978	-9.471	-6.782	16.692	-5.223
5.843	9.518	-6.104	-7.700	4.295	-5.905	-5.497	-7.528	10.549	-6.649
8.197	1.926	-6.421	-6.863	2.619	-6.191	-6.968	-7.856	4.195	-8.148
1.505	6.289	-6.948	-8.184	2.874	-7.791	-7.709	-8.330	16.048	-5.982
9.909	8.171	-6.904	-8.645	1.731	-8.702	-6.436	-6.585	17.765	-7.500
9.183	2.562	-6.281	-6.197	4.784	-7.130	-6.832	-5.188	16.804	-5.910
5.433	8.994	13.076	5.305	10.691	9.034	11.542	9.412	19.007	2.177
14.635	10.806	11.064	1.619	11.827	9.192	11.332	10.603	1.329	9.198
13.339	10.492	10.432	2.293	11.817	12.258	11.109	10.378	15.161	3.243
5.784	10.422	11.781	0.843	11.016	11.026	11.219	11.647	8.837	5.980
10.712	13.193	10.948	1.077	9.709	10.623	10.324	10.985	11.962	5.576
9.859	10.643	11.423	8.766	9.911	11.873	11.264	10.960	0.606	1.303
11.959	10.369	11.630	8.762	12.754	11.207	9.365	10.005	11.198	8.044
17.767	11.046	12.541	2.555	11.772	10.513	11.770	10.909	11.544	0.946
1.205	12.732	11.984	6.472	12.758	10.348	10.888	11.035	7.652	2.251
19.724	11.381	13.018	2.193	10.383	10.737	13.099	10.921	1.455	2.964
19.207	10.632	11.270	0.124	11.683	10.990	10.270	10.587	13.805	2.649
8.959	11.718	10.701	0.484	10.826	10.321	10.061	12.661	5.283	8.979
11.243	9.593	11.612	3.503	12.095	10.987	10.610	12.295	1.018	0.914
8.423	10.617	9.716	6.530	12.788	11.785	12.310	10.807	10.987	2.149
6.665	11.240	10.881	7.711	11.641	10.689	11.314	9.811	4.292	3.916
14.270	10.219	9.318	4.973	10.193	10.006	10.925	10.116	2.681	9.486
8.312	11.470	12.191	9.880	10.832	10.277	11.380	11.085	11.056	8.863
16.617	11.354	11.801	0.440	10.009	10.851	12.044	12.603	1.690	9.535
5.796	10.977	10.831	6.939	10.312	12.563	9.606	10.686	13.938	6.479
18.132	10.691	11.405	3.114	11.733	10.010	11.747	11.362	16.103	4.921
12.924	10.863	10.272	2.692	10.106	11.383	10.288	10.594	10.661	2.050
1.680	10.810	10.519	7.822	11.043	10.040	10.999	11.332	10.839	6.463
3.843	12.519	10.410	4.502	10.188	10.807	11.076	9.554	0.200	5.711
18.419	10.572	12.722	1.378	9.573	11.265	11.399	10.269	2.177	7.423
14.170	11.324	9.962	3.922	11.911	9.124	11.605	11.300	18.721	3.604
15.276	11.963	10.090	6.529	10.592	12.328	12.798	11.601	1.000	2.003
12.055	11.564	11.280	8.506	10.469	10.389	10.801	10.095	18.900	3.461
19.904	11.376	11.254	2.537	10.546	10.498	11.453	10.641	4.695	4.644
12.192	10.677	10.616	0.463	10.321	9.746	10.671	11.125	14.241	8.870
13.313	12.106	11.586	6.549	12.250	11.783	9.296	10.337	9.842	7.976
4.644	10.492	11.205	4.493	10.459	10.330	12.259	11.516	6.156	5.748
0.070	12.095	10.991	6.794	11.050	11.611	9.689	11.748	19.945	3.356
19.039	10.198	10.747	0.399	9.621	12.714	9.816	10.122	12.632	5.034
8.043	11.957	10.921	9.680	10.216	12.717	8.178	10.118	12.193	8.567
8.564	10.589	12.296	4.675	11.661	10.914	10.585	11.914	4.273	6.675
7.208	10.435	11.662	0.737	11.643	9.604	10.984	13.215	16.645	5.905
0.614	10.552	12.038	6.915	11.458	11.122	10.632	12.387	7.221	7.807
9.482	12.391	9.645	6.881	9.757	11.904	10.126	11.861	7.680	8.533
4.916	12.113	10.919	2.980	10.821	11.592	11.944	11.128	6.419	9.556
5.006	12.656	11.843	3.828	10.360	11.038	11.475	10.429	3.130	5.150
17.574	10.770	8.816	6.248	11.111	11.086	11.064	11.889	5.839	6.725
17.956	11.284	13.265	3.439	10.938	10.657	11.316	10.973	1.918	6.880
7.307	9.992	10.956	7.327	11.553	11.843	11.441	12.099	12.659	0.260
1.214	10.339	12.322	4.547	12.203	10.027	10.724	10.550	17.120	1.893
17.229	11.498	11.531	5.155	10.922	12.560	11.414	12.554	3.323	7.438
11.316	10.097	10.607	8.630	9.994	11.501	12.467	9.408	9.875	7.325
7.030	10.140	12.182	5.920	9.658	10.040	12.824	11.493	10.162	2.149
16.412	11.672	10.235	3.978	10.873	10.195	13.163	13.038	4.282	5.335
7.245	10.212	11.792	9.840	10.132	10.819	10.435	11.302	17.623	0.817
7.518	12.195	12.832	5.665	11.668	11.302	11.634	12.437	4.720	3.698
15.485	11.395	11.150	9.256	11.096	11.522	9.819	10.517	7.338	8.461
12.537	11.321	10.956	2.982	11.821	10.811	12.122	10.036	14.214	1.690
6.773	10.741	9.484	8.503	10.779	11.128	10.965	10.853	19.001	4.034
18.714	11.738	12.099	2.021	12.322	12.420	8.838	12.279	3.022	5.570
8.913	11.770	10.784	3.284	10.253	10.822	9.608	10.930	1.968	9.253
13.490	11.162	9.697	4.757	9.783	11.334	9.705	9.801	16.400	8.420
13.255	12.498	10.014	2.860	11.231	10.771	11.084	13.291	0.176	8.795
15.845	10.144	12.076	3.691	12.605	10.666	11.238	13.394	6.000	8.679
1.257	12.720	12.477	6.855	10.522	11.492	8.769	10.555	5.738	8.038
1.549	9.566	12.940	7.535	11.689	9.832	10.735	9.567	19.552	9.588
11.690	12.488	11.249	7.651	9.252	10.456	11.112	13.268	19.076	4.162
15.043	11.310	9.218	1.013	10.669	11.779	10.028	12.682	18.940	2.121
3.241	11.255	10.629	0.471	11.838	10.505	12.090	11.461	5.932	9.634
1.702	10.283	12.106	2.398	11.650	9.586	10.066	10.296	8.226	7.540
10.981	10.385	10.405	6.802	10.948	10.823	11.574	8.735	1.584	1.847
14.955	10.441	11.243	0.234	11.263	11.076	9.771	10.945	8.470	8.919
7.502	9.829	9.902	7.582	9.831	11.172	9.788	12.698	19.343	3.182
14.268	10.123	10.919	2.722	10.356	11.834	9.686	10.031	19.947	6.039
16.238	12.328	12.333	2.076	12.496	12.258	10.021	11.897	13.027	2.065
17.746	10.640	10.719	1.831	10.814	12.892	10.516	10.191	8.021	5.196
5.532	11.059	12.134	0.875	10.615	10.995	10.483	10.864	8.628	0.763
8.229	11.791	11.021	8.900	9.702	10.521	11.034	10.082	0.777	2.711
16.310	9.615	10.463	6.685	11.828	9.648	12.329	10.339	12.761	8.789
5.121	11.576	12.127	5.839	10.619	11.287	11.836	10.458	16.778	6.320
7.129	10.593	9.413	2.223	10.362	11.226	11.294	11.026	18.842	7.235
7.145	10.419	10.926	7.031	10.527	8.894	11.085	12.314	19.259	7.280
12.735	12.788	10.545	8.417	11.416	11.508	9.386	11.183	4.724	1.734
0.129	11.974	12.226	6.050	9.684	11.180	11.716	10.020	3.497	7.473
18.789	11.898	11.655	7.682	11.969	11.371	9.211	10.504	9.617	6.405
2.115	11.748	11.692	8.559	11.150	11.705	11.121	10.652	14.705	1.293
15.098	10.728	10.855	4.540	11.401	9.285	11.363	11.127	17.682	8.874
14.493	10.192	10.323	8.873	8.660	9.833	12.071	10.689	10.186	4.298
10.491	9.591	9.633	6.797	10.800	12.796	10.461	9.759	2.502	5.073
5.133	11.501	13.052	8.632	12.339	9.910	12.009	12.798	5.045	3.956
12.525	10.185	10.067	5.936	11.691	12.318	11.718	11.481	13.815	0.808
8.267	11.537	10.481	9.076	9.596	11.174	10.505	12.053	4.094	6.936
3.378	10.875	9.681	5.754	9.987	11.418	10.258	11.381	19.471	7.848
10.130	10.343	11.809	4.690	13.265	12.040	11.307	9.883	7.518	9.741
18.493	11.353	9.813	0.099	14.191	9.161	12.713	11.165	0.702	0.556
4.811	10.645	9.658	4.308	12.475	10.751	9.462	12.147	11.533	8.695
14.170	12.136	11.169	5.859	12.199	10.905	12.850	10.760	18.249	7.795
15.602	10.630	9.444	4.383	10.351	12.246	11.257	11.068	18.590	7.845
0.677	9.551	11.129	4.681	11.167	10.491	10.773	10.779	4.004	5.230
17.390	10.285	11.674	2.061	10.537	10.295	11.084	9.641	10.540	8.553
10.126	9.920	11.751	5.162	11.463	10.014	12.713	10.393	11.263	6.372
4.265	11.284	10.071	2.446	9.561	11.406	10.643	11.323	6.455	2.620
4.199	11.203	10.947	1.968	11.423	11.272	11.897	10.049	19.336	4.488
5.527	10.342	11.569	3.357	13.083	10.937	11.361	11.818	11.136	3.559
0.658	11.605	13.159	4.586	10.559	10.297	11.606	12.115	4.785	1.788
12.315	12.532	11.819	6.144	10.916	11.316	10.836	11.012	19.996	0.030
12.124	10.869	10.365	0.815	9.840	12.906	11.721	10.253	5.002	1.794
11.061	12.279	9.934	3.910	11.131	12.621	9.345	11.158	6.752	8.729
11.295	11.575	10.869	0.111	10.843	10.616	9.240	7.296	11.613	8.253
14.451	10.419	10.620	7.949	11.454	8.864	12.068	11.750	8.750	7.023
0.860	10.426	9.797	4.906	11.152	10.812	9.405	10.999	2.433	1.402
6.588	11.582	10.502	4.676	10.043	9.766	10.974	12.330	0.728	3.256
12.010	11.684	11.557	7.528	10.312	10.962	11.584	9.942	5.035	5.706
13.708	8.707	10.596	9.419	10.238	10.527	11.987	10.597	1.128	7.503
1.573	12.872	9.899	4.530	10.484	10.891	11.573	11.166	3.367	6.628
16.710	10.484	12.482	6.958	11.742	11.275	11.070	12.295	4.221	8.923
4.025	10.405	10.304	9.556	11.893	11.885	11.445	10.793	0.483	5.616
18.226	10.203	11.528	8.054	10.778	9.504	9.606	10.493	10.011	7.093
5.095	10.186	9.983	6.539	12.481	12.122	11.446	10.748	15.637	3.006
1.471	10.217	12.036	4.008	13.118	10.016	9.202	8.779	10.616	3.671
5.723	9.576	11.416	3.668	10.875	11.410	10.486	11.934	1.065	9.698
17.821	12.023	12.337	1.726	10.508	10.502	10.384	10.284	0.117	2.159
12.148	11.505	11.814	3.988	9.847	7.885	10.713	11.778	5.642	4.447
8.978	10.599	11.648	7.375	10.562	12.346	10.302	11.919	13.890	1.544
1.325	11.716	13.291	8.237	9.807	10.950	11.025	10.548	1.672	9.997
11.294	11.890	10.826	3.595	9.940	12.396	10.710	10.413	10.650	6.595
1.243	13.103	11.368	9.540	11.187	11.287	11.178	9.398	13.885	7.092
1.883	12.555	10.735	8.990	10.250	11.256	9.931	11.907	14.417	7.783
3.260	9.744	11.439	1.147	11.674	11.488	11.383	10.363	4.468	0.238
18.005	10.621	9.907	2.534	10.169	12.408	10.092	9.958	0.620	1.047
19.287	11.509	10.638	0.912	13.119	11.304	11.482	13.314	9.646	3.413
8.483	11.360	11.442	0.293	12.205	10.186	11.898	10.542	19.952	0.049
16.527	11.299	10.851	7.233	14.284	10.996	10.543	11.069	7.476	9.109
16.522	10.677	11.998	1.550	12.455	12.681	10.599	9.963	19.718	8.425
3.407	10.442	10.722	6.401	11.073	10.730	11.250	10.518	5.697	9.716
6.831	11.528	12.148	1.279	9.819	9.989	9.075	12.051	2.880	6.366
13.600	10.843	10.354	6.162	10.952	11.685	13.221	9.895	10.417	5.850
16.248	9.315	12.601	2.746	10.931	10.308	10.130	12.153	6.941	8.583
5.304	11.946	10.216	4.849	10.666	12.585	11.769	10.135	4.395	3.542
0.059	10.548	12.456	0.234	11.989	10.960	10.803	9.832	6.622	5.835
15.208	10.388	11.183	1.663	8.535	10.970	10.755	10.697	0.090	7.315
19.460	11.574	11.212	9.041	11.734	11.025	10.184	10.126	15.071	4.830
14.095	10.562	10.931	5.949	10.311	10.192	12.367	11.623	14.163	1.060
15.982	11.659	10.092	0.825	11.171	9.663	12.813	12.723	4.620	3.479
8.189	11.355	11.101	8.463	9.215	10.809	12.301	11.679	19.321	2.987
2.135	13.868	9.065	7.751	11.506	8.982	11.648	11.657	7.189	3.585
0.431	10.811	9.473	6.468	10.941	12.180	10.070	10.710	16.223	4.736
7.128	10.464	10.383	7.254	11.048	11.674	11.294	12.858	10.826	5.557
19.159	11.104	11.466	2.106	9.664	11.774	10.693	10.807	5.962	3.504
11.577	13.638	9.425	6.495	12.509	11.173	11.205	9.267	4.173	8.820
2.299	12.412	9.989	9.583	8.896	10.522	10.824	9.827	5.180	3.349
7.412	11.879	9.750	2.943	12.457	12.566	10.177	9.648	17.635	1.433
4.699	9.854	11.587	7.947	9.689	11.708	10.210	11.109	1.798	8.514
16.443	10.071	10.640	8.731	11.345	10.366	11.443	11.288	16.402	6.836
0.005	11.312	10.988	8.419	12.801	10.371	12.369	11.072	10.608	1.872
3.289	12.075	9.780	0.115	10.947	10.967	9.085	12.167	13.650	6.801
12.984	9.641	11.432	0.480	12.287	11.256	10.921	11.092	11.955	9.029
16.145	10.235	11.825	3.810	10.716	12.057	10.650	12.605	18.861	0.906
4.511	9.852	13.908	6.654	10.108	11.261	12.394	10.427	1.883	1.211
11.889	11.108	11.881	1.823	12.463	11.107	10.068	9.084	2.232	0.978
3.213	11.744	9.411	1.436	11.040	10.659	10.880	8.577	16.805	8.466
4.337	10.912	12.214	7.117	10.200	11.661	9.949	12.308	17.076	0.234
12.648	10.742	9.229	4.968	11.042	11.643	11.222	10.898	11.187	4.686
7.082	11.112	9.853	5.147	10.435	10.938	11.164	9.971	9.109	8.565
12.869	10.807	11.160	6.758	10.204	10.609	11.336	10.585	8.820	7.497
10.056	11.490	10.543	1.497	12.242	8.712	12.344	12.212	12.709	9.265
17.712	12.675	10.341	2.090	11.445	10.092	10.760	11.001	8.697	8.854
18.786	11.539	10.933	0.413	10.784	12.963	9.758	10.622	5.521	7.411
3.168	11.269	10.741	2.839	10.195	10.926	11.916	10.303	12.892	6.382
9.479	10.329	12.783	7.604	11.306	10.348	11.859	9.403	14.709	2.598
12.847	11.331	9.627	5.013	11.173	9.607	12.068	9.851	10.600	5.121
8.331	12.048	11.497	6.303	10.623	8.001	11.549	11.175	13.364	4.213
9.973	12.049	11.858	7.688	8.731	10.760	11.578	11.227	2.262	3.473
18.158	11.964	12.427	0.581	9.501	9.048	10.270	11.080	6.078	0.296
10.577	11.476	12.283	8.383	10.575	10.296	10.863	10.808	10.866	9.648
5.885	10.896	10.584	4.674	12.073	12.113	12.227	11.700	14.266	9.182
8.783	11.495	11.626	0.104	9.068	10.300	9.835	10.108	1.914	5.920
8.897	10.437	11.879	4.233	12.282	11.281	9.411	10.628	3.470	3.839
15.289	10.243	10.714	8.351	10.675	9.240	12.793	12.467	8.429	7.209
9.765	11.410	9.844	0.029	11.361	10.421	11.318	11.661	1.998	6.475
5.191	9.831	11.241	9.030	10.414	11.255	10.599	10.019	4.313	7.328
15.301	12.462	10.323	8.437	12.715	11.150	12.390	10.736	1.906	8.792
2.646	9.533	10.114	7.831	9.761	9.955	11.337	10.029	7.583	3.706
10.338	10.596	12.317	3.527	11.091	11.485	9.812	11.737	2.793	9.248
12.756	10.777	10.775	7.137	10.991	9.941	11.693	10.646	16.560	3.142
8.200	11.799	10.425	3.659	10.949	10.276	10.370	10.062	9.280	7.385
3.505	12.425	11.098	5.983	11.826	10.573	11.674	11.484	15.557	4.471
17.726	10.215	10.550	4.842	10.216	11.256	11.105	11.320	14.848	0.526
12.764	12.226	12.366	8.540	10.311	9.736	11.432	11.789	9.841	3.023
8.528	9.658	12.045	3.124	11.031	9.731	12.756	9.361	3.214	5.183
7.484	11.519	10.739	8.311	12.097	11.186	9.658	11.734	6.926	9.018
4.625	10.675	11.136	9.654	10.007	12.173	12.467	12.771	10.903	3.626
13.259	10.697	10.898	2.155	10.160	11.330	11.095	10.472	19.203	0.176
19.622	12.218	11.581	8.170	11.743	9.253	11.732	10.052	14.569	4.918
12.343	10.869	11.541	9.384	10.566	10.471	8.441	10.393	6.825	3.368
15.022	11.855	12.383	8.869	10.922	12.208	9.710	11.150	19.347	2.523
9.312	11.332	11.208	2.850	12.105	10.768	11.086	11.504	0.248	2.174
4.092	10.903	11.655	0.119	10.540	13.051	10.956	11.613	15.424	1.669
19.222	11.659	11.311	9.011	11.103	11.707	11.028	11.568	4.837	9.529
7.987	11.445	10.842	2.735	12.702	11.184	10.095	11.347	16.884	5.803
19.097	10.412	10.106	3.591	10.366	10.806	11.664	13.203	11.556	8.172
0.469	11.182	12.222	4.913	10.373	11.890	11.014	9.766	19.829	1.675
9.700	10.648	11.701	7.883	10.643	9.828	11.837	11.632	18.872	9.895
6.743	10.854	11.912	8.648	10.917	10.884	11.432	11.086	10.728	2.251
14.739	13.116	10.851	7.917	10.724	10.399	11.204	10.956	11.727	9.126
7.186	11.546	12.109	4.670	11.733	9.750	12.345	10.797	19.104	8.239
3.046	10.726	10.168	2.993	10.692	11.497	11.748	10.623	12.312	7.246
4.714	11.761	11.655	1.899	10.180	11.620	10.669	9.068	19.617	5.949
15.351	10.194	9.778	2.386	9.337	12.606	11.681	8.448	1.563	4.687
19.817	11.994	10.907	4.969	10.632	10.581	9.587	12.255	15.866	8.449
13.801	10.474	11.162	4.592	13.000	11.068	10.125	12.775	2.276	6.727
4.768	11.599	12.304	6.696	11.337	10.475	10.915	10.573	11.754	4.316
7.183	11.565	10.099	1.588	11.379	9.921	10.500	11.311	19.106	8.270
5.229	11.999	12.604	0.012	10.441	11.528	10.393	11.177	3.168	3.555
9.394	9.709	10.599	8.681	12.178	11.528	13.404	10.398	17.723	3.336
2.660	13.651	10.423	2.388	10.972	13.350	11.115	12.431	6.484	3.799
0.423	10.170	11.485	9.629	10.890	10.547	12.730	10.988	3.936	6.673
12.978	10.952	9.781	5.578	11.065	11.659	10.499	12.256	4.486	2.041
17.954	11.348	11.622	4.131	9.816	9.955	8.914	10.179	3.652	4.888
4.638	12.671	10.406	4.522	11.679	10.247	11.917	12.041	1.655	8.833
10.307	9.543	10.279	6.078	10.832	12.376	10.515	10.404	18.847	1.430
1.506	10.127	11.378	0.166	9.428	9.567	9.343	12.560	2.735	2.844
4.926	11.366	11.243	1.862	11.896	12.585	11.739	11.229	7.426	0.521
8.605	11.009	11.527	6.114	10.535	11.217	10.818	10.533	11.049	3.480
4.204	12.815	9.543	2.326	10.379	10.971	9.406	11.325	7.428	0.323
16.333	10.552	11.408	9.778	11.041	11.529	12.345	10.797	17.798	0.032
14.787	10.313	12.541	0.307	10.279	10.749	10.762	9.675	16.044	6.042
2.508	11.314	10.774	3.778	13.028	10.265	10.941	10.824	2.605	0.362
16.127	12.497	10.171	9.598	10.096	11.582	11.824	9.638	6.785	8.040
18.958	8.766	9.773	6.223	9.416	10.182	12.610	9.647	19.752	3.769
5.244	11.067	9.951	9.834	9.467	12.655	9.883	9.467	2.246	8.396
5.294	11.301	9.531	2.707	11.771	12.160	11.024	11.771	2.323	3.333
18.142	10.545	11.986	0.665	12.986	11.023	11.830	9.922	15.461	3.904
18.000	12.041	11.130	7.694	11.924	10.415	11.099	11.621	9.058	9.688
0.070	11.990	8.773	8.110	10.420	10.696	12.463	12.323	19.361	2.274
3.863	11.890	10.884	6.313	9.862	12.406	9.859	12.921	2.935	9.790
14.016	11.044	12.104	8.218	12.989	10.747	10.625	10.776	5.588	3.614
10.469	11.088	10.807	1.645	11.683	11.024	11.010	11.587	0.203	5.124
12.941	10.936	10.700	5.100	11.691	9.744	11.211	10.441	5.269	0.352
3.803	10.464	11.589	2.566	12.459	10.191	9.653	13.298	12.248	2.035
4.750	12.955	11.627	0.414	11.968	9.628	9.054	12.080	17.203	2.469
5.860	10.569	11.564	2.001	10.189	10.393	13.039	11.345	10.141	4.536
0.754	11.220	11.700	9.002	10.208	11.005	11.350	11.776	1.495	5.345
15.140	10.479	12.079	4.259	12.638	12.457	11.460	11.717	18.993	9.806
13.743	9.812	11.866	4.745	14.321	12.508	9.769	11.481	14.597	5.164
5.545	10.721	12.445	3.042	11.592	10.545	11.248	9.688	3.038	3.078
15.623	11.415	10.630	3.392	11.712	10.258	12.510	11.720	2.411	9.999
12.289	11.131	11.315	7.670	12.305	10.645	11.584	11.859	17.745	3.654
18.902	11.616	10.358	5.784	11.544	12.107	11.438	10.929	4.922	6.992
1.169	11.029	11.018	5.144	11.823	11.572	9.654	10.990	12.264	4.363
0.306	12.258	10.841	6.890	10.277	11.617	10.473	12.333	0.997	8.182
13.154	11.961	9.843	9.179	12.644	10.592	11.521	11.773	13.701	4.333
10.801	12.061	11.341	8.804	9.613	11.650	10.816	10.815	15.777	8.149
15.574	11.838	10.174	4.858	12.349	11.535	10.435	10.475	10.739	1.221
3.743	10.006	10.034	7.944	10.042	11.030	11.933	10.641	18.493	4.895
7.454	12.327	11.903	5.418	11.063	11.475	11.448	10.712	17.674	8.825
