14.417	1.863	3.161	2.455	-1.550	3.466	1.104	3.225	3.702	1.558	6.108	-0.797
10.401	7.825	0.818	5.873	1.483	2.326	17.810	0.801	4.094	4.729	10.662	1.324
8.616	3.811	0.280	10.225	-0.240	2.779	0.637	0.322	2.979	1.065	4.906	-1.185
11.405	3.353	1.628	18.372	0.818	3.288	17.817	9.116	1.824	0.707	3.898	0.292
14.861	0.962	3.695	17.244	-1.041	8.447	8.858	6.933	1.806	3.419	18.187	0.576
19.429	2.129	3.153	6.567	-1.458	2.260	15.973	1.424	1.007	3.522	0.196	0.330
1.797	1.685	2.530	1.487	1.040	7.734	16.722	9.796	1.624	3.018	8.332	0.351
7.847	6.245	2.205	2.298	-1.094	8.479	7.058	9.984	2.942	2.568	6.049	-0.369
12.387	1.694	3.321	10.697	-0.137	7.374	15.816	3.063	3.830	4.338	16.021	0.619
6.433	4.380	3.393	12.191	0.497	8.668	8.902	2.881	2.471	3.715	15.102	-1.993
14.617	0.387	4.403	5.564	-2.683	4.436	0.500	0.201	2.325	1.059	6.073	-1.701
5.623	3.430	4.975	4.637	0.059	7.284	7.911	5.361	1.640	4.371	14.291	-0.109
19.805	0.060	1.579	12.953	-0.370	3.904	7.271	0.124	1.810	0.719	6.662	1.378
16.835	4.444	3.297	4.946	0.589	8.875	10.966	8.407	2.579	2.083	14.901	0.225
16.357	4.553	1.025	9.874	-0.828	2.785	14.940	6.276	4.737	3.530	9.011	-0.091
10.297	0.172	0.765	6.297	-0.726	1.198	19.862	7.919	4.885	2.225	1.231	0.243
1.442	7.368	1.466	8.321	1.148	6.928	9.558	5.064	0.272	2.815	9.652	0.432
16.954	4.267	4.794	12.551	1.066	0.412	2.047	7.467	4.827	3.740	15.303	-0.944
3.400	3.201	0.585	10.819	-0.189	4.020	0.329	4.224	3.231	4.243	12.605	0.055
2.502	8.068	3.902	6.095	-0.593	4.915	5.566	6.896	3.515	3.272	10.423	0.154
8.771	8.288	3.263	17.916	0.736	8.983	9.504	5.569	3.551	3.911	11.478	-0.552
12.265	1.973	1.898	15.742	0.721	2.083	11.173	8.678	1.740	2.613	0.849	0.042
11.109	4.066	2.508	4.733	0.871	5.872	0.088	1.432	0.695	0.682	7.063	-1.619
10.740	6.413	2.860	10.834	0.124	3.848	10.142	6.985	1.321	0.637	0.764	-0.009
8.475	8.495	3.612	8.427	0.221	3.889	3.747	6.923	0.188	2.186	2.967	0.538
8.669	2.832	1.205	16.073	0.152	8.243	7.160	8.099	2.339	0.772	10.221	0.161
10.400	8.784	0.659	2.015	-0.613	8.144	1.168	8.741	1.181	3.685	3.318	-0.249
4.685	6.447	2.096	5.258	-0.181	7.751	11.653	4.326	2.087	1.443	10.770	-0.391
8.667	7.698	0.887	13.168	-0.424	5.515	13.022	7.775	0.447	3.329	19.630	1.019
13.859	3.645	1.659	1.196	0.876	5.996	11.388	5.229	2.449	0.274	11.376	0.350
15.452	1.324	0.477	10.262	0.302	2.805	18.959	9.696	2.109	2.083	10.770	0.286
14.943	6.316	0.148	5.099	1.461	4.227	14.350	3.981	1.712	4.267	11.358	0.002
3.498	5.016	2.970	4.073	-0.242	9.565	13.691	3.144	4.595	1.663	3.961	2.805
9.275	9.674	0.383	15.051	-1.319	4.234	5.845	9.799	3.292	3.501	16.351	0.975
12.193	8.507	0.420	11.539	1.511	1.013	12.491	7.938	3.023	4.883	6.341	0.854
13.210	7.434	3.407	17.771	-0.674	1.189	12.404	9.355	1.133	0.440	7.314	-1.607
11.169	1.480	1.817	9.833	0.528	6.631	13.488	3.636	2.264	4.814	1.203	0.091
1.517	0.927	2.737	14.432	1.300	1.927	15.491	0.980	3.393	2.301	7.576	-0.637
19.156	5.187	2.203	13.871	0.468	3.924	11.115	0.385	0.194	1.693	15.654	1.035
19.663	7.634	0.926	18.659	0.451	3.427	14.039	6.779	3.113	0.022	18.935	0.564
2.036	9.452	4.108	3.745	0.659	0.174	1.019	6.951	4.898	4.965	11.509	0.075
2.342	2.358	1.013	1.508	-1.460	5.432	3.071	3.412	4.854	1.894	4.966	0.281
12.763	5.305	2.240	12.998	-0.804	3.517	18.845	2.459	3.102	3.292	15.871	-0.444
9.138	6.353	3.943	18.400	-0.852	3.471	16.529	0.923	1.062	0.302	12.258	-0.135
8.668	9.367	2.375	13.770	1.203	3.612	9.802	2.331	1.261	3.293	15.122	0.448
18.873	3.630	1.493	3.402	-0.655	9.447	19.671	5.203	4.980	2.727	11.422	0.083
15.936	3.453	0.009	7.212	-1.556	7.299	7.002	4.469	3.442	2.188	9.842	-0.433
9.242	6.038	0.397	11.788	-1.709	7.299	8.434	7.651	1.718	1.951	4.385	-1.212
2.942	1.192	3.680	1.774	-0.157	9.409	14.531	4.258	4.251	2.146	4.230	0.423
10.072	4.056	4.474	18.415	0.150	5.499	19.910	6.275	3.836	2.794	18.428	-1.112
14.301	5.271	4.530	10.695	-0.835	8.458	1.580	0.037	3.602	2.505	1.303	1.120
1.415	7.785	0.119	1.686	-0.081	2.331	6.157	0.154	0.326	0.834	18.882	-1.175
13.927	7.714	0.334	17.157	-1.408	4.361	19.636	7.093	2.197	2.878	19.993	-0.777
3.414	4.754	3.977	5.565	-0.246	1.042	9.525	6.608	1.502	4.654	6.257	-0.673
1.156	9.066	4.621	8.590	0.931	1.502	1.037	4.236	1.994	3.358	10.970	1.904
10.856	4.463	3.991	10.625	-2.093	9.708	7.830	7.194	0.244	0.630	17.314	-0.043
14.018	6.786	2.400	18.591	0.376	0.321	0.944	7.250	4.533	1.823	13.040	-0.510
5.520	9.294	2.209	18.640	0.668	6.826	14.167	3.177	1.778	4.668	16.210	1.371
7.059	8.050	0.851	6.171	-1.851	8.071	16.094	3.593	2.433	1.976	13.072	-0.890
2.403	8.304	2.201	19.833	0.012	3.149	13.323	9.202	3.411	3.228	2.139	-1.024
17.803	1.411	0.833	8.213	0.114	5.015	17.419	3.541	2.739	1.808	14.942	0.412
6.999	7.358	2.023	15.804	-0.525	4.656	1.250	8.152	0.260	0.635	17.371	-0.825
13.316	0.892	4.126	18.014	0.809	5.861	17.248	8.495	2.648	1.612	7.472	-1.049
5.008	7.044	1.565	19.776	-0.031	2.699	6.774	2.865	3.979	1.311	18.846	-0.296
2.283	1.785	4.976	8.482	0.952	6.784	12.468	7.353	4.821	1.193	0.091	-0.738
16.024	2.268	4.159	19.538	0.084	3.170	1.497	1.772	2.808	2.572	7.097	0.601
18.740	0.662	3.034	14.345	-0.950	3.799	3.363	5.129	2.963	3.025	2.857	0.499
8.351	5.477	2.381	10.738	0.481	3.261	10.678	1.414	0.273	2.862	17.632	-1.670
10.059	7.192	1.991	3.108	-0.480	8.836	18.220	6.564	2.117	4.642	15.488	-1.381
11.450	8.735	0.055	3.053	-1.851	0.579	16.493	4.693	1.018	3.026	8.598	0.690
17.208	9.422	2.082	1.503	0.915	0.780	2.620	4.929	2.081	0.872	5.271	-0.336
7.364	2.070	2.142	18.296	1.527	0.643	11.683	9.730	2.792	4.528	16.825	-0.466
5.416	4.743	3.695	10.706	2.379	7.068	14.589	3.650	0.142	2.920	7.387	-0.127
6.746	9.124	1.672	4.258	0.305	9.542	6.903	7.142	3.331	4.005	18.825	-0.382
11.570	2.817	4.320	15.640	0.814	7.265	6.618	4.588	0.480	1.870	10.554	0.221
1.987	9.199	3.610	5.374	-0.722	6.556	16.303	0.841	2.859	4.798	1.961	-0.713
6.187	3.335	4.897	11.882	0.923	6.005	16.633	7.357	2.935	3.691	11.623	-1.282
10.877	3.132	1.174	19.556	-0.811	5.324	4.381	1.425	2.544	3.017	17.706	0.497
0.444	3.974	3.217	0.287	-0.162	1.379	5.555	0.536	2.639	2.131	14.662	-0.066
17.476	5.378	3.947	18.872	0.631	7.242	0.859	2.821	1.369	4.506	14.551	0.324
1.381	0.274	0.348	5.330	-0.272	0.154	10.900	6.924	0.453	2.223	16.702	0.048
0.718	9.258	0.472	6.080	0.826	9.220	1.080	2.031	4.979	1.781	2.989	-0.062
13.537	8.742	3.175	13.345	0.620	7.715	5.776	7.235	1.275	4.449	0.517	0.830
1.894	8.161	0.170	8.788	1.274	9.275	3.574	1.984	1.979	0.464	15.402	1.438
19.470	3.447	1.788	9.045	1.019	4.373	7.960	3.490	2.245	4.884	7.133	-0.859
12.322	6.675	3.869	15.622	2.634	9.509	4.500	9.953	0.184	1.687	17.666	2.056
17.900	3.472	2.905	11.581	0.640	4.826	2.185	5.232	3.340	3.757	9.734	0.661
13.346	0.545	1.479	17.370	-0.020	0.035	8.544	9.698	2.947	3.667	14.329	0.264
4.592	6.990	2.009	7.867	0.004	9.164	16.583	4.969	4.595	3.432	9.320	-1.188
12.489	7.330	2.859	8.381	-0.376	9.253	18.960	4.952	4.066	4.047	16.588	-0.236
0.075	1.423	4.874	18.303	-2.239	4.393	10.547	3.019	1.555	1.391	15.403	-0.707
14.666	5.697	3.261	16.326	-0.127	4.025	14.259	6.615	4.165	0.874	5.144	-1.253
0.618	0.613	3.562	10.577	1.772	8.881	19.075	6.652	0.347	4.589	9.136	-0.812
0.473	9.190	3.095	12.483	-0.287	1.464	3.755	6.597	1.954	3.619	15.764	0.097
6.118	8.081	2.105	0.100	-1.086	1.082	8.287	3.655	0.233	0.496	10.890	0.224
10.485	3.666	0.622	11.978	-0.590	0.045	3.834	1.919	0.243	0.678	13.774	-1.348
10.304	9.722	3.822	3.274	1.800	8.897	12.093	3.360	3.849	0.856	14.370	1.753
2.763	2.750	4.942	5.652	-1.032	6.375	2.523	1.799	4.593	2.593	13.892	-0.463
2.979	4.283	3.626	15.125	0.829	6.180	18.433	2.867	3.982	2.994	14.250	-0.109
8.587	7.343	3.205	0.778	-1.248	0.382	9.520	0.300	2.903	4.520	11.932	-0.702
9.130	3.506	3.977	4.397	-0.360	7.907	9.701	2.118	4.178	4.294	15.074	0.597
11.283	4.586	3.902	19.420	-1.112	4.649	15.536	8.735	2.709	2.096	2.839	-1.320
12.298	1.040	0.931	2.327	-0.119	8.088	6.476	0.018	1.069	4.415	9.101	-0.705
0.001	5.023	3.984	2.759	0.562	4.505	3.094	0.946	2.562	3.518	1.461	-0.376
19.327	9.527	1.017	15.861	0.074	9.523	18.235	8.929	1.317	4.605	14.773	-0.724
12.926	8.141	2.083	7.477	-0.563	7.556	14.185	1.678	2.911	4.153	1.714	0.266
1.848	0.479	3.689	8.793	0.484	2.672	0.444	7.904	0.437	3.464	3.716	0.755
17.556	8.839	0.143	5.924	-0.472	8.156	9.676	5.126	0.844	4.313	7.636	0.902
11.457	8.358	2.463	10.069	0.057	5.798	8.028	2.607	2.257	2.627	0.005	-2.261
6.931	3.822	4.679	13.135	0.177	9.950	4.643	0.028	1.670	3.711	11.197	-1.264
3.140	2.830	4.589	0.019	0.587	1.955	2.935	8.593	4.741	0.489	3.438	2.085
5.389	2.974	4.799	3.876	1.386	0.355	4.631	6.230	0.881	3.572	12.271	-0.951
8.013	4.174	2.524	2.630	-1.369	4.346	17.703	9.801	0.778	2.667	9.728	-1.258
17.506	0.365	4.986	8.274	0.293	4.379	2.704	4.486	4.856	4.801	11.207	1.102
10.090	7.733	4.767	9.140	1.221	5.822	19.994	6.574	4.539	0.882	12.756	-0.610
19.817	2.166	1.198	8.737	-0.004	9.508	8.124	5.672	0.220	2.953	2.364	-0.243
9.905	9.904	3.738	10.344	0.185	0.817	18.088	4.324	4.988	2.810	5.215	0.835
10.904	3.455	3.466	5.339	0.850	5.981	18.638	2.994	1.291	4.586	0.700	0.407
7.163	9.288	2.361	19.255	1.198	6.759	7.250	7.477	1.320	0.971	1.068	-0.329
1.846	5.459	2.345	8.824	0.041	7.047	7.455	8.014	1.221	0.782	14.380	1.727
1.329	4.556	3.308	14.251	0.193	0.075	3.277	7.732	1.926	3.576	13.594	-0.113
13.955	4.221	0.363	1.889	-0.930	4.585	12.076	9.112	4.546	1.132	7.985	0.680
18.958	0.848	4.694	6.758	-1.820	5.898	15.785	2.623	3.191	3.948	3.591	-1.668
0.661	2.435	1.137	3.375	0.476	1.506	17.915	0.822	2.429	2.032	12.430	-0.758
6.096	6.426	3.400	14.166	0.153	8.182	3.861	8.075	2.802	4.273	4.162	1.006
16.895	4.749	0.847	17.918	0.317	2.500	16.833	5.897	3.515	2.703	12.986	0.193
15.119	0.521	4.913	2.880	0.144	0.949	13.983	0.472	3.795	1.654	9.526	0.952
19.982	4.552	3.466	11.272	2.016	9.903	4.845	2.928	1.616	0.297	0.603	0.111
7.347	1.981	4.117	14.875	-0.918	9.358	13.170	7.784	2.929	3.822	4.131	1.520
1.673	0.344	3.074	9.717	2.314	3.417	16.690	0.236	2.570	0.796	11.213	-0.266
11.051	9.723	3.884	7.324	-0.210	1.103	6.228	8.566	3.044	0.204	12.303	0.456
17.543	4.627	2.104	19.981	-1.460	4.565	17.972	7.824	3.187	3.145	18.901	0.522
18.365	2.063	1.625	12.340	1.435	6.784	6.995	4.574	2.142	2.474	8.232	1.959
9.324	5.425	1.028	9.478	-0.306	4.648	9.372	1.629	4.948	3.360	3.363	0.379
10.100	7.954	2.635	13.106	-0.862	0.535	8.334	9.694	4.261	1.304	12.941	-0.788
16.084	6.536	0.016	10.333	-0.266	9.277	16.253	4.614	2.578	4.436	12.336	-1.721
16.886	1.824	3.275	8.904	-1.152	5.670	19.456	0.125	1.356	2.892	7.285	-0.040
5.263	5.566	2.939	2.415	0.366	5.968	4.951	8.600	2.556	4.068	9.796	-1.160
2.735	6.661	2.598	8.837	-1.516	2.278	3.753	0.055	0.063	4.415	12.119	-0.977
1.940	0.881	2.752	2.248	0.797	9.236	5.789	7.438	4.969	4.514	3.655	0.270
16.238	4.761	3.179	19.946	0.381	8.511	0.860	2.538	2.503	2.810	17.340	0.019
7.242	6.203	4.890	0.358	-0.448	8.192	7.743	4.398	2.774	2.926	8.359	0.844
14.035	6.926	3.154	11.926	-0.744	7.402	10.812	1.501	2.485	2.689	14.881	1.052
2.420	4.761	3.506	14.911	-1.810	9.479	15.203	7.186	0.246	2.829	4.549	-0.376
12.993	4.464	4.314	10.116	0.932	5.255	8.167	0.055	4.294	1.361	18.114	-0.355
17.970	6.067	1.460	0.265	-1.549	6.449	1.918	9.971	3.054	1.647	2.542	-1.818
12.912	6.128	3.328	12.880	0.627	1.997	16.969	1.372	2.815	0.640	10.384	-2.289
11.272	7.874	0.324	9.482	1.102	8.550	6.727	2.823	0.270	2.573	10.544	0.653
11.913	9.430	2.741	8.747	0.584	4.215	16.237	6.532	1.541	4.993	19.864	-0.065
15.986	3.473	0.710	17.424	-0.024	4.496	7.870	9.712	0.054	0.274	17.372	-0.327
2.295	2.947	3.701	8.366	-1.351	4.354	16.509	6.345	0.239	1.509	3.835	-0.624
9.660	1.549	0.207	0.729	-0.016	8.907	10.961	1.460	4.442	3.793	13.162	1.118
4.540	6.518	0.718	10.831	-2.033	0.541	0.914	5.591	0.938	2.734	7.959	0.118
11.029	2.417	3.002	0.664	-0.386	7.023	7.348	0.767	2.211	2.603	1.233	1.396
18.088	4.494	3.100	4.853	0.203	0.196	13.247	3.411	1.592	3.091	0.238	0.530
5.607	3.622	2.231	6.999	-1.543	2.693	4.328	9.544	4.038	4.843	8.780	0.002
14.062	5.659	3.882	19.580	-0.674	9.889	5.399	9.420	2.166	2.436	11.976	0.384
8.860	9.212	0.524	18.048	0.132	4.800	17.526	2.652	2.918	1.949	7.980	0.142
15.316	1.218	3.630	1.563	0.184	7.044	2.688	2.098	1.591	4.051	11.114	1.688
17.329	5.994	0.943	4.954	0.248	5.249	11.149	3.446	4.404	2.948	8.178	1.504
18.260	9.647	2.712	16.613	-0.256	0.982	11.158	7.947	0.137	2.059	3.382	-0.106
12.383	9.869	0.181	13.573	0.136	4.489	3.379	4.310	0.317	4.050	11.673	1.323
14.646	3.832	1.649	9.600	1.719	8.952	15.425	7.058	4.406	3.919	4.876	0.084
14.036	8.387	3.883	7.580	0.644	1.345	19.443	2.269	2.028	2.272	16.553	0.606
17.787	1.781	1.955	8.674	0.319	0.996	9.446	3.048	3.501	4.860	6.381	-0.798
18.472	5.045	4.971	8.433	0.785	3.639	10.282	9.710	4.944	3.415	12.531	0.249
8.078	2.980	2.089	19.661	1.299	5.830	15.038	2.873	4.129	4.921	3.150	-0.376
5.804	1.129	2.320	7.288	-0.768	2.506	15.923	1.611	2.696	3.213	9.943	-1.723
8.501	3.487	1.820	15.958	0.611	4.086	9.009	6.004	1.601	3.502	14.433	0.639
16.150	4.187	1.609	15.457	-0.393	2.772	5.000	9.199	3.789	0.589	18.262	-2.232
12.603	2.116	2.812	10.581	0.860	9.011	17.274	4.501	1.224	4.749	10.364	-0.310
8.640	6.140	2.252	17.379	0.371	5.849	2.233	7.956	2.507	1.195	19.789	-0.064
4.434	4.360	3.543	15.469	-0.287	9.353	18.077	4.309	0.953	4.957	7.895	-0.469
8.502	2.306	4.681	11.463	-0.857	9.457	6.593	0.655	4.633	1.471	19.860	-0.333
1.984	4.042	3.447	14.759	-0.973	9.645	1.131	0.385	4.202	3.430	12.923	0.631
6.980	9.299	2.912	7.600	-0.717	8.996	11.965	0.060	1.554	4.680	0.314	0.901
11.324	0.889	4.020	14.647	-0.537	5.569	19.668	6.354	3.947	0.095	18.935	1.065
1.921	6.346	1.982	8.473	-1.515	1.115	14.132	6.734	2.718	0.054	12.360	-0.365
3.672	1.869	2.535	12.376	-1.561	8.665	16.944	9.554	2.857	2.420	19.321	-0.205
18.682	4.932	4.108	10.291	-0.244	4.970	13.499	8.053	3.424	4.817	17.226	-1.624
3.294	1.624	4.708	3.439	0.123	9.065	19.021	4.204	0.920	1.124	4.864	-0.466
7.061	3.841	1.113	2.510	0.934	7.825	7.102	5.291	3.302	2.623	4.376	0.051
5.169	1.490	0.034	13.484	0.773	0.170	8.244	5.345	4.986	1.022	10.011	1.139
6.956	2.023	0.818	14.314	-0.704	3.741	18.385	4.519	2.489	3.973	11.096	-0.987
18.234	0.032	3.632	11.608	1.132	2.842	2.008	5.170	3.970	4.800	12.003	-0.982
9.442	8.281	2.290	12.158	0.140	7.855	3.820	9.995	1.193	1.928	5.790	0.556
15.629	2.255	1.308	12.913	1.706	5.167	3.703	9.924	1.517	1.282	3.289	0.515
12.894	2.611	2.955	16.660	-0.345	9.926	1.182	9.783	0.675	0.427	17.374	1.067
16.254	7.319	4.120	15.431	1.806	5.218	15.636	8.080	0.567	3.037	0.500	1.630
1.869	8.974	3.424	5.809	-0.703	2.592	12.267	9.193	4.149	2.913	18.562	1.071
1.494	8.025	4.374	1.029	1.757	5.469	4.375	9.832	2.606	2.097	17.310	-0.126
10.200	6.895	2.969	1.671	-0.448	5.705	2.833	0.851	2.222	0.132	5.415	0.199
13.749	1.874	0.816	5.795	-1.746	7.664	16.353	9.180	0.099	3.586	10.391	-1.290
3.156	1.537	0.682	14.568	-2.167	2.905	11.199	4.338	0.519	2.599	16.022	-2.160
14.071	8.567	3.689	0.541	-0.217	4.325	6.388	3.456	2.223	1.179	1.846	-0.196
17.953	3.568	3.672	7.500	0.220	4.351	5.995	9.297	4.949	0.302	13.737	-0.535
6.075	1.276	1.207	17.993	1.182	4.451	19.520	5.265	1.470	1.247	3.172	-0.364
3.964	3.213	2.646	4.422	-1.330	6.631	19.118	1.815	1.770	1.814	9.914	-0.873
2.834	4.335	1.885	8.909	0.490	7.682	10.268	2.178	3.907	2.382	1.804	-0.296
13.517	7.645	4.423	3.572	1.361	2.083	15.357	7.887	1.786	4.830	17.308	-0.729
3.617	1.345	1.844	15.500	-1.145	8.535	3.222	4.003	1.256	3.212	8.734	0.210
18.914	5.007	3.465	11.721	1.386	9.885	15.590	8.673	3.506	3.819	2.722	1.208
18.321	3.095	0.421	8.284	-0.501	5.292	4.098	7.235	4.939	4.433	7.228	1.496
4.272	0.723	3.138	2.064	0.070	8.441	7.280	4.866	0.834	3.939	0.490	-1.736
5.722	6.106	3.147	6.492	-0.471	3.720	0.954	2.959	0.360	3.964	13.914	-0.154
17.010	1.412	0.228	14.262	0.269	9.035	2.840	5.419	2.009	3.431	16.066	0.442
15.796	1.065	4.286	15.770	-0.189	3.510	5.298	9.366	1.997	4.060	10.558	-0.262
18.592	6.398	2.525	12.863	-0.021	1.703	1.631	2.696	4.574	0.225	10.161	-0.331
19.241	0.270	3.429	7.632	-1.891	0.881	15.021	9.635	4.907	4.665	16.624	-0.723
19.149	3.121	4.089	17.265	-0.306	7.040	13.451	7.838	3.959	4.011	18.067	-0.390
11.293	4.960	1.775	17.043	0.698	4.489	5.717	5.811	1.182	3.675	19.538	-1.628
12.602	1.082	0.267	6.077	-0.732	0.285	7.886	1.164	0.942	4.925	9.261	0.979
0.065	6.927	0.849	17.761	0.907	9.193	14.840	0.180	1.120	4.255	6.434	-0.372
6.976	5.968	1.124	1.416	0.287	7.735	16.342	1.761	3.161	1.187	8.394	0.181
16.033	1.392	2.809	8.618	-1.654	3.584	4.741	1.453	3.051	3.478	15.529	-0.015
1.032	9.289	0.326	17.218	-1.830	1.881	7.348	7.489	0.115	1.287	19.672	-0.380
7.340	0.952	3.390	9.138	-1.087	3.653	14.990	4.879	3.923	0.353	11.935	0.792
1.172	0.536	0.225	8.341	1.572	0.335	7.032	9.425	3.179	0.779	3.499	0.465
16.145	1.755	1.689	18.393	1.509	3.956	1.774	5.025	1.497	1.376	3.714	1.687
6.464	9.609	3.080	5.655	1.009	5.967	15.897	7.593	4.270	4.574	7.744	0.878
17.692	7.186	4.975	8.286	0.344	7.321	10.879	5.046	2.050	0.684	18.972	-0.733
3.635	1.446	2.214	13.498	0.482	5.762	6.245	4.685	0.702	4.046	19.650	-0.758
17.885	4.351	3.056	5.147	0.924	1.518	18.738	9.187	3.895	1.761	19.136	-0.447
3.338	1.607	4.255	11.401	0.734	4.543	4.295	9.409	2.029	3.358	3.296	-2.191
12.331	6.629	0.939	3.728	-0.401	0.369	5.288	3.233	0.636	0.063	1.571	-0.608
15.670	1.673	1.921	18.797	1.223	8.966	12.959	5.068	2.202	1.587	4.529	0.004
17.524	3.321	0.859	17.549	0.349	9.468	3.130	6.846	3.311	4.160	6.280	0.641
18.800	1.738	1.430	11.615	0.622	8.240	16.001	7.040	1.164	1.514	16.831	-1.012
0.945	9.220	2.118	5.707	-0.801	6.087	18.654	4.307	1.931	3.817	17.593	-0.862
0.629	8.259	0.193	9.249	1.300	2.839	16.512	7.613	3.581	0.405	3.353	-1.453
13.029	0.324	4.451	3.858	-0.331	1.377	2.821	7.927	3.354	0.308	18.908	1.067
7.394	8.615	1.308	4.260	1.797	2.529	19.261	2.966	4.374	2.723	6.558	-0.900
9.762	7.134	0.142	18.546	-0.994	5.141	15.397	3.047	0.121	3.841	8.078	-0.064
18.542	7.313	3.554	18.670	-0.508	5.018	7.829	2.310	0.966	1.276	14.207	2.632
8.628	0.630	4.215	6.637	0.090	7.319	9.338	0.932	1.047	1.877	1.286	-1.267
0.415	9.349	0.391	0.709	-0.134	1.768	3.035	3.029	4.473	2.390	7.375	-0.308
17.838	7.509	3.476	7.080	0.266	0.055	1.240	3.963	3.315	4.814	0.028	1.328
18.857	5.492	1.659	1.697	-0.487	7.175	13.749	0.219	4.434	2.128	16.279	1.091
8.342	5.774	1.134	4.678	-0.518	6.569	1.000	3.781	4.230	3.485	3.513	-0.975
11.716	9.156	1.550	18.062	-1.655	7.169	6.035	0.110	0.777	2.166	1.225	0.891
17.844	5.784	0.789	5.990	-0.630	5.410	1.281	3.956	2.125	4.927	6.149	0.473
5.160	4.366	1.795	8.900	0.807	1.317	1.355	4.802	2.160	1.393	5.364	-0.786
14.660	6.991	0.994	3.276	0.424	8.941	10.174	8.266	2.308	4.691	14.485	-1.149
14.303	7.390	4.929	8.850	-1.197	2.420	4.384	2.157	1.846	2.882	11.164	-0.098
10.723	2.013	2.754	10.802	-1.397	5.174	5.116	2.347	0.693	3.064	0.718	-0.442
15.245	2.945	3.028	10.652	0.736	0.762	0.029	5.106	0.855	3.905	7.663	-0.741
5.288	6.342	1.216	16.948	-0.376	5.139	0.962	7.656	0.660	4.942	1.961	0.537
16.904	7.645	4.733	9.624	0.238	3.022	7.643	7.577	1.192	2.846	16.781	-1.024
1.224	7.458	4.617	17.022	1.418	1.229	12.881	5.098	3.124	3.612	14.501	-0.566
12.435	1.574	1.363	2.206	-1.562	2.136	1.633	0.581	0.888	1.694	6.917	-0.248
11.048	5.117	3.754	1.483	6.395	8.167	12.817	7.435	8.210	2.848	3.520	4.954
15.066	8.854	2.267	10.072	1.957	6.643	10.634	2.847	5.437	4.119	6.280	1.399
1.413	9.037	4.302	0.989	5.342	2.544	1.024	1.093	3.464	2.761	6.059	0.722
13.127	4.274	2.036	4.916	0.747	7.229	1.090	5.791	4.895	4.820	5.935	4.994
8.129	2.763	2.610	2.777	7.892	8.510	0.091	5.556	6.414	1.357	4.771	0.694
4.587	5.436	0.230	16.831	0.853	6.959	15.874	4.430	5.187	1.688	5.996	3.460
8.791	2.830	4.736	19.185	2.625	8.569	12.536	8.217	5.726	4.008	4.773	3.055
3.189	7.931	0.682	2.719	7.459	4.972	1.335	5.835	6.041	1.816	3.578	2.653
17.755	5.127	0.913	1.197	3.882	2.765	12.047	8.805	4.034	1.406	4.464	0.321
3.529	0.664	1.763	12.905	9.772	5.457	0.006	1.690	4.093	1.171	5.494	0.698
8.049	3.420	4.739	12.637	8.445	6.595	7.979	5.883	6.588	2.401	5.426	4.159
2.387	9.721	1.187	14.819	5.038	4.559	11.979	4.168	6.046	2.206	5.843	4.424
15.807	7.101	0.007	1.003	6.290	1.543	12.165	4.541	5.372	4.803	4.441	3.089
3.440	9.044	3.446	0.693	2.848	3.366	11.753	9.714	4.168	3.655	5.132	4.531
14.787	3.643	2.329	1.936	2.960	0.758	7.870	0.591	7.111	1.916	5.307	4.108
14.884	7.539	2.061	17.556	2.281	7.844	0.376	2.312	4.480	3.042	5.495	2.577
11.732	6.752	4.567	6.289	2.030	3.333	9.741	8.542	5.562	1.922	4.345	1.333
14.057	1.288	2.574	9.176	0.079	8.775	5.526	5.936	5.546	2.301	4.916	4.808
9.552	3.870	0.183	8.595	7.538	5.435	3.303	8.438	6.788	4.807	5.637	2.982
11.554	0.490	3.935	11.864	6.626	1.360	5.050	4.656	5.628	1.663	6.016	3.088
7.060	1.880	1.803	12.538	8.392	9.659	7.238	5.843	4.373	3.999	4.745	0.027
5.837	3.271	3.129	0.252	6.206	8.805	15.274	2.370	4.549	1.733	2.970	4.887
18.621	1.455	4.666	0.251	4.103	4.452	12.958	4.487	5.747	1.235	5.058	0.169
18.410	3.587	3.231	19.025	5.337	8.652	13.554	7.091	4.198	4.950	5.836	1.497
17.856	5.031	4.909	17.508	5.190	8.517	5.045	1.309	4.775	2.009	5.306	1.396
9.850	0.265	0.091	18.841	9.738	3.514	13.137	5.970	5.545	0.145	5.725	4.177
1.213	0.134	1.206	15.703	9.865	0.141	7.705	5.019	4.939	0.122	6.967	2.493
2.831	4.805	0.895	2.631	7.379	9.322	2.734	1.137	6.114	4.994	5.000	0.979
14.994	2.583	3.258	14.187	4.925	6.665	12.323	8.217	4.438	3.238	5.524	0.377
8.617	1.740	3.557	16.911	2.859	0.275	10.254	3.544	4.690	2.571	3.373	4.377
12.246	9.441	4.183	8.487	0.331	2.624	18.196	5.642	4.129	3.651	5.057	3.069
15.012	3.769	4.943	1.789	4.224	4.860	9.393	4.065	5.970	4.944	6.221	4.553
13.204	5.347	4.951	0.182	1.803	3.623	11.374	1.205	3.992	4.061	5.959	0.707
18.391	6.091	4.429	3.266	3.077	3.752	3.773	1.328	5.553	4.428	4.015	0.465
2.823	1.677	3.931	13.983	5.387	8.714	0.139	4.381	6.198	3.939	5.429	4.105
12.700	9.162	2.427	3.823	9.805	4.759	11.192	0.082	4.812	3.019	5.083	0.459
16.229	2.677	2.373	17.304	7.213	9.295	13.667	0.146	5.216	3.874	3.731	4.866
12.914	8.741	3.936	2.180	5.160	8.898	18.464	9.160	5.606	2.462	7.254	0.872
6.703	8.179	4.677	16.121	6.568	1.625	5.841	8.417	6.013	4.484	4.580	3.175
16.859	6.420	1.771	5.200	4.239	6.238	18.753	7.245	4.280	0.246	7.501	2.352
14.917	1.618	0.854	7.121	3.143	2.806	5.029	1.167	4.959	0.909	5.698	4.261
6.875	5.503	1.111	2.450	5.582	5.105	11.947	9.588	3.767	3.937	5.756	0.180
4.826	6.579	4.678	5.069	9.193	8.204	9.895	9.937	4.737	1.440	4.750	1.054
4.927	8.847	1.344	18.198	2.964	6.763	2.348	7.948	5.758	2.557	4.726	4.834
14.201	3.045	4.353	2.613	7.252	3.498	13.248	8.334	4.634	2.023	5.490	4.858
3.731	7.203	3.477	2.842	1.503	8.330	8.049	0.845	4.779	4.903	4.651	0.650
0.703	9.396	1.707	17.813	9.107	6.550	18.607	8.783	5.375	4.500	5.249	2.468
17.338	4.209	3.122	10.015	9.893	4.133	19.590	7.671	3.731	4.780	3.811	4.671
2.382	3.255	2.773	9.210	0.450	0.462	12.893	0.006	5.143	2.089	5.726	4.793
1.102	4.358	0.545	8.994	6.429	0.107	2.739	7.622	4.461	1.906	4.466	3.544
3.625	7.876	2.718	16.567	5.570	2.043	9.367	3.123	4.420	1.866	5.562	0.438
0.491	7.778	0.112	9.275	7.932	0.934	6.796	2.102	6.088	3.541	7.025	2.455
16.138	8.285	4.381	11.855	1.830	0.006	16.346	9.972	3.876	2.954	4.447	2.364
12.202	0.385	3.889	11.073	0.728	2.457	11.708	9.157	4.713	1.308	5.234	3.857
5.923	9.542	4.293	10.969	2.982	6.261	0.276	9.414	3.618	0.764	5.585	0.680
9.519	4.085	1.239	10.438	8.971	2.215	10.440	3.941	6.389	2.549	4.806	4.212
15.046	0.321	4.178	16.915	6.765	2.157	14.694	4.079	4.900	1.217	6.347	2.646
16.795	5.938	2.480	6.441	5.648	8.079	19.381	3.367	5.274	4.942	4.542	2.180
0.351	7.856	3.030	4.069	4.078	4.697	12.326	1.852	4.969	0.270	4.782	0.917
4.777	8.625	0.688	6.898	9.006	8.565	12.149	7.827	4.552	3.256	3.667	4.949
17.894	3.867	1.547	10.274	8.573	4.479	5.320	3.798	4.755	4.965	5.813	1.594
18.244	4.873	4.524	12.210	1.889	2.278	5.388	6.495	4.765	4.447	6.273	2.349
12.109	2.364	0.843	13.223	9.394	3.230	17.437	0.437	6.121	1.791	4.849	3.343
13.203	1.975	2.953	13.130	0.873	3.767	12.485	5.365	5.395	2.397	5.855	1.829
3.912	7.356	1.483	7.376	1.149	6.430	11.819	3.997	5.236	3.314	5.880	2.536
13.778	2.945	0.175	4.985	1.504	9.807	17.010	3.237	4.346	3.055	4.908	2.574
3.720	6.663	1.581	1.478	4.344	4.299	11.149	0.045	4.084	0.248	4.435	2.596
4.089	5.112	2.548	6.523	9.222	9.604	1.361	9.832	4.636	2.975	6.290	3.305
0.438	2.852	4.581	14.424	2.582	0.227	15.708	3.869	4.300	1.026	4.022	4.771
19.407	0.627	0.041	2.525	7.610	9.649	19.047	2.943	5.592	2.449	4.318	1.483
19.683	3.754	3.584	13.478	4.247	7.727	3.061	3.624	5.171	3.074	6.286	3.694
10.264	4.554	0.291	3.935	3.535	2.022	15.514	4.081	4.114	2.637	4.534	3.564
3.485	8.497	2.431	19.502	8.618	6.759	12.968	8.745	5.020	2.059	4.035	4.605
15.775	4.721	3.225	5.785	1.256	8.153	13.674	9.472	5.529	0.692	6.132	0.248
6.613	5.563	3.529	10.189	4.691	1.750	3.888	1.772	6.544	3.511	3.594	1.383
8.223	9.675	1.019	9.992	5.548	5.263	7.342	8.398	4.058	1.631	4.514	3.577
1.321	5.058	4.823	19.769	6.921	4.276	18.949	7.622	4.742	1.137	4.788	3.158
2.045	5.347	1.832	10.179	5.379	3.946	4.415	8.920	4.437	4.545	5.089	2.355
8.578	5.486	0.323	6.428	8.870	9.373	2.371	6.012	5.566	3.816	5.100	4.711
16.287	7.615	4.684	6.570	7.689	9.962	0.357	2.293	5.166	2.697	4.016	2.905
4.871	8.052	0.018	15.284	8.140	9.374	15.337	5.271	3.544	4.392	4.958	4.180
12.434	7.140	4.437	11.048	0.273	3.266	4.192	9.727	6.215	2.526	5.614	4.300
10.142	6.141	0.998	11.882	1.547	7.964	19.931	5.521	5.838	2.185	4.642	3.600
13.585	8.150	4.080	11.924	6.455	3.207	8.192	6.222	3.978	1.568	4.103	3.495
4.299	9.392	2.582	2.292	2.945	6.622	5.536	3.331	2.773	0.607	5.603	4.111
1.761	2.056	3.250	12.222	8.716	1.726	2.095	3.462	5.984	1.226	6.603	0.986
10.339	5.528	1.658	18.587	9.909	3.442	19.631	4.918	2.446	0.998	3.683	4.649
11.471	9.244	2.764	3.966	7.960	7.191	10.943	7.183	5.045	3.356	6.284	1.635
14.337	9.885	1.147	12.781	0.207	2.305	6.206	5.705	3.079	0.739	5.163	3.294
5.368	9.099	4.248	17.046	8.907	2.801	2.437	1.494	5.663	4.868	5.273	4.675
15.639	3.198	2.429	9.163	7.515	9.875	2.049	7.233	4.876	3.430	5.427	1.439
4.907	5.956	3.817	16.767	2.386	8.132	14.170	2.571	4.992	4.986	5.721	1.150
17.515	9.770	0.564	18.460	1.092	1.760	0.749	4.496	5.655	4.625	5.192	1.442
2.492	6.705	0.119	4.241	7.470	7.804	12.047	9.237	3.053	2.150	4.818	3.937
7.786	0.982	3.188	0.065	7.896	6.282	5.247	2.300	5.694	0.382	3.410	1.598
2.302	0.196	3.431	0.115	5.698	9.387	11.790	1.377	3.306	1.928	4.204	0.283
16.644	3.260	3.215	13.103	6.941	8.069	6.981	2.158	6.456	0.635	5.214	0.885
3.976	0.934	3.289	17.447	1.791	1.427	18.035	2.015	4.770	0.231	5.249	3.861
13.653	0.278	1.436	8.337	2.169	5.613	13.026	4.340	5.609	3.119	5.221	4.502
7.737	7.410	1.443	9.073	0.754	5.072	2.152	5.129	4.393	4.346	1.940	1.755
18.803	9.478	0.528	14.836	5.763	9.315	7.821	7.714	3.925	0.733	5.640	2.287
16.641	5.279	3.523	16.355	4.545	9.059	15.590	2.468	6.490	0.399	5.452	1.870
11.552	3.031	1.468	7.109	6.788	5.802	11.612	4.996	3.527	3.386	5.071	3.813
2.583	7.301	2.699	1.478	3.018	6.655	10.826	5.321	5.264	2.828	4.032	0.256
1.671	6.035	0.356	17.737	6.981	9.592	5.193	7.012	4.672	1.667	5.006	1.007
0.722	8.758	1.139	2.652	8.309	3.579	9.681	4.120	6.531	4.373	5.836	2.996
13.157	3.737	4.441	9.837	4.944	1.440	16.707	0.960	3.902	3.147	5.078	2.799
3.755	1.179	1.267	0.372	5.944	2.873	14.841	9.607	4.846	3.731	5.067	3.913
2.666	2.395	1.709	17.658	4.832	3.487	8.631	7.602	6.046	3.611	4.337	0.855
4.294	2.669	2.228	7.800	2.140	2.521	13.684	1.003	3.807	4.622	6.297	3.975
10.366	4.936	3.161	13.089	1.481	7.520	9.647	4.852	4.090	2.857	5.280	0.703
5.402	9.476	4.011	9.621	7.132	2.519	2.542	7.022	2.818	2.692	6.554	4.796
14.390	5.687	2.870	5.216	0.697	4.407	3.441	4.077	6.151	3.125	5.564	0.124
9.282	0.830	1.004	6.442	5.418	1.515	16.379	1.621	5.575	1.126	4.286	4.461
10.201	7.746	2.815	16.121	3.074	1.069	0.702	3.337	3.056	3.008	5.090	3.423
7.981	7.686	1.900	3.313	0.472	7.020	19.059	8.221	4.647	1.360	4.113	1.164
12.407	6.343	3.933	0.432	5.607	2.094	7.771	8.868	6.088	3.577	4.983	3.541
12.971	9.961	2.010	12.619	2.625	1.711	14.699	2.837	5.283	3.815	5.123	3.253
17.417	2.604	0.688	7.608	4.006	3.864	2.670	8.305	4.556	4.171	6.923	4.555
4.217	6.679	1.524	0.441	2.275	7.554	8.834	9.259	5.202	0.984	4.505	3.192
14.520	1.983	0.495	17.546	7.027	4.634	12.857	1.049	4.099	3.874	2.546	4.361
4.157	3.608	1.850	5.525	7.217	7.201	7.836	6.965	5.908	4.242	4.352	2.844
5.215	8.067	4.264	8.735	4.077	8.395	18.152	4.868	5.076	1.922	3.320	2.384
18.023	6.666	1.211	12.140	1.538	1.102	16.641	4.071	5.053	4.554	5.093	1.694
15.440	7.974	1.646	5.088	1.631	8.834	16.822	2.620	4.367	3.802	3.828	0.182
4.124	4.975	3.736	16.696	6.301	8.893	8.289	2.391	5.137	2.632	5.587	4.746
2.444	7.564	1.514	10.240	2.539	8.687	15.279	6.439	3.218	3.450	5.373	3.543
17.974	9.033	1.773	0.645	6.073	0.721	18.286	1.940	5.075	2.538	3.900	3.419
0.979	9.035	0.626	8.155	0.176	8.161	9.954	0.782	5.364	0.492	5.206	2.576
8.657	5.647	1.710	0.367	0.417	1.909	7.074	3.451	3.861	3.771	3.335	2.175
3.346	8.101	2.481	19.019	7.166	8.521	7.590	2.125	2.371	0.436	2.971	1.707
5.913	3.522	3.998	11.981	2.854	4.194	12.932	4.189	4.561	0.368	4.006	0.975
12.679	2.307	3.071	0.876	1.405	1.080	16.821	7.239	6.646	1.356	6.027	0.813
6.440	8.018	2.673	19.723	0.700	1.270	2.980	6.199	4.092	0.403	5.443	2.425
1.084	5.192	2.565	1.181	9.819	0.358	11.709	4.191	5.348	2.076	4.860	1.599
5.911	3.423	2.996	11.548	1.135	0.507	10.450	7.122	4.520	3.823	5.358	4.027
8.713	9.136	4.880	10.817	1.410	8.653	19.396	0.176	4.284	3.652	6.048	4.074
18.198	4.467	4.092	4.680	9.874	7.463	11.566	1.411	6.340	2.404	4.466	2.026
2.418	0.254	4.678	4.501	6.183	6.161	0.803	3.170	5.115	2.970	4.012	3.388
9.459	5.598	3.766	8.889	1.439	5.843	15.400	5.831	6.209	3.097	4.909	2.117
0.997	6.016	2.085	11.105	2.211	2.956	1.205	3.756	4.229	1.542	7.556	2.909
12.100	7.325	4.948	17.831	5.369	4.151	12.909	4.229	4.972	3.731	5.453	3.039
17.598	7.283	0.037	6.993	4.329	1.478	18.098	5.323	5.709	1.628	5.998	3.630
3.076	5.152	3.622	9.787	3.073	2.331	7.884	5.514	4.127	3.769	6.312	0.578
18.751	9.475	4.565	16.122	4.767	5.067	14.547	6.050	4.996	0.809	6.471	2.560
8.641	4.311	2.084	14.188	8.761	8.158	0.216	3.813	4.757	0.269	2.421	1.058
2.401	9.208	2.502	10.286	6.513	7.699	16.988	7.075	5.023	3.656	4.076	2.430
18.228	7.444	1.136	3.005	2.940	8.181	17.451	1.762	5.525	4.963	6.137	0.637
7.053	6.546	3.590	8.950	7.098	6.792	13.358	2.966	5.004	1.319	3.179	3.361
9.383	1.374	3.118	6.099	8.647	3.201	0.673	9.152	3.239	0.232	5.449	2.652
5.786	0.626	0.100	15.523	6.803	9.262	2.647	9.244	5.124	1.093	5.407	2.559
4.442	7.823	0.560	1.979	1.077	4.725	14.443	9.337	5.142	4.490	6.283	3.191
6.166	0.925	2.984	15.673	5.852	5.919	4.714	8.700	7.241	3.333	3.699	1.531
7.637	4.454	2.922	1.110	7.733	2.357	19.096	5.507	6.367	4.219	3.886	2.181
19.562	6.400	2.658	6.177	7.286	7.917	7.614	1.939	3.650	1.920	4.631	0.770
6.648	1.101	1.373	19.739	3.210	2.574	5.554	4.744	4.636	2.315	4.799	3.974
12.540	9.747	0.561	13.792	9.255	6.274	4.067	1.684	5.620	3.815	4.308	0.710
6.492	7.649	2.557	0.246	6.046	8.666	19.977	3.881	5.107	0.970	4.901	2.756
19.079	6.100	2.866	18.465	4.026	1.235	1.181	6.722	6.906	2.134	6.097	2.965
7.033	6.889	0.632	13.270	3.766	0.290	6.709	0.633	5.614	3.058	4.589	3.309
3.984	7.399	1.266	17.391	1.377	2.032	1.740	3.639	5.331	4.448	4.020	2.543
4.413	1.806	2.000	19.128	4.535	2.803	9.850	7.215	4.604	1.548	5.718	3.738
13.779	9.473	3.146	3.739	9.058	0.753	5.009	4.823	4.791	2.029	4.708	2.069
17.853	7.418	3.880	12.482	8.842	5.683	5.764	8.936	3.983	4.010	7.563	4.970
15.130	7.925	1.762	17.064	2.571	7.165	7.611	3.982	3.541	4.216	6.944	3.400
9.005	7.288	0.843	15.824	2.872	3.417	5.164	1.589	5.170	2.239	3.504	0.942
1.990	3.636	0.674	0.437	4.594	7.584	10.572	9.952	5.389	0.768	4.256	1.220
18.876	3.608	3.174	7.738	8.655	6.475	1.874	2.566	2.759	1.185	3.421	3.544
16.671	3.261	4.685	14.053	6.297	4.890	3.752	1.435	2.828	0.799	4.984	2.703
2.303	8.913	2.007	6.751	1.490	2.296	0.340	8.658	6.756	1.787	6.569	2.217
1.763	9.381	3.338	18.847	3.821	3.464	6.047	5.449	4.729	3.035	6.008	0.268
4.029	2.960	1.666	11.063	2.719	4.609	12.655	3.604	2.200	0.287	4.356	3.168
3.772	9.813	0.120	2.089	9.614	5.744	17.509	5.180	4.572	2.007	4.993	0.901
13.157	9.105	1.712	10.171	7.820	4.561	10.830	4.380	6.397	1.047	6.927	1.540
16.915	8.316	4.567	0.302	3.619	1.552	10.975	3.706	5.231	2.139	6.626	2.066
19.275	7.068	1.076	2.101	9.934	7.297	17.273	5.061	4.592	3.024	5.097	1.559
6.612	8.779	2.971	19.930	2.836	9.066	16.650	8.097	5.887	0.277	5.008	2.110
14.004	8.956	3.760	14.181	8.776	4.233	1.581	5.544	4.161	2.765	4.271	1.987
8.654	0.266	3.951	2.798	0.198	2.324	4.236	5.635	6.240	0.148	4.787	0.991
16.004	1.902	1.535	18.029	8.030	7.105	16.572	9.412	5.338	3.746	6.113	2.657
15.728	7.585	0.853	2.834	8.721	6.264	17.483	2.823	5.629	3.550	3.651	3.610
10.037	3.711	3.202	12.964	1.762	5.049	10.420	3.712	4.581	3.282	5.050	3.613
9.377	8.377	0.128	3.420	5.619	8.590	0.990	2.180	6.635	2.770	3.867	3.177
19.610	7.958	0.864	0.413	3.491	1.068	6.860	8.035	6.468	2.075	4.767	2.836
18.834	5.866	2.357	2.733	6.338	5.319	18.684	2.696	3.876	0.085	4.120	1.496
18.621	9.079	3.520	6.968	5.799	4.225	4.330	0.804	7.477	4.508	4.493	3.885
5.613	2.253	4.360	5.093	7.129	0.065	8.204	5.927	3.854	4.254	5.434	0.121
11.521	4.851	2.167	17.615	4.599	9.263	18.653	2.351	4.519	0.360	4.820	0.479
12.759	3.804	2.663	11.054	7.550	8.881	13.797	4.035	4.800	3.689	4.810	1.441
4.532	8.955	0.117	8.241	8.661	0.462	3.147	1.468	5.674	0.326	5.431	3.853
17.007	9.958	0.427	6.241	3.694	4.401	1.279	7.037	5.579	3.572	5.211	4.362
12.127	1.686	1.849	15.609	7.814	5.941	5.051	4.336	3.988	3.582	5.546	2.206
12.807	2.672	4.236	9.380	0.804	9.197	9.008	6.807	4.831	4.755	4.035	3.872
2.585	4.041	0.835	6.296	6.267	5.474	12.849	2.525	5.433	0.721	5.220	2.658
4.060	6.733	3.475	1.037	6.315	5.338	10.662	3.848	6.050	3.020	5.081	4.359
20.000	8.283	2.784	8.570	1.327	7.718	4.950	8.490	5.996	3.924	3.475	1.011
7.013	8.962	1.248	4.162	5.276	5.780	0.557	9.554	5.583	0.361	4.617	3.188
7.061	1.204	2.336	12.141	3.637	4.755	6.642	5.577	4.868	0.003	5.265	1.341
12.094	4.053	2.059	19.219	9.906	2.736	4.916	0.202	3.689	4.999	6.468	0.446
3.809	0.091	4.429	5.845	6.335	0.128	16.879	2.058	6.680	4.328	4.377	2.820
5.366	7.988	0.646	10.835	9.161	3.757	8.898	8.539	3.263	3.910	5.113	1.041
12.560	9.817	0.147	6.205	3.276	2.143	15.948	4.180	4.987	4.883	4.076	3.047
1.944	2.367	0.753	0.598	0.372	5.383	17.630	1.571	5.431	4.936	4.929	1.569
9.005	0.648	4.860	8.406	3.867	5.822	11.919	8.447	4.529	2.149	5.264	3.954
14.573	7.146	1.213	19.412	2.998	7.884	5.840	5.088	6.003	2.958	3.897	0.694
3.171	6.972	0.978	4.754	2.400	2.178	0.628	1.967	5.356	0.375	5.975	3.235
0.485	6.420	1.381	0.259	1.911	5.066	1.717	1.207	5.399	0.378	4.407	2.373
18.311	8.606	2.472	19.491	5.712	3.521	0.803	0.783	4.600	3.312	2.917	1.739
2.113	7.117	1.925	14.566	2.478	0.041	15.792	9.022	5.041	1.319	4.174	2.312
11.831	6.198	2.073	3.118	6.770	3.824	1.495	8.345	5.064	0.625	6.621	2.135
13.298	3.559	3.551	0.774	6.050	7.745	14.116	4.470	4.352	2.300	4.491	3.163
13.734	2.002	1.447	6.163	7.822	0.061	2.511	7.459	5.026	0.266	4.676	3.723
11.961	0.130	0.259	0.512	8.905	4.975	18.325	6.275	5.149	2.985	6.756	4.579
11.797	6.942	2.035	7.549	8.491	0.687	7.630	4.861	6.070	1.765	5.203	3.011
18.639	0.337	0.074	16.861	9.594	5.598	0.264	3.846	5.401	2.807	6.032	2.436
3.207	5.275	2.808	10.575	3.642	2.654	12.278	0.183	4.568	1.030	3.482	3.944
13.332	4.239	1.217	6.093	1.036	8.392	12.725	0.513	5.528	3.360	3.257	3.497
2.054	6.082	0.338	17.528	5.335	2.048	8.017	7.846	3.819	4.952	5.213	0.555
14.376	5.636	0.025	6.751	8.883	9.823	8.558	1.416	6.607	3.932	3.669	2.663
4.106	6.531	0.571	15.118	8.402	3.198	7.060	4.977	4.919	2.153	5.858	4.314
1.623	5.034	1.241	0.575	4.771	9.878	9.272	6.491	6.612	0.181	3.787	2.257
13.995	1.344	3.609	2.517	5.692	7.186	3.060	9.726	4.385	2.269	3.706	1.502
10.979	2.851	2.220	10.270	0.748	1.681	15.860	0.164	3.256	0.042	4.641	0.143
0.904	3.143	4.867	11.614	1.091	1.447	5.056	4.219	4.367	2.747	6.419	2.059
16.962	7.074	1.315	17.404	0.413	7.900	13.254	4.067	3.945	3.418	4.389	1.389
6.720	3.676	2.872	12.235	0.855	5.320	8.638	9.184	6.967	2.944	3.878	2.606
17.462	6.144	2.383	7.543	7.582	3.115	16.193	2.251	3.834	3.864	3.886	4.324
4.535	9.876	2.517	5.439	3.965	6.435	3.941	7.440	4.129	2.524	5.825	4.819
4.900	6.213	3.185	15.476	2.762	7.578	5.245	3.909	6.979	4.041	5.040	2.217
19.826	2.500	2.141	11.843	0.412	6.612	2.364	7.297	5.839	3.256	4.824	3.770
7.539	2.405	0.664	12.367	9.261	6.378	2.872	8.893	3.535	0.052	6.729	4.955
18.789	4.918	2.809	12.275	7.546	9.465	19.074	7.990	5.254	4.488	5.620	0.234
13.278	6.317	0.928	8.379	4.488	6.469	1.543	4.947	3.930	0.290	6.536	0.747
16.548	0.560	4.429	12.213	1.808	9.966	17.798	5.248	5.042	0.415	5.921	2.218
9.483	5.047	0.015	8.864	9.601	6.584	16.773	1.749	3.808	0.916	5.127	3.951
2.136	1.366	0.053	9.067	8.729	4.489	9.023	8.931	5.555	0.479	5.929	4.443
2.064	3.639	3.260	1.914	5.635	6.784	18.326	5.946	3.777	0.818	5.015	4.895
6.712	6.139	1.968	17.397	9.775	5.471	8.901	1.002	3.459	4.863	6.399	3.746
12.167	6.319	3.176	8.214	7.316	6.629	13.095	8.766	6.248	1.917	4.543	0.471
14.523	9.537	3.857	6.036	7.287	8.563	1.325	1.712	4.790	2.981	4.376	4.568
8.025	3.286	0.198	7.228	4.547	7.490	7.745	5.732	3.716	1.791	6.066	3.359
2.469	5.073	4.720	15.959	0.827	1.111	18.659	8.149	6.524	3.698	5.502	0.313
5.792	8.881	1.794	11.902	6.818	8.591	8.048	7.379	6.097	4.309	5.970	2.323
0.955	2.397	3.259	13.743	4.258	9.855	1.670	1.804	3.695	2.238	4.877	3.573
7.159	2.657	0.198	9.214	3.980	5.288	0.275	5.643	6.581	1.200	4.391	0.946
17.027	1.578	2.402	9.168	5.984	5.057	14.160	1.581	4.788	1.746	4.175	0.856
11.083	2.199	2.131	0.796	2.503	6.840	19.637	5.171	6.409	4.955	4.870	1.327
8.963	6.675	1.449	16.834	5.581	7.506	11.544	9.707	5.497	4.501	4.196	3.833
3.579	0.941	0.261	8.162	6.676	2.829	3.742	1.821	5.296	0.152	4.133	0.774
19.546	1.818	4.462	14.673	1.655	0.328	12.946	2.054	5.695	4.577	5.618	2.340
1.426	1.188	0.755	3.830	3.025	7.576	-7.979	-7.127	4.229	3.998	2.659	1.170
15.734	5.740	4.281	19.827	8.397	6.258	-6.918	-5.953	3.390	2.752	7.019	4.553
18.920	3.347	2.344	14.943	3.725	1.128	-8.120	-6.814	0.609	3.536	5.119	0.098
3.018	0.117	1.324	11.802	6.660	3.267	-9.585	-6.686	2.232	3.065	13.219	0.603
11.988	3.534	0.178	12.805	8.222	6.005	-6.544	-7.078	0.215	4.784	2.311	1.647
1.008	9.097	4.836	7.997	4.233	2.154	-6.223	-7.219	2.880	3.107	14.139	4.059
13.227	8.242	4.449	5.328	3.397	6.334	-8.221	-4.958	2.963	0.590	12.462	4.235
14.178	2.201	4.689	8.404	7.566	0.829	-7.793	-8.684	3.557	3.323	17.673	2.522
19.522	8.189	4.711	12.158	7.282	7.437	-7.184	-5.739	3.565	0.022	7.453	4.193
3.461	6.813	4.700	17.396	5.096	7.354	-8.143	-6.843	3.280	1.433	14.447	0.265
8.249	7.252	3.415	18.804	7.317	8.979	-6.392	-6.171	0.692	2.891	16.431	0.979
19.539	6.144	0.142	13.963	3.229	3.825	-4.542	-5.539	2.182	0.140	5.698	0.891
15.664	1.569	2.563	1.188	6.472	3.066	-6.402	-6.377	2.479	0.635	18.269	2.619
17.476	3.310	2.140	16.807	4.930	6.630	-7.803	-7.146	0.833	0.251	8.681	0.860
15.780	7.794	0.225	8.807	0.902	3.630	-5.508	-7.043	1.182	4.519	16.277	0.615
3.708	2.154	2.538	4.432	2.838	7.471	-6.430	-7.429	4.002	1.322	8.434	3.989
12.569	1.831	1.130	5.816	1.141	7.412	-7.119	-5.611	1.306	3.388	19.935	0.042
1.403	6.555	0.080	13.870	6.581	7.850	-8.602	-7.133	4.365	1.044	6.955	3.404
3.759	1.890	4.631	19.460	9.525	1.865	-6.235	-5.407	1.465	4.220	1.407	0.565
17.435	6.480	4.968	0.151	0.851	7.758	-7.053	-8.469	3.820	4.480	19.711	3.254
6.878	1.466	4.757	2.258	7.149	2.144	-7.272	-8.619	1.138	0.736	8.324	4.338
5.679	8.743	3.799	9.908	9.125	9.359	-7.258	-5.580	3.035	2.117	9.739	0.612
19.007	5.228	4.803	10.207	6.253	7.953	-7.108	-5.495	2.599	4.024	2.859	2.135
3.862	4.377	4.587	2.570	7.166	6.660	-5.882	-6.573	1.296	3.690	6.151	3.255
1.010	8.497	3.517	17.379	9.654	1.728	-8.559	-5.357	3.623	0.417	5.653	4.728
7.911	2.401	4.470	2.883	8.649	3.833	-5.659	-5.670	3.285	3.074	19.377	1.268
17.184	6.884	0.074	4.050	7.010	6.694	-7.980	-9.048	4.342	1.293	8.444	4.795
11.645	1.124	1.501	16.320	7.309	4.518	-8.637	-6.363	3.669	1.443	18.213	1.896
14.224	8.725	3.927	11.551	3.121	1.960	-7.010	-6.381	4.236	4.011	4.222	0.877
9.037	7.121	3.638	12.361	1.469	4.282	-7.273	-7.094	2.213	0.177	6.901	2.122
11.357	9.675	3.963	7.214	1.658	5.966	-7.750	-7.368	3.926	0.782	11.295	3.522
2.899	8.376	2.400	19.310	7.231	4.706	-7.749	-6.205	4.925	3.384	8.447	3.236
13.788	9.635	2.832	19.782	2.543	6.266	-6.979	-7.185	4.587	2.665	6.152	1.500
3.706	2.898	2.598	12.508	7.250	9.130	-7.851	-5.176	3.825	0.919	15.540	0.105
11.417	7.761	0.152	10.618	1.928	5.158	-8.785	-6.218	3.119	4.454	10.403	1.581
10.709	8.849	4.308	9.772	2.249	2.627	-7.500	-6.649	2.189	1.763	16.889	0.101
8.711	5.713	0.388	17.735	0.230	6.322	-6.658	-6.296	0.465	3.288	12.878	4.876
10.736	4.354	2.590	5.616	0.987	7.733	-5.797	-6.147	0.472	3.243	12.148	0.518
4.753	5.746	2.695	15.055	7.339	0.058	-5.373	-6.686	1.233	2.006	18.982	0.479
10.630	2.845	3.363	2.633	1.780	1.808	-7.279	-7.420	0.270	0.571	11.832	3.135
17.085	5.782	1.866	7.074	0.642	8.687	-6.701	-6.129	3.579	4.317	19.380	2.534
2.803	3.661	4.237	12.619	3.476	5.547	-7.745	-6.989	3.877	3.426	19.390	4.168
0.084	0.515	0.231	12.165	5.414	7.429	-6.866	-8.685	3.859	1.267	11.817	3.664
8.833	9.036	3.547	9.671	8.635	0.442	-8.682	-6.019	3.093	4.087	16.444	3.644
14.729	6.454	3.237	14.207	8.292	1.235	-7.001	-6.537	2.701	1.080	11.136	0.980
14.044	8.216	2.335	15.185	5.261	7.085	-5.924	-7.715	0.116	4.622	11.788	0.687
5.230	5.914	0.405	9.985	6.856	8.931	-5.114	-7.129	0.385	2.189	5.764	2.250
17.944	4.745	3.949	6.953	6.117	6.427	-6.317	-7.424	1.105	1.980	19.630	4.664
1.589	9.582	4.204	4.390	7.627	5.012	-5.197	-8.711	4.346	0.271	1.262	3.027
2.495	3.928	3.398	6.342	4.600	3.241	-5.396	-5.547	3.324	0.272	0.020	1.681
3.118	0.745	0.728	17.188	7.324	7.908	-7.736	-7.302	2.432	4.523	2.803	1.064
9.936	8.687	1.183	11.536	1.572	9.241	-6.475	-8.706	3.206	2.774	5.508	0.944
11.100	0.095	0.018	14.665	3.012	8.502	-5.472	-7.689	4.763	4.212	17.348	2.937
2.933	7.881	3.902	3.116	8.829	9.835	-6.955	-6.655	2.881	2.106	3.556	1.273
17.275	4.395	2.473	18.046	9.250	1.010	-6.788	-6.311	1.104	1.409	8.803	3.400
5.909	4.658	0.093	6.113	3.065	0.107	-5.651	-7.886	2.547	1.757	10.236	4.828
4.572	8.714	3.769	14.915	0.621	9.209	-7.322	-7.175	1.172	2.787	9.553	4.127
5.935	5.354	0.756	11.574	9.915	8.037	-6.235	-4.559	0.468	3.953	2.521	1.728
7.453	8.460	3.050	12.081	3.564	3.656	-7.419	-5.924	3.675	0.223	1.378	2.797
10.524	7.979	4.063	14.568	8.674	8.371	-7.514	-6.754	1.565	2.798	17.360	1.845
15.222	6.361	3.560	15.198	1.903	7.210	-6.160	-8.201	1.866	4.786	16.488	2.825
9.921	0.895	3.250	6.265	1.904	7.344	-7.653	-6.668	1.332	2.034	12.044	2.867
0.057	2.117	2.222	14.655	1.125	3.141	-8.539	-7.767	3.276	1.425	9.888	3.627
8.927	1.609	4.174	1.130	3.548	3.986	-7.528	-7.541	0.754	4.424	6.536	4.371
12.904	8.411	3.226	11.133	9.446	3.391	-6.698	-5.808	3.237	3.884	13.854	4.685
14.879	4.642	4.720	14.972	8.519	8.676	-5.929	-8.557	1.064	3.178	15.933	3.935
6.444	1.655	3.198	8.895	5.807	4.012	-7.072	-7.008	2.399	0.257	0.094	3.043
9.605	3.446	4.276	15.210	7.986	4.015	-7.433	-7.198	4.919	2.763	19.720	1.199
11.292	9.313	2.777	12.242	4.264	0.899	-7.660	-6.428	4.317	4.604	1.136	1.632
13.040	8.275	0.860	12.441	7.486	5.124	-7.490	-7.272	3.702	2.521	3.025	0.185
4.723	6.252	3.557	18.658	3.003	9.604	-7.801	-6.299	0.430	3.449	10.834	1.787
14.714	8.447	1.281	2.375	2.992	4.793	-7.678	-6.967	1.966	3.897	5.653	1.315
9.945	8.364	2.740	15.378	8.476	6.538	-4.751	-8.397	2.383	4.395	1.234	0.979
3.646	8.078	3.257	4.792	6.502	9.679	-7.034	-4.526	3.525	3.999	15.972	0.634
17.332	0.254	2.663	2.289	0.266	0.059	-7.395	-6.899	1.111	0.259	5.305	4.015
10.366	4.452	2.509	10.489	9.138	9.539	-8.118	-6.156	2.979	0.427	14.208	2.636
7.427	8.458	2.804	3.363	9.225	2.822	-7.191	-7.257	3.074	0.819	9.373	2.983
7.338	8.134	3.080	10.442	9.764	9.190	-6.073	-8.078	4.900	3.294	11.438	1.129
6.891	9.000	1.342	14.455	8.047	6.716	-6.364	-8.166	1.288	0.709	12.565	4.634
15.122	6.284	3.649	0.672	3.770	6.541	-7.759	-5.648	0.021	2.207	6.925	0.293
8.617	5.414	0.377	12.971	9.771	9.988	-8.216	-7.614	4.123	1.403	17.254	2.929
12.098	4.614	4.371	9.211	4.885	7.031	-6.918	-7.384	2.480	2.500	19.795	0.314
0.420	7.550	3.309	3.853	7.549	5.047	-5.091	-5.682	4.999	0.710	0.560	0.995
0.481	4.730	2.520	17.902	2.675	9.817	-6.696	-5.689	1.560	2.072	2.098	2.926
2.963	2.022	4.705	1.861	9.187	4.285	-7.824	-5.598	0.777	3.279	10.412	2.054
14.392	0.918	2.805	5.508	9.380	5.232	-8.319	-7.687	0.857	3.772	8.970	4.981
9.499	8.950	4.882	13.475	0.683	8.272	-5.831	-8.341	1.807	2.618	5.470	4.226
11.011	5.629	1.267	19.867	5.858	4.263	-6.832	-7.914	0.032	0.863	13.699	4.096
5.608	1.868	2.778	6.044	4.888	3.441	-6.148	-6.045	0.200	0.493	12.231	1.687
10.821	9.177	1.837	5.253	3.076	9.716	-7.332	-7.365	4.516	3.914	13.390	2.438
15.203	6.866	1.309	1.728	5.794	1.945	-8.076	-7.319	1.220	1.911	2.709	1.509
4.076	6.934	3.547	4.039	2.168	8.088	-6.107	-6.760	3.167	4.757	15.485	3.976
16.560	8.312	2.616	15.207	2.750	0.208	-8.244	-7.782	1.218	2.681	16.918	2.667
9.454	8.483	0.399	11.515	3.304	6.400	-6.443	-7.645	0.917	1.632	12.705	2.744
0.593	0.045	2.564	13.706	3.680	9.041	-9.469	-7.558	3.585	2.546	7.935	4.520
5.731	8.586	0.740	12.227	6.546	1.184	-7.313	-7.736	4.266	4.914	12.141	0.647
13.749	7.159	4.244	1.196	3.486	4.100	-6.300	-6.836	2.072	0.195	7.261	0.937
10.288	7.457	3.555	7.147	1.214	2.912	-8.938	-7.196	0.870	2.473	5.353	2.006
8.574	6.079	4.904	4.715	3.497	8.303	-8.588	-6.275	0.185	4.340	16.867	0.260
1.429	0.358	1.629	5.441	0.320	5.702	-7.827	-4.998	3.934	0.373	3.564	1.833
11.880	1.320	3.291	17.325	3.290	5.217	-6.782	-7.213	2.720	0.129	13.220	4.543
14.783	7.745	0.420	4.405	1.064	4.891	-6.048	-8.619	0.461	1.403	12.557	3.955
7.414	1.052	2.906	3.305	8.090	4.910	-6.439	-6.989	1.275	4.792	5.714	3.374
7.212	9.202	1.799	4.454	6.945	6.608	-8.353	-6.482	2.036	3.051	11.449	2.609
15.886	8.782	3.043	9.294	8.419	7.684	-7.427	-6.304	0.430	1.479	5.837	3.655
2.453	3.370	2.992	14.331	1.950	0.846	-6.616	-8.089	3.914	2.352	0.509	1.000
16.051	1.782	0.635	10.576	5.563	8.834	-7.058	-6.696	2.214	4.609	4.795	3.935
2.698	0.907	0.566	10.902	9.263	8.899	-4.728	-4.676	2.844	3.532	5.278	3.485
14.357	8.862	0.825	3.113	2.019	7.287	-9.840	-6.559	3.692	4.423	3.818	4.309
18.431	6.734	0.033	6.265	2.407	4.274	-7.122	-8.554	3.784	4.711	5.753	2.548
8.463	8.206	0.500	2.395	9.422	9.510	-7.663	-6.721	4.324	0.035	2.162	4.150
2.059	1.885	4.735	18.057	6.711	6.588	-7.084	-9.597	1.620	4.260	9.434	0.491
7.316	4.799	4.801	6.175	6.041	4.518	-6.478	-6.825	4.085	2.887	12.008	1.447
7.246	0.107	3.047	12.432	5.457	4.085	-6.637	-9.003	4.890	4.833	3.104	2.930
12.280	9.066	0.999	8.887	7.074	0.769	-7.070	-7.298	0.318	2.534	14.107	3.511
16.229	4.364	0.359	11.858	5.099	2.829	-9.514	-7.479	2.305	3.075	6.152	4.428
2.507	6.970	3.009	12.709	3.385	4.374	-7.413	-7.339	2.507	1.164	0.518	1.992
8.523	4.437	2.397	1.823	0.980	2.366	-4.073	-6.853	2.773	4.986	19.887	3.494
17.772	7.142	1.231	16.041	0.722	4.089	-7.310	-6.133	3.753	1.901	19.952	0.938
2.595	4.861	0.807	2.989	1.468	5.874	-6.545	-5.702	2.569	3.079	4.769	3.376
8.863	4.896	1.778	5.183	7.624	0.845	-8.471	-8.035	0.793	1.865	10.607	3.253
4.628	6.558	3.687	8.464	2.578	9.556	-9.082	-7.440	2.664	2.553	11.363	3.047
17.276	3.980	3.298	15.679	9.274	0.289	-5.692	-7.940	1.110	4.998	18.077	4.121
2.872	7.705	4.838	13.158	4.496	1.955	-5.214	-7.409	1.106	2.139	15.538	3.967
6.486	4.191	1.267	18.930	6.627	8.007	-8.153	-7.964	4.371	4.776	1.749	4.627
6.870	3.100	1.537	3.668	0.325	1.711	-7.175	-7.795	3.824	0.433	13.794	0.529
10.421	7.355	3.869	8.969	3.169	3.497	-7.894	-6.313	0.442	2.827	8.951	4.186
16.665	9.613	0.400	19.483	5.073	1.900	-6.238	-8.027	3.855	3.594	5.867	1.111
17.585	8.989	3.376	18.810	1.418	6.063	-7.425	-6.976	2.611	2.130	4.730	2.259
16.351	3.893	4.148	7.692	2.968	7.720	-6.975	-10.004	4.943	1.924	17.377	4.974
12.586	8.890	4.085	19.131	9.441	1.738	-6.233	-8.815	4.317	1.048	16.973	0.880
11.452	5.310	4.659	1.607	5.897	9.005	-8.475	-6.266	1.977	4.733	8.102	4.049
17.863	8.979	2.628	3.285	6.167	3.123	-6.673	-7.767	3.638	1.670	3.567	4.426
16.897	3.475	4.679	15.289	8.747	9.998	-4.284	-8.213	3.207	0.369	9.974	2.527
18.704	7.497	4.958	11.691	6.620	0.167	-7.021	-5.480	2.026	4.206	3.439	4.926
17.578	9.996	0.284	17.281	6.032	3.249	-7.384	-5.454	1.368	4.855	9.383	3.122
5.498	6.921	2.848	2.014	1.715	0.340	-6.662	-8.394	2.913	4.939	5.552	3.691
0.721	7.789	2.718	5.721	6.443	4.902	-6.135	-7.112	4.388	1.485	19.803	3.702
9.429	0.316	1.807	18.860	2.322	8.550	-7.127	-5.924	2.917	3.214	9.270	3.631
11.597	7.613	3.524	17.703	7.126	2.545	-7.099	-6.418	1.934	0.690	14.482	4.849
17.269	0.091	2.387	12.896	0.794	9.064	-6.971	-9.151	3.436	4.169	1.070	2.968
7.280	3.837	2.511	5.518	8.513	4.200	-6.569	-7.829	3.620	1.388	18.083	3.791
2.400	8.175	2.136	4.295	2.689	6.897	-7.334	-6.934	4.586	2.166	15.928	1.365
13.419	8.860	4.530	7.923	9.739	9.137	-8.149	-7.950	1.662	2.682	0.217	0.290
8.526	4.612	4.360	15.359	7.334	5.035	-7.912	-7.686	4.210	0.368	0.119	4.828
4.031	3.391	0.008	6.189	6.167	2.703	-8.026	-5.029	0.860	1.738	1.634	4.363
6.019	1.361	4.475	17.567	9.701	7.712	-7.980	-7.116	3.649	4.899	18.224	4.628
12.317	6.380	1.964	19.269	8.388	7.476	-7.101	-6.459	1.848	1.013	15.952	2.971
19.075	1.734	4.464	2.363	7.022	7.669	-7.240	-6.844	1.844	1.677	13.661	3.761
2.231	4.857	2.327	14.661	7.756	6.032	-5.073	-8.278	3.408	0.841	10.935	0.555
17.535	8.896	3.554	18.328	8.624	1.206	-7.996	-6.297	3.483	2.552	6.724	4.700
9.275	1.107	3.643	11.766	9.371	7.755	-6.933	-7.802	1.671	3.640	9.030	2.575
5.334	3.117	1.997	5.878	8.183	9.568	-8.857	-7.097	0.794	1.159	11.042	0.802
4.543	6.356	2.612	4.664	9.330	5.611	-7.732	-6.329	2.358	0.792	12.975	1.359
10.604	4.311	0.254	11.385	0.878	8.274	-6.196	-7.360	2.801	2.285	4.910	0.462
3.457	0.217	3.851	8.432	2.457	4.993	-8.928	-7.369	2.166	2.965	1.043	4.142
18.212	6.393	1.198	13.837	6.294	8.385	-7.171	-6.884	4.439	1.950	7.649	3.875
10.387	0.698	1.639	19.114	4.970	5.471	-5.879	-7.494	3.709	2.519	7.022	2.591
13.203	7.375	4.829	1.828	0.845	2.312	-7.349	-7.495	4.720	2.515	16.465	4.623
10.875	5.121	0.688	19.543	9.893	1.714	-6.340	-6.655	3.277	0.681	0.100	3.470
7.266	6.827	4.640	5.669	1.715	7.184	-7.233	-6.486	3.539	1.498	5.798	0.829
17.977	0.685	0.294	6.436	1.369	2.926	-7.178	-5.889	3.070	1.584	6.605	1.932
8.531	8.633	2.322	12.491	5.472	6.375	-8.508	-6.420	1.567	2.388	7.719	2.127
11.385	1.315	0.394	18.733	4.265	9.566	-7.613	-6.110	1.904	3.624	1.704	0.216
15.980	9.889	0.545	5.461	4.210	0.804	-6.945	-7.479	0.323	3.224	3.148	0.490
4.070	0.566	0.085	11.394	7.010	4.642	-8.202	-9.325	2.660	4.983	16.699	0.541
9.004	9.333	4.053	13.910	0.989	0.449	-6.157	-8.272	2.344	2.780	15.920	3.405
11.139	4.258	4.978	9.141	9.218	8.928	-6.562	-7.780	3.437	1.863	7.776	1.521
1.728	3.565	3.160	0.837	4.673	1.481	-8.538	-7.076	1.181	2.769	7.219	1.923
6.911	7.584	1.100	14.506	1.844	8.362	-5.490	-7.827	2.532	0.915	9.988	0.075
10.759	5.472	4.408	11.182	7.776	6.445	-6.616	-7.426	1.581	2.261	1.447	4.361
6.269	7.472	0.959	1.893	5.315	1.334	-9.032	-8.015	3.090	1.091	10.241	4.069
11.882	7.909	1.890	14.670	2.943	1.231	-8.304	-8.601	1.102	0.820	1.961	1.212
1.588	6.541	4.631	7.766	4.886	1.098	-8.336	-6.980	4.384	0.183	7.500	3.630
2.350	0.793	4.162	15.729	0.905	4.527	-4.829	-6.594	2.600	4.759	17.034	4.669
14.628	9.543	0.036	7.242	6.797	0.986	-7.611	-7.794	3.983	1.432	6.168	4.095
18.021	0.521	1.025	12.354	1.914	3.563	-5.916	-8.925	1.576	0.054	9.278	4.850
18.141	1.772	0.885	9.124	7.913	2.197	-6.298	-6.164	0.042	3.218	1.162	4.067
10.579	9.467	4.895	0.571	6.883	3.933	-6.498	-6.347	4.651	1.628	15.404	1.786
8.647	2.167	4.769	10.121	2.804	9.803	-8.554	-7.655	4.619	4.271	9.724	3.462
8.591	0.521	1.416	2.970	4.843	0.997	-6.414	-6.361	4.365	4.024	10.200	1.126
10.711	3.362	2.662	4.951	9.511	3.482	-6.584	-7.321	3.985	4.264	17.372	0.262
3.119	5.045	4.744	15.523	6.356	3.730	-6.143	-6.504	1.125	3.861	13.693	4.765
19.836	1.152	2.488	10.887	1.792	9.480	-7.336	-8.348	1.693	1.750	4.325	3.990
5.178	8.705	1.776	8.682	3.803	4.492	-6.512	-6.022	4.741	4.839	6.055	1.693
7.032	0.317	2.114	14.433	7.778	7.368	-5.873	-5.795	1.655	3.122	10.837	2.441
14.567	9.226	1.308	4.421	7.706	3.448	-8.323	-4.666	1.658	4.177	14.872	1.351
16.527	5.585	0.704	19.099	1.081	0.010	-5.830	-7.317	0.786	4.608	5.068	2.111
7.798	3.627	4.979	18.776	0.706	3.412	-7.573	-5.353	3.358	4.158	18.177	1.813
9.895	3.946	2.442	8.136	4.139	7.797	-6.272	-9.655	0.459	3.915	18.528	3.482
11.957	8.160	1.943	4.690	4.962	2.259	-7.252	-6.874	4.081	1.720	12.381	3.877
0.901	1.912	1.000	9.416	0.383	2.640	-8.293	-7.712	3.935	0.188	5.014	1.269
19.157	8.268	4.396	14.630	5.019	8.018	-6.604	-6.587	3.546	0.399	1.537	4.031
9.376	0.751	4.726	16.195	8.709	7.822	-6.709	-8.104	2.015	2.547	14.402	2.340
9.986	2.370	3.101	18.396	6.853	6.384	-6.727	-7.674	1.977	1.902	15.239	0.417
10.215	2.173	2.903	11.622	2.158	3.114	-6.601	-6.442	3.181	4.119	0.397	0.405
3.792	8.688	0.123	2.356	8.264	7.855	-7.412	-5.141	0.317	1.852	2.190	1.108
6.260	6.363	0.590	6.719	0.472	3.238	-7.418	-8.233	0.030	3.725	18.026	2.319
8.833	8.997	3.579	6.902	4.080	2.783	-5.912	-5.028	2.155	4.845	15.792	2.290
12.952	2.096	0.804	9.075	4.721	7.567	-5.560	-6.877	1.828	1.440	11.997	4.011
9.386	3.968	3.473	8.787	8.932	9.154	-6.268	-7.400	2.313	2.371	7.797	4.969
9.697	3.146	4.746	19.226	1.431	5.874	-8.234	-7.247	1.860	1.407	1.452	0.605
10.044	7.385	1.021	13.888	4.918	3.632	-7.774	-7.317	3.785	3.902	14.738	1.929
4.331	2.761	4.880	15.004	8.845	9.367	-6.148	-6.466	3.507	1.843	15.718	1.132
4.775	8.594	2.409	5.329	1.061	0.911	-4.026	-7.828	4.739	4.410	15.003	0.555
0.650	0.615	1.135	7.234	3.044	9.994	-7.937	-6.489	4.347	4.520	11.947	1.283
1.877	0.839	4.666	4.006	8.139	4.615	-5.136	-8.626	3.816	0.046	19.193	1.539
16.361	2.991	4.811	12.098	4.499	2.037	-6.394	-6.862	4.566	0.435	1.113	2.839
12.949	3.270	1.095	2.791	0.696	8.463	-8.024	-7.067	4.830	0.649	14.204	0.194
3.128	2.676	3.144	18.556	1.503	2.244	-6.601	-6.196	3.967	4.811	15.919	3.638
3.162	7.404	3.088	1.325	6.802	1.197	-6.625	-5.037	4.227	0.858	9.870	0.881
4.323	9.556	3.190	19.009	5.676	1.492	-8.692	-6.909	2.947	0.950	19.204	1.654
8.421	3.275	1.956	8.173	0.856	8.836	-6.854	-6.839	4.678	3.054	14.728	4.262
8.489	2.105	4.876	9.044	7.093	4.790	-7.663	-5.921	1.856	1.224	16.809	4.265
4.066	3.195	3.408	9.177	0.480	2.235	-7.915	-7.714	0.553	3.467	0.583	4.256
0.032	0.147	4.220	14.685	5.414	4.401	-6.218	-7.362	3.639	3.856	17.002	0.184
18.502	1.694	3.456	1.556	8.024	6.965	-6.567	-6.664	1.691	2.670	18.181	3.946
4.046	9.600	3.180	14.830	8.545	2.405	-7.580	-6.434	2.898	0.965	8.267	1.257
8.142	4.260	1.867	12.418	7.280	5.503	-6.635	-6.390	4.535	0.309	8.828	1.565
2.534	9.758	4.343	15.852	5.326	2.428	-7.317	-8.177	1.879	1.156	19.332	0.936
1.967	6.348	0.482	18.658	1.901	9.887	-6.069	-6.321	3.983	2.357	16.813	3.351
14.646	3.253	4.509	10.108	8.875	9.684	-6.623	-7.789	2.809	3.836	3.359	3.795
11.751	0.586	4.643	17.987	0.103	8.428	-7.800	-7.183	2.419	4.349	15.070	2.047
8.203	0.588	1.032	2.805	2.748	8.793	-9.016	-8.396	2.116	1.774	5.636	0.808
3.947	2.714	1.621	6.590	5.888	9.449	-4.858	-7.552	2.370	0.060	15.954	2.974
9.043	6.127	4.241	0.622	2.153	6.988	-6.913	-6.873	3.405	0.979	4.815	0.775
1.069	5.663	4.468	16.697	6.475	8.048	-6.933	-5.634	4.376	2.736	10.001	0.051
0.195	4.852	3.582	5.842	5.006	2.620	-5.345	-7.358	3.469	3.252	15.799	1.173
6.211	5.205	1.904	13.626	4.677	8.067	-5.338	-8.083	3.722	0.950	4.065	2.089
14.025	7.533	3.106	13.319	0.179	0.946	-6.139	-7.416	1.838	4.855	7.201	0.121
16.886	6.554	2.046	6.030	9.728	7.308	-6.946	-6.357	1.910	3.207	7.103	0.082
15.664	8.086	0.417	16.630	7.617	8.811	-5.977	-6.689	0.851	1.066	4.674	4.355
3.965	5.600	3.138	8.212	2.235	5.752	-4.828	-7.927	0.492	4.025	18.815	4.931
19.730	6.340	4.913	12.607	5.771	3.785	-6.307	-7.249	2.811	0.831	13.902	2.451
4.834	6.073	1.407	12.978	0.050	9.049	-6.589	-6.657	2.563	2.643	5.463	3.098
16.625	1.004	0.658	8.013	9.641	9.651	-6.310	-6.927	4.364	4.868	1.758	1.988
13.520	0.592	4.467	10.410	9.133	6.711	-8.138	-8.072	2.866	3.301	15.345	0.825
0.169	0.126	0.010	13.676	0.276	1.668	-7.029	-9.982	3.928	4.539	8.076	1.483
5.417	7.461	4.977	4.508	4.932	1.393	-6.422	-7.548	1.772	4.527	7.506	1.074
15.561	3.222	3.511	9.463	0.113	1.829	-7.217	-6.696	3.204	2.786	14.619	3.602
1.161	1.276	1.501	18.068	5.245	6.489	-8.031	-8.813	0.734	0.142	10.021	1.204
6.585	3.268	0.991	12.155	2.547	9.301	-4.951	-6.548	4.246	2.491	13.820	3.677
9.036	2.073	0.743	2.153	2.598	9.258	-7.591	-6.785	4.578	4.161	10.674	0.200
2.235	1.866	2.972	18.735	6.735	6.285	-6.997	-6.801	0.948	1.670	1.885	4.982
7.855	7.422	4.142	13.477	8.864	6.066	-5.868	-6.758	4.936	1.763	1.414	1.133
0.297	3.771	1.822	17.744	5.526	1.928	-6.818	-5.401	4.613	3.468	18.020	1.815
7.485	3.896	0.555	2.038	6.037	1.452	-8.073	-6.689	4.965	4.145	16.355	1.541
10.601	7.593	3.513	16.680	6.664	2.933	-6.181	-7.154	3.041	4.689	9.690	2.871
11.326	1.922	0.774	18.049	5.345	9.916	-8.876	-5.179	4.930	4.038	19.133	4.861
18.446	2.924	3.905	4.332	0.558	0.254	-7.928	-6.340	0.380	2.079	4.612	4.712
18.882	9.672	3.529	12.672	2.888	8.900	9.229	6.302	4.114	4.296	3.009	8.960
18.021	4.440	3.965	1.395	9.078	2.555	11.368	6.111	3.392	1.556	4.639	12.035
6.958	6.196	3.250	4.177	4.942	3.550	10.618	0.394	2.209	4.349	19.480	10.501
0.756	6.753	2.326	8.961	6.296	1.541	12.699	0.579	1.780	2.732	15.110	10.199
7.530	1.268	3.813	2.956	3.871	5.269	11.622	6.840	1.044	0.846	19.679	10.300
1.480	3.890	4.664	15.944	0.209	6.564	10.307	6.020	0.726	2.414	13.379	10.990
15.907	5.113	4.637	0.404	4.706	2.808	11.457	3.014	4.762	0.627	9.259	11.593
13.756	3.258	0.431	8.618	8.162	0.114	11.928	0.793	2.186	4.452	9.928	10.225
1.302	6.232	4.059	8.226	4.043	9.974	10.416	9.581	3.124	2.235	15.395	10.662
1.425	0.983	3.203	9.631	9.535	9.744	10.617	4.085	2.466	1.637	10.162	11.534
12.505	8.185	4.551	7.711	0.883	5.708	11.118	6.473	0.777	0.403	9.002	11.737
18.548	4.996	3.945	0.918	6.197	2.399	10.148	4.149	4.165	3.128	14.453	12.156
4.960	7.273	2.197	18.872	8.955	1.651	10.233	6.780	4.211	2.147	3.759	12.241
12.751	8.537	0.378	17.785	1.179	2.880	10.755	5.956	2.272	1.487	19.363	9.059
19.606	4.030	2.659	8.075	2.811	6.663	11.526	6.372	0.054	1.512	11.308	11.142
5.674	8.297	3.304	11.189	4.291	4.834	11.396	8.305	0.322	0.419	14.162	11.631
10.333	9.052	1.501	2.689	8.869	6.705	12.271	3.154	1.105	4.138	3.874	12.461
2.159	7.452	2.771	19.163	1.702	9.263	10.189	3.769	1.613	4.576	1.253	10.055
17.303	2.989	0.216	17.192	0.681	7.931	9.510	7.881	4.295	3.432	15.820	11.893
12.476	3.402	2.496	19.104	5.353	5.920	12.176	4.690	0.446	4.104	3.539	11.009
13.251	2.550	4.137	16.145	6.544	1.909	11.641	9.201	3.399	2.653	1.175	11.141
19.037	7.724	2.585	3.063	0.797	5.352	11.245	8.256	1.232	3.128	8.205	11.653
1.720	4.545	0.669	16.895	9.218	1.536	11.317	5.936	4.660	0.627	14.731	11.588
3.662	3.722	0.554	19.601	9.530	2.929	12.051	8.523	1.984	0.218	7.040	10.953
2.881	4.906	1.788	1.220	9.447	9.654	11.359	2.012	0.512	1.077	2.577	10.822
11.006	5.761	2.096	8.988	6.365	2.905	9.815	4.429	1.883	0.182	19.663	11.582
7.109	3.596	0.407	3.872	6.065	5.217	11.181	6.379	2.578	3.909	3.614	11.007
3.554	5.047	4.440	3.164	8.005	8.980	9.319	2.906	3.629	3.957	3.698	9.865
0.225	0.223	3.548	13.196	5.200	2.097	10.213	6.760	1.637	4.050	19.483	12.414
10.980	0.461	3.925	3.706	9.136	2.378	10.399	7.531	3.941	2.846	0.170	10.459
16.801	5.517	4.512	0.431	5.379	5.230	11.578	2.112	0.722	4.044	10.064	11.862
11.220	0.237	0.985	6.369	1.254	9.937	11.664	3.398	0.515	1.944	19.647	11.188
0.511	4.234	1.441	19.328	2.679	9.090	12.458	6.030	3.562	3.352	3.542	12.242
17.225	7.991	1.025	1.597	5.386	7.865	12.857	0.756	3.574	1.126	5.813	11.393
7.803	8.693	3.751	16.939	7.482	1.075	8.482	4.839	3.345	1.658	0.641	11.217
4.154	8.279	4.713	12.072	8.404	0.245	10.597	6.134	4.442	3.418	7.568	11.184
9.216	0.550	3.415	14.562	8.724	7.234	9.408	9.564	3.922	3.349	4.871	11.023
8.232	2.414	3.104	7.287	0.241	0.807	11.027	3.763	3.048	3.209	19.421	10.442
15.452	9.150	1.816	19.179	0.851	8.313	9.290	4.782	3.568	0.723	6.441	11.816
15.173	3.454	2.545	11.838	2.060	5.562	9.729	4.265	2.266	4.341	17.489	10.763
3.588	1.816	0.164	18.533	5.390	3.430	11.402	8.733	3.296	4.251	7.108	10.177
2.284	6.727	4.230	18.099	2.184	3.069	9.371	9.495	0.493	4.816	10.627	10.276
11.506	7.404	1.776	7.337	7.123	6.442	12.364	6.995	0.086	1.203	7.160	11.514
4.211	9.066	1.760	14.718	2.055	4.712	12.794	3.585	1.055	3.900	3.291	11.812
17.194	8.144	4.890	6.744	7.885	1.191	9.497	0.954	1.302	1.950	17.163	12.703
9.798	8.906	3.760	16.657	9.661	2.896	11.707	4.753	4.342	1.547	16.853	11.135
14.841	6.013	1.981	5.750	6.203	8.368	11.452	7.623	2.607	0.424	4.857	10.226
6.775	0.440	2.753	3.574	1.865	6.741	9.348	4.568	1.926	4.456	13.441	9.765
9.984	1.900	3.905	18.488	5.730	3.464	10.487	4.333	0.520	2.378	3.421	10.904
15.033	3.630	0.486	4.220	4.037	1.062	12.626	0.250	2.059	1.511	6.062	10.111
5.236	9.701	4.439	14.510	1.293	5.224	10.256	2.107	0.489	2.151	5.133	9.939
11.305	8.717	2.609	1.378	7.930	4.056	11.634	5.885	4.146	3.805	10.864	10.197
5.311	8.893	2.950	10.820	6.898	6.388	10.921	8.807	4.990	1.776	16.166	11.194
5.874	8.575	1.627	3.364	4.228	0.713	12.028	1.100	0.893	2.417	6.697	12.378
13.337	4.240	3.243	15.892	7.678	3.959	12.396	2.287	1.736	2.252	15.514	11.858
18.472	3.039	2.592	10.763	5.856	0.620	11.227	6.877	0.869	0.580	17.339	12.698
16.054	9.016	4.636	6.812	5.262	9.162	10.970	3.067	4.861	4.102	10.890	11.084
0.321	0.268	2.784	19.878	0.421	6.582	10.141	2.992	2.999	1.143	8.203	11.252
14.661	8.589	3.342	16.553	5.640	4.997	8.992	9.002	1.272	3.216	15.252	10.916
18.012	1.562	4.241	14.813	1.604	0.264	10.630	9.993	4.024	2.507	17.236	11.319
2.895	1.984	2.734	3.715	7.320	5.160	9.410	5.836	3.371	0.105	16.816	10.416
17.640	0.347	0.966	3.486	1.803	0.989	10.646	8.436	1.177	0.152	6.669	11.974
2.528	7.894	2.436	4.618	8.271	3.037	10.294	2.937	2.805	3.153	6.214	9.614
10.036	4.421	3.638	0.500	9.724	3.410	13.794	0.026	0.858	3.923	5.259	11.164
15.674	0.085	3.816	15.888	9.757	9.717	11.534	3.560	1.649	3.313	10.370	10.121
16.377	4.025	0.843	15.130	1.703	5.088	9.996	0.589	0.495	3.277	10.073	10.170
8.197	4.501	0.506	9.108	9.275	2.112	11.125	9.379	2.894	3.070	12.390	10.726
8.594	5.157	2.519	5.218	2.930	9.585	10.574	2.637	3.918	2.573	2.223	11.012
19.442	2.244	1.869	12.144	3.247	5.355	10.802	1.665	4.552	4.293	11.924	11.841
18.290	9.551	2.880	6.762	1.293	8.954	9.487	2.584	0.175	4.840	10.674	9.516
14.583	6.692	1.552	18.996	5.076	9.584	10.569	7.759	2.494	1.789	12.613	11.340
6.975	1.358	4.215	13.051	3.694	5.977	13.873	9.282	2.113	2.639	2.810	8.957
2.162	3.987	2.320	18.216	3.317	8.774	14.453	3.456	1.244	4.780	7.764	11.142
17.056	6.891	3.375	3.935	7.225	5.288	11.808	3.374	2.416	4.193	17.883	11.425
18.114	7.975	3.661	5.586	2.442	8.090	12.619	0.562	3.881	1.696	12.883	11.584
1.022	9.100	0.943	5.136	8.435	7.325	11.139	7.284	2.307	3.132	9.215	10.256
18.882	4.996	4.180	6.102	1.890	8.614	10.295	8.533	1.061	1.741	9.729	10.567
4.498	3.917	3.805	2.347	3.967	7.056	10.817	6.308	1.339	3.743	11.300	10.718
15.478	0.929	3.898	3.341	6.607	5.942	10.291	2.993	3.562	0.237	4.412	12.055
15.111	8.728	1.006	9.020	4.205	8.862	11.368	1.743	4.439	0.781	8.095	11.350
16.166	1.522	2.025	5.898	2.356	7.333	11.185	1.487	1.424	2.345	4.397	11.067
9.039	2.597	3.700	4.062	5.407	9.380	10.755	1.686	1.939	4.499	9.298	12.808
1.600	9.975	1.595	16.406	6.484	0.712	13.068	6.590	3.676	1.162	13.919	10.772
5.939	2.138	1.120	18.220	5.497	2.958	10.743	9.687	1.416	4.710	8.881	11.001
12.572	3.613	3.712	1.262	5.162	0.186	10.394	6.138	4.077	2.425	12.031	13.231
12.081	7.208	2.208	17.931	1.999	8.949	10.388	6.589	3.517	0.104	19.120	10.928
0.493	2.609	1.984	1.905	9.677	1.932	10.977	3.945	4.172	0.965	0.823	13.719
9.562	4.036	0.277	4.312	7.962	6.142	12.302	7.563	3.108	0.213	1.901	10.913
5.754	2.171	4.230	16.909	4.767	5.604	10.949	0.620	1.292	2.154	2.553	11.372
1.782	0.453	1.242	3.273	6.255	9.655	10.775	2.788	2.482	1.309	18.427	12.624
5.284	8.738	2.266	15.997	8.654	2.029	12.085	9.515	1.718	4.679	16.388	11.529
19.617	3.682	4.595	17.450	1.543	5.316	11.989	2.623	0.248	0.455	4.398	10.667
15.596	8.203	3.192	1.520	1.764	4.856	9.854	7.299	4.966	4.642	10.001	11.611
0.505	7.698	2.950	2.540	9.989	9.573	11.829	8.063	2.020	0.115	2.543	10.114
15.206	6.085	1.299	17.372	5.729	1.421	10.478	4.867	4.129	0.017	13.001	11.457
17.208	9.183	2.586	1.742	5.746	7.833	11.200	3.094	1.338	4.760	9.690	11.018
9.159	8.216	1.980	3.533	0.204	7.287	11.549	3.627	2.287	1.480	10.142	13.263
17.514	1.862	1.022	13.727	3.100	3.889	12.004	0.755	4.833	2.468	18.034	11.408
18.537	2.077	0.889	5.059	5.553	6.014	10.022	7.459	2.801	0.432	4.764	10.889
19.212	0.099	0.899	11.736	7.405	0.252	11.205	6.933	3.152	3.689	2.435	9.774
17.596	0.688	2.650	5.808	2.835	3.319	11.154	3.109	4.168	2.952	2.019	11.926
3.001	6.620	0.713	9.492	6.490	3.248	8.450	3.160	4.683	4.734	17.677	12.257
6.567	6.827	0.310	16.358	8.844	0.319	12.169	6.169	4.637	3.247	4.284	11.056
2.024	4.620	2.162	3.940	1.519	1.898	12.493	9.853	4.111	4.940	1.292	12.645
12.856	0.502	1.385	15.660	2.253	5.991	9.155	9.535	4.668	2.506	0.928	10.943
4.299	1.062	4.393	6.395	5.454	7.930	10.938	7.428	2.841	4.909	8.493	11.831
1.958	7.893	3.340	1.278	8.956	4.914	10.319	8.541	0.695	1.799	0.907	11.401
17.800	8.945	0.289	6.616	7.851	2.512	10.822	2.551	1.157	4.482	6.749	10.594
3.255	2.337	1.340	13.579	3.272	9.490	12.767	6.529	0.665	3.426	2.962	12.096
16.665	0.866	2.467	13.600	0.385	0.707	9.979	0.783	0.704	4.435	2.262	10.602
15.610	1.248	0.339	7.243	3.647	0.961	11.185	0.892	3.880	4.560	14.559	12.729
9.605	6.128	0.620	14.634	1.965	2.100	12.543	2.448	3.662	1.843	7.704	11.564
11.296	2.313	3.461	1.728	2.933	8.217	10.087	2.667	0.731	2.709	18.466	10.148
18.098	9.276	2.901	16.642	1.297	8.642	11.129	3.649	4.782	1.089	15.796	10.025
16.178	4.787	3.946	2.207	6.718	6.155	12.149	9.870	0.128	1.434	12.112	12.203
19.708	9.633	0.722	11.167	5.349	5.013	11.124	8.838	0.337	2.144	19.224	11.117
5.467	0.369	0.247	10.848	2.391	1.345	11.053	1.168	0.858	1.462	12.201	11.376
3.643	3.864	4.170	3.247	2.730	4.857	12.199	4.676	4.935	3.005	7.943	12.412
15.915	1.976	2.770	5.099	1.108	8.159	9.747	1.390	2.972	3.866	18.288	12.103
14.715	1.080	1.508	11.488	9.077	1.176	11.210	9.304	0.561	1.218	3.435	10.524
0.370	5.059	2.924	4.532	3.483	1.356	10.073	0.649	1.535	3.525	4.473	9.067
1.973	8.468	1.017	14.959	7.644	5.247	11.912	8.150	1.494	4.162	7.805	10.468
14.583	8.374	4.181	15.394	1.765	7.418	10.686	5.781	4.686	3.804	0.931	9.808
10.933	7.664	2.104	10.494	8.134	3.470	11.440	9.904	3.869	1.244	0.610	10.845
10.320	3.519	0.009	5.505	5.226	4.370	11.878	9.849	3.956	0.436	2.296	10.928
14.188	0.801	1.802	11.052	9.161	0.949	13.021	8.448	2.177	3.155	10.252	11.665
6.571	8.845	1.817	10.517	5.036	3.823	10.115	4.311	3.024	3.483	6.775	11.456
16.777	1.021	2.565	9.304	5.903	2.915	8.448	5.004	2.313	4.546	17.835	10.111
7.177	7.951	2.212	19.586	5.712	9.873	12.260	6.048	0.355	2.525	5.061	10.018
9.565	9.700	0.542	19.046	9.206	1.603	11.356	2.760	3.475	2.100	11.057	11.361
2.254	4.327	0.567	4.409	5.898	1.230	9.946	6.379	1.669	3.699	4.912	11.100
0.671	0.528	3.043	14.218	5.547	0.384	12.192	1.753	2.617	1.536	13.105	10.647
11.669	1.000	3.501	8.373	2.884	3.915	13.644	0.587	1.434	3.802	9.208	11.614
16.643	1.173	3.357	8.154	1.706	0.529	11.308	7.918	1.256	2.523	13.352	9.942
12.818	8.527	1.123	14.033	0.281	9.169	10.550	2.648	2.020	4.086	11.838	10.515
10.026	8.506	4.030	18.640	3.904	6.917	11.623	7.606	1.712	0.146	7.408	11.591
1.579	6.095	2.368	13.654	1.796	4.741	10.697	6.838	4.372	0.283	11.745	10.299
16.138	8.848	2.746	12.556	5.844	3.987	11.613	0.740	3.979	3.602	5.440	12.035
5.308	1.785	1.170	6.150	2.957	6.552	10.855	6.993	1.798	4.853	12.852	9.804
12.829	3.362	3.446	2.446	5.545	0.626	10.992	9.339	3.089	1.796	10.359	10.835
11.814	4.832	0.902	7.947	2.863	0.568	10.276	1.345	1.060	2.514	17.001	9.240
1.913	6.490	2.237	5.954	5.621	8.107	9.655	4.825	2.072	3.242	6.758	10.908
11.761	6.119	2.362	18.448	1.350	3.973	12.330	9.800	2.550	2.718	5.519	11.362
14.967	7.043	0.038	8.746	3.926	2.446	8.786	3.502	0.047	2.814	1.800	11.499
3.341	8.831	0.934	18.454	3.839	7.781	9.744	4.373	3.523	2.924	17.462	10.286
11.925	7.110	0.509	11.469	4.888	3.920	10.079	0.006	1.928	0.411	4.674	10.739
14.956	4.263	4.866	16.550	6.190	8.780	11.182	3.058	4.817	3.945	18.816	11.114
7.478	0.685	1.504	14.827	8.486	3.866	8.931	9.673	2.410	0.249	11.294	11.808
0.283	1.227	1.666	6.181	3.347	6.337	10.534	2.192	3.958	1.764	16.869	11.774
17.947	8.023	4.343	6.765	3.887	7.590	10.969	6.357	2.125	0.736	2.001	10.661
4.421	0.010	2.964	0.681	5.780	5.005	10.517	0.153	0.363	1.943	15.392	11.392
12.289	5.464	3.983	6.214	9.388	2.332	10.968	1.126	2.652	2.085	7.592	12.777
19.136	6.858	3.159	8.386	2.752	1.690	10.690	8.056	1.311	1.133	0.425	11.876
13.262	6.902	4.728	6.636	7.320	5.294	10.611	2.225	3.885	0.739	16.362	8.668
5.437	2.567	4.740	15.809	6.790	0.080	12.720	8.337	3.115	3.218	0.726	10.851
5.770	7.246	4.704	7.294	1.148	6.962	10.724	5.947	3.947	4.414	1.888	10.631
7.315	8.718	3.592	12.077	4.642	8.234	9.862	8.786	1.736	4.268	4.083	10.320
5.985	7.233	1.726	3.311	7.362	7.590	9.766	1.626	3.309	2.750	16.628	11.289
5.019	3.614	3.284	18.858	9.601	4.799	12.483	8.219	3.006	4.516	5.721	11.084
12.080	9.937	0.812	12.992	0.475	4.620	11.394	9.000	2.594	1.763	6.455	11.651
17.538	6.511	0.393	1.678	4.497	2.406	10.431	1.111	3.658	1.288	13.626	10.858
4.197	3.358	0.836	15.509	6.201	2.821	10.513	9.444	4.693	4.434	17.949	9.202
9.505	0.495	4.033	5.381	8.608	8.520	11.841	3.909	2.101	0.005	10.193	13.962
1.565	6.201	0.607	19.218	5.655	0.398	8.961	7.749	4.677	4.791	8.246	8.442
14.963	6.467	3.708	16.213	5.672	8.808	10.615	9.643	4.461	4.251	2.517	10.724
11.208	7.649	1.512	10.303	7.885	6.756	10.481	9.845	3.835	2.199	7.409	12.199
15.469	6.906	4.546	5.876	0.936	8.905	11.238	3.619	3.879	4.779	9.505	11.062
17.062	4.315	4.850	16.599	4.527	0.999	10.852	5.792	1.985	0.960	0.420	11.847
7.426	0.930	0.899	5.217	8.237	7.338	11.971	4.907	3.218	3.113	3.566	10.835
6.402	8.276	1.611	19.067	3.541	6.514	11.968	1.367	0.056	0.481	5.439	13.003
15.167	7.916	0.074	18.921	3.708	2.861	11.179	6.743	0.600	1.135	2.099	11.052
15.726	3.351	3.392	19.694	1.833	4.404	11.110	0.307	3.544	0.484	12.525	12.168
13.066	4.926	1.694	11.319	5.908	0.021	11.200	8.122	0.267	2.385	16.246	9.861
13.184	7.275	0.402	2.124	8.053	1.172	11.895	7.739	1.700	2.391	6.799	10.703
12.376	2.641	2.206	2.269	5.548	2.539	11.114	2.160	1.645	4.527	19.796	11.475
12.375	4.163	2.399	15.595	7.864	9.217	12.340	8.880	4.412	0.597	9.208	10.588
5.320	1.048	2.358	7.713	6.928	8.343	10.949	2.062	4.548	1.102	6.091	12.163
3.717	0.945	1.705	11.657	2.414	9.315	11.040	7.231	0.916	3.667	13.716	11.020
8.952	3.102	2.313	17.317	1.457	1.591	10.922	9.785	2.638	2.235	11.811	11.360
7.290	8.820	0.454	11.736	1.879	5.209	11.347	3.054	3.393	0.113	8.890	11.552
3.308	3.077	3.587	10.715	5.778	3.245	11.192	4.669	3.627	2.128	19.758	10.612
13.190	2.515	1.971	7.810	0.212	2.218	11.033	1.063	1.405	4.975	12.045	9.709
0.620	0.335	1.823	13.837	0.371	1.074	9.600	2.873	3.717	2.581	17.909	10.868
0.408	3.275	2.494	14.782	2.363	8.615	11.755	3.170	3.312	1.293	16.939	10.300
19.955	9.386	2.004	4.134	0.981	9.182	10.126	3.697	1.696	1.445	5.039	11.344
15.108	5.556	4.982	1.329	3.221	9.597	12.126	9.337	4.515	0.030	8.926	12.062
16.476	1.264	2.758	12.856	3.134	2.889	10.646	7.633	2.250	3.689	2.622	9.820
9.581	6.629	3.403	11.738	8.246	8.849	10.689	9.420	0.138	3.603	3.941	10.864
4.709	0.815	3.948	3.898	6.128	0.073	12.355	7.853	0.148	1.820	10.464	9.103
10.875	9.898	3.636	2.083	3.994	0.585	11.431	7.647	1.635	2.067	18.379	12.230
14.143	6.423	1.623	8.745	1.008	1.180	11.444	7.943	2.521	1.584	6.042	11.939
13.292	4.315	1.871	3.746	7.796	8.880	11.921	6.819	2.408	0.208	8.149	10.151
0.482	4.818	0.580	12.646	4.199	7.610	12.578	3.045	3.467	4.768	6.832	10.492
12.843	3.766	4.878	9.519	5.064	2.273	10.291	8.435	1.510	2.114	6.574	11.366
15.174	4.322	0.603	9.283	4.283	1.891	10.830	1.492	4.842	1.914	14.363	9.879
8.218	7.665	3.258	12.542	8.191	2.583	9.377	6.191	4.165	4.930	9.213	11.751
8.545	0.327	3.795	7.532	7.589	6.229	9.559	2.205	4.709	3.008	11.085	11.247
1.989	7.109	1.906	14.748	6.054	4.730	9.877	2.448	4.726	1.163	2.309	12.085
8.599	8.893	4.730	5.797	5.570	1.669	9.046	4.276	3.989	0.540	14.344	11.132
19.022	4.434	3.783	19.884	4.916	5.522	11.405	2.367	2.133	3.247	19.330	10.462
7.617	1.140	2.712	1.396	6.619	2.023	8.707	6.461	4.116	2.864	14.886	10.477
12.493	1.097	4.851	12.954	9.135	4.029	11.466	7.686	3.331	4.089	17.808	9.898
9.222	8.365	3.934	5.353	1.392	2.216	10.574	3.343	3.413	3.075	10.207	11.241
14.656	5.981	3.823	5.902	1.031	4.966	11.301	2.034	1.223	2.972	7.156	10.202
1.614	2.128	1.499	1.060	1.190	8.820	10.587	9.506	3.102	0.415	12.786	10.958
7.323	5.320	4.490	16.002	1.239	8.436	9.551	2.465	2.310	1.254	16.761	11.993
13.808	4.166	0.541	2.545	7.214	3.223	11.325	3.154	1.072	2.467	19.826	11.685
4.044	0.598	2.036	16.349	0.040	0.957	10.477	0.793	4.976	0.757	13.549	8.619
13.751	4.806	3.989	6.001	7.300	0.568	11.271	4.386	2.856	0.885	17.955	11.292
4.885	5.738	4.721	15.380	7.569	5.445	11.517	8.799	3.609	3.351	11.972	12.819
12.083	1.432	3.518	0.108	1.829	1.316	13.305	1.077	4.830	2.031	15.106	11.730
4.165	6.089	0.436	11.468	8.422	3.363	9.343	0.668	1.152	2.826	7.424	9.976
9.901	9.660	0.837	11.421	5.824	8.643	11.017	8.630	2.123	1.935	9.876	8.878
14.897	4.416	1.877	7.588	6.833	0.964	10.453	4.232	2.743	4.526	10.543	9.606
5.446	5.439	3.723	5.573	7.551	7.747	11.735	3.380	3.186	1.336	11.191	10.676
16.451	8.491	4.906	12.754	8.746	4.997	9.757	5.611	2.730	4.449	1.834	12.711
2.076	1.684	4.895	6.314	1.093	8.270	12.247	4.629	1.120	0.600	1.558	10.596
19.289	9.909	1.152	7.983	1.994	3.252	10.125	4.847	2.050	2.601	16.050	11.540
8.682	0.875	0.465	9.909	8.292	3.435	11.775	2.302	0.042	2.714	7.069	9.747
7.153	8.756	1.274	3.913	8.070	8.271	12.249	5.437	0.454	3.868	13.787	11.770
3.453	3.873	0.555	8.843	3.771	8.550	11.527	1.267	1.485	1.808	19.096	9.307
11.960	8.589	2.953	13.725	9.817	7.911	11.658	3.091	1.285	2.259	7.712	10.165
6.271	6.412	3.813	7.109	6.189	0.260	10.714	1.502	2.537	0.630	17.434	9.608
1.120	6.691	3.194	15.303	5.758	9.602	9.489	4.983	0.226	4.608	5.481	10.069
0.174	4.269	2.051	19.861	0.330	1.388	11.026	9.008	0.996	3.805	11.607	13.022
3.496	3.563	2.790	17.407	2.047	7.976	13.069	1.601	2.164	4.376	17.764	11.388
17.877	1.680	0.327	6.685	0.015	5.461	9.966	6.660	1.391	1.555	10.358	10.779
16.591	5.336	1.641	12.635	3.905	5.445	10.726	1.189	2.034	2.007	4.208	11.018
13.753	1.377	1.076	1.059	8.354	0.170	13.709	9.189	2.098	4.396	0.515	11.805
17.693	3.823	3.288	19.816	4.080	4.390	11.193	6.515	3.214	2.699	7.107	10.255
12.560	8.008	0.958	1.830	9.619	0.377	11.568	6.908	2.939	4.472	8.564	11.431
19.631	8.296	1.455	16.074	6.310	8.767	12.998	6.492	0.355	1.948	17.776	11.203
5.567	4.826	3.754	0.511	2.629	0.448	10.610	6.497	1.187	1.984	18.573	10.581
17.645	4.993	1.438	9.312	1.963	8.229	11.263	6.462	4.017	4.418	15.490	11.744
7.648	9.239	0.942	1.396	8.690	6.663	11.265	5.335	4.551	0.288	19.286	10.432
12.847	9.980	0.731	5.209	2.122	3.895	10.954	1.606	0.497	4.354	17.934	11.409
10.974	8.684	0.089	8.069	9.060	3.706	11.002	2.010	0.791	3.230	8.734	10.533
5.145	0.012	3.431	7.447	7.814	0.541	11.811	7.157	3.475	4.122	6.237	9.746
10.484	4.941	1.974	14.193	2.172	8.766	8.967	8.532	2.744	2.035	11.437	11.235
17.975	9.337	3.484	6.365	7.543	0.554	10.343	8.160	2.674	0.928	19.467	12.103
2.208	7.426	0.512	10.280	8.980	8.362	10.888	1.005	1.868	2.985	12.431	12.799
1.664	9.190	2.854	7.787	9.638	7.051	9.894	0.042	3.829	3.200	18.543	10.313
4.031	4.048	0.245	7.430	5.645	7.346	11.612	4.920	3.132	4.702	5.545	12.665
18.447	2.279	3.918	11.514	4.341	8.147	11.370	1.486	2.661	0.689	7.198	10.081
16.714	9.702	4.611	9.115	9.351	9.601	10.073	5.583	2.960	3.358	16.041	12.371
1.419	9.550	3.272	14.834	9.843	7.838	10.766	5.363	0.568	0.305	1.583	9.254
19.061	4.658	1.565	1.613	3.242	6.312	10.292	9.805	1.731	3.060	12.089	10.840
2.153	1.847	4.999	4.370	6.864	4.761	11.384	9.245	3.227	3.439	11.722	11.445
14.510	4.021	2.756	8.724	7.152	8.438	10.237	7.780	1.034	1.249	18.546	10.676
14.173	9.596	4.742	4.230	2.179	6.922	12.229	1.658	2.564	1.957	10.266	10.771
