1.742	9.173	8.898	9.479	-0.563	4.839	1.610	0.925	1.689	8.766	0.223	4.468
15.560	13.618	0.872	8.803	-0.766	14.613	0.647	1.035	1.908	5.940	2.496	1.629
16.371	11.340	5.819	7.052	-0.212	14.372	0.927	-0.250	-0.401	9.367	1.804	0.526
3.568	12.696	6.354	9.817	-2.057	14.837	0.064	-1.598	-0.201	4.869	3.829	3.360
19.187	19.973	8.586	8.005	-1.727	18.268	-1.234	0.914	0.652	7.742	0.462	3.239
11.888	10.492	2.739	7.478	0.440	14.689	0.294	0.231	0.753	7.140	1.259	1.997
6.119	18.019	0.005	6.055	-0.119	4.356	-1.317	0.864	-1.328	5.778	3.234	1.034
16.973	18.254	7.731	8.822	-0.183	16.450	-1.874	0.703	1.182	7.981	4.997	2.636
10.013	9.581	9.699	7.300	-2.028	10.194	0.457	-1.190	0.854	9.196	1.471	3.649
3.463	9.578	9.902	5.950	-0.098	8.313	0.602	0.797	-0.888	3.735	2.232	1.443
17.396	6.904	9.604	8.614	0.379	9.785	0.772	1.232	0.688	7.830	1.609	4.200
13.164	14.250	0.628	8.443	0.719	13.482	-0.233	1.015	1.697	6.496	2.126	4.161
3.096	11.878	5.493	4.581	0.772	0.688	0.870	-1.319	1.052	6.339	2.850	3.337
5.040	4.005	9.008	3.518	3.026	7.777	-1.025	0.104	0.616	6.379	3.702	2.023
16.520	19.292	7.140	3.432	-2.800	1.520	0.076	-1.926	-2.540	4.293	3.732	3.968
16.417	4.845	0.057	8.329	-0.001	1.350	-1.358	0.844	-2.190	3.801	0.296	3.526
19.946	18.893	2.942	9.602	1.090	1.097	-0.189	0.996	-1.082	5.430	0.162	0.402
1.937	5.676	6.533	1.118	-2.174	9.570	-0.930	-0.826	-0.767	0.094	2.135	0.176
4.797	11.144	8.370	7.846	0.024	4.251	-0.434	1.668	-0.144	5.656	0.929	2.060
19.567	17.622	0.829	4.476	0.850	6.790	1.656	-0.775	-0.208	6.857	3.603	3.043
5.748	11.697	5.130	6.341	-0.851	3.958	0.641	0.851	0.649	4.952	2.205	1.389
12.636	18.588	5.117	3.473	-0.988	15.824	-0.540	-0.712	-1.867	3.551	4.884	3.576
8.724	15.882	3.821	6.020	1.486	5.373	0.943	1.791	-0.100	7.057	3.906	2.064
11.468	15.834	2.302	2.783	-0.498	18.094	-0.607	-2.225	-1.347	5.575	3.306	2.208
6.476	4.003	4.762	5.773	-1.006	10.877	1.035	0.519	1.508	2.599	3.471	2.593
15.372	1.360	1.236	2.374	0.402	0.979	-1.360	1.983	0.918	9.095	1.434	4.340
2.186	10.815	9.591	6.402	-0.315	4.257	0.183	-0.849	-0.209	6.523	2.649	2.002
14.678	18.559	1.671	1.053	0.849	1.206	-0.678	1.263	0.080	5.542	3.887	4.703
10.965	13.261	9.778	7.455	-0.921	3.888	-0.263	0.511	0.317	9.999	0.341	4.765
10.066	11.304	5.158	1.392	0.820	16.132	-0.854	-1.432	-1.329	1.229	4.256	3.798
2.772	7.183	5.200	7.754	1.006	2.636	0.053	1.048	1.189	3.727	2.777	4.674
17.057	0.557	1.705	2.024	-0.508	9.733	0.301	1.789	-2.062	5.156	3.609	4.037
16.424	1.517	1.052	2.796	-0.875	0.383	0.403	-2.379	0.174	4.403	0.670	3.647
10.213	17.444	8.025	9.838	1.279	4.124	-0.817	0.753	-0.511	8.700	3.962	2.205
7.179	7.656	5.654	4.835	-2.628	8.439	1.049	0.649	0.811	7.281	2.067	2.008
2.360	7.203	8.491	7.439	0.427	19.177	-0.608	-1.767	-0.998	2.441	0.430	2.114
3.629	1.434	1.019	6.525	0.756	3.960	-0.341	0.186	0.022	1.114	2.698	3.978
9.636	3.513	9.913	6.803	0.366	5.240	-0.178	0.816	-0.142	4.278	0.384	2.450
19.346	18.897	9.507	9.900	-2.364	7.068	-1.409	-0.394	-0.827	2.255	4.712	2.264
7.090	1.416	0.941	4.742	1.312	1.258	-0.767	-0.269	-1.776	5.237	1.220	3.109
8.338	15.816	5.734	6.710	0.359	17.378	0.973	-1.102	0.114	3.139	2.152	2.521
13.197	6.859	3.746	2.086	-1.214	16.490	0.463	0.551	-0.942	6.397	1.564	3.723
11.549	2.998	3.891	8.293	0.513	16.706	0.928	1.257	-1.625	4.143	0.077	0.761
10.570	18.041	2.821	0.062	-0.710	0.315	-1.645	0.657	-1.752	6.427	3.978	0.643
3.684	11.057	7.957	9.180	0.132	3.386	-0.178	-0.709	-0.372	8.606	2.918	4.834
1.867	11.757	8.286	3.301	-1.561	17.978	2.041	0.727	-0.629	9.660	1.333	1.154
7.129	6.217	6.284	1.779	0.344	2.651	0.611	2.382	1.203	0.029	1.529	3.556
3.060	10.450	5.755	3.566	-1.253	5.820	-2.378	0.415	-0.604	0.306	3.520	1.061
19.353	11.036	8.727	7.194	-0.423	6.363	-0.107	1.682	0.280	1.706	3.934	4.554
15.043	18.673	2.002	7.021	0.168	18.095	0.362	0.395	-0.005	5.500	4.746	2.096
11.998	3.116	8.132	6.631	-0.015	14.856	1.397	0.337	1.143	6.699	2.136	4.495
6.521	16.261	8.331	4.120	0.411	18.066	-0.810	0.462	-0.036	3.930	4.397	1.844
1.911	2.579	4.852	9.112	0.017	13.885	-0.973	-0.013	-0.416	2.881	0.372	2.414
9.254	18.219	0.962	2.814	1.102	17.014	0.253	0.091	0.075	5.693	0.635	4.370
17.440	8.121	3.001	4.215	2.080	9.964	-0.044	-0.840	0.465	9.293	0.795	1.704
12.144	6.633	0.437	2.966	-1.136	0.640	-1.372	0.695	-0.062	4.138	2.994	0.825
10.054	19.656	4.120	0.580	-0.060	1.334	0.958	-0.058	-0.316	6.923	4.577	0.016
8.454	12.786	3.687	6.301	-0.071	15.550	-1.159	0.328	1.504	6.395	1.763	1.165
12.131	19.497	8.189	7.433	-2.069	14.270	-0.215	0.899	0.007	5.009	2.006	2.443
11.759	2.800	9.965	5.784	0.054	10.735	0.685	-1.003	-0.406	6.902	4.193	3.296
9.400	2.839	3.161	4.956	-0.720	5.260	-0.367	-0.493	-2.167	9.076	1.060	0.010
1.545	17.556	6.976	0.394	1.174	4.505	1.820	-0.226	1.146	2.096	0.821	3.529
17.655	8.446	9.403	8.868	-1.969	9.227	-0.670	0.919	0.673	8.156	0.909	4.183
1.049	6.879	6.859	5.932	-0.070	13.056	-0.092	-0.110	-0.014	5.080	2.341	2.067
19.136	1.902	0.184	4.557	-1.470	5.108	0.747	0.979	1.019	9.209	2.009	0.871
2.697	1.382	0.003	4.404	1.660	5.628	-0.826	1.125	0.627	0.412	1.993	0.438
12.586	5.996	8.230	7.199	1.072	14.934	-0.002	1.365	-0.290	3.181	1.172	3.062
18.414	16.956	1.388	5.022	-1.612	11.911	-0.613	-0.079	-0.443	1.844	4.471	3.913
17.613	0.194	7.884	5.635	0.593	5.438	1.316	1.073	-0.064	8.731	0.474	4.345
14.624	15.016	8.846	5.177	0.218	4.222	0.166	0.377	0.063	4.359	3.079	1.876
5.251	13.969	3.981	9.601	1.852	6.203	0.018	-0.631	-0.139	6.227	0.517	4.916
6.466	13.715	6.410	7.463	-0.063	6.033	1.154	-0.363	0.639	9.229	0.610	3.894
3.803	12.587	8.801	2.417	0.207	5.471	-0.268	0.844	-0.221	8.099	0.879	2.860
3.447	7.224	8.685	4.028	-1.742	0.100	0.394	0.378	1.594	8.976	3.899	3.347
4.645	4.930	5.148	6.307	-1.792	2.721	0.539	0.158	-1.115	7.822	2.269	4.506
18.089	12.853	2.807	1.190	-0.847	4.859	-1.421	0.432	-1.764	7.368	2.282	3.295
5.316	11.618	7.692	1.542	1.155	18.596	0.239	-0.931	-0.104	2.335	4.158	0.963
7.810	14.192	0.964	5.636	-0.329	14.058	-0.518	0.230	-0.715	3.955	2.422	3.602
8.141	10.921	0.437	2.086	1.175	6.524	-2.094	-0.461	0.275	1.974	1.819	3.718
0.222	10.039	6.181	2.368	-1.436	2.827	-2.400	0.989	-0.878	8.305	2.687	0.784
2.099	18.420	9.703	3.054	0.640	11.490	-0.667	1.154	0.634	6.866	1.236	3.783
14.328	14.424	2.981	3.855	0.103	19.804	-1.364	-0.113	2.262	3.830	2.900	1.500
4.364	3.350	7.177	2.458	1.009	5.615	0.418	0.587	-0.505	9.216	4.607	1.230
15.157	17.435	5.927	8.395	1.313	10.170	1.145	1.694	1.945	4.812	1.493	0.883
18.691	15.412	6.711	4.245	2.206	18.516	0.711	-0.651	1.617	7.059	3.861	2.986
17.674	6.575	2.830	6.450	-0.227	4.533	-0.999	-0.528	1.431	5.767	0.910	0.902
1.079	17.537	5.722	6.163	-1.008	12.447	0.395	0.636	-0.225	3.340	0.783	0.405
15.775	15.330	1.254	8.560	1.014	12.236	-0.181	-1.345	0.481	0.200	3.474	0.423
13.135	11.474	9.230	0.559	0.098	14.062	1.058	1.503	-0.347	3.831	4.653	0.748
8.077	17.678	0.652	2.732	2.810	18.599	0.268	0.254	0.880	9.024	1.958	0.127
18.921	19.963	1.051	7.051	-1.676	2.688	0.514	-1.754	0.824	4.924	1.346	1.925
5.930	11.543	7.014	5.111	-0.426	8.385	0.264	-0.253	-0.736	0.429	4.594	3.232
12.879	2.394	8.325	0.565	-0.936	5.467	-0.145	0.508	-1.895	5.684	4.479	2.768
2.733	8.605	4.194	5.143	1.563	12.598	-0.171	-0.109	0.606	3.795	3.856	1.862
10.239	18.047	9.299	2.435	0.943	4.132	1.475	1.611	0.455	8.034	4.019	0.909
2.500	5.579	8.240	6.149	-0.262	8.761	-0.544	0.914	0.394	6.704	0.998	3.950
5.466	12.373	5.108	5.368	-0.712	3.377	0.617	-0.092	-1.036	9.485	2.041	1.414
19.352	15.911	6.670	4.340	-0.175	11.537	-0.096	-0.125	0.322	4.875	2.640	3.156
19.910	0.330	9.342	5.661	-1.382	12.064	0.625	-1.065	0.456	8.640	4.001	2.210
2.869	10.679	9.577	6.867	0.667	9.124	-0.679	-0.409	-0.979	7.999	4.192	2.725
0.721	15.524	3.037	0.598	-2.061	15.668	-1.472	2.765	0.102	7.409	1.792	4.175
6.129	0.326	8.103	6.427	0.260	17.449	-0.392	-1.114	0.035	2.662	4.800	3.981
7.854	11.201	3.545	4.999	-1.083	12.369	-0.097	-1.007	1.279	2.511	2.022	3.793
4.258	1.769	1.522	4.051	0.451	1.314	-0.157	1.524	-1.467	5.984	1.504	2.123
14.066	5.390	4.196	3.315	0.237	16.217	-0.929	0.972	-2.357	9.381	4.905	3.964
4.336	1.354	8.625	2.567	0.998	8.129	-0.230	-0.883	2.240	5.778	3.952	3.851
19.928	4.836	7.502	6.892	-0.411	4.460	0.246	0.228	0.906	8.159	2.256	0.397
10.153	11.433	1.418	9.503	-0.890	6.486	-0.321	0.160	0.620	3.941	3.447	0.540
6.985	10.692	9.316	7.263	1.038	1.825	0.510	1.102	-0.779	7.517	2.367	3.929
17.210	13.370	4.963	6.299	0.299	10.511	1.537	-2.043	0.921	7.843	0.606	3.312
9.469	5.027	6.186	0.746	-0.211	6.454	0.773	-1.862	-1.007	5.764	2.182	3.646
15.519	13.198	1.800	0.883	0.976	12.943	1.074	-1.117	1.672	2.530	0.133	1.159
5.953	16.900	1.262	4.744	-0.277	18.123	1.524	0.084	1.302	9.726	1.030	4.180
6.257	1.428	1.575	7.389	1.761	11.254	-0.891	-0.741	-1.203	9.332	0.970	4.008
18.255	3.910	3.033	6.906	0.066	3.611	0.719	2.252	0.491	8.944	4.065	2.426
3.340	10.992	7.519	7.498	-2.652	1.309	-1.737	0.002	-0.658	4.113	0.271	4.918
2.615	6.419	7.506	5.065	-0.186	5.735	-1.085	-0.277	0.208	8.407	1.673	2.378
11.708	17.939	2.724	4.534	-0.267	4.632	-0.289	-0.766	-0.518	3.500	4.544	1.756
14.983	9.373	5.159	8.822	-0.179	8.738	0.555	-0.724	0.689	7.243	3.584	4.944
11.945	13.620	8.237	4.568	0.242	19.172	1.943	1.055	-1.355	5.194	4.818	1.922
5.799	10.885	0.508	8.495	-1.862	19.057	-0.160	1.827	-0.084	4.322	3.675	1.499
19.593	15.278	1.182	4.357	-0.120	12.148	0.610	0.098	-0.152	3.951	0.219	3.214
4.726	17.925	1.166	0.218	0.189	14.237	-0.868	0.184	0.284	1.047	2.473	2.768
18.310	0.612	5.844	3.788	-0.809	13.165	-0.861	1.890	-0.721	0.228	1.320	2.333
12.948	2.788	7.109	2.273	0.264	7.375	-1.145	1.862	1.722	8.868	3.688	3.323
17.298	6.184	2.912	6.026	6.037	2.472	1.141	1.507	1.124	1.819	3.587	4.495
18.129	5.988	6.758	4.898	5.712	6.578	2.014	0.907	4.780	7.846	0.994	1.938
10.549	6.287	0.060	5.622	3.558	5.232	7.008	2.082	3.820	4.199	2.634	3.849
13.681	6.220	8.153	4.176	4.055	6.054	9.093	3.984	1.325	5.814	3.066	2.444
1.125	3.962	1.631	6.205	5.259	4.714	4.179	3.852	4.234	2.504	4.111	0.631
19.003	3.563	9.394	3.487	7.114	4.696	16.428	2.227	0.592	8.103	4.477	1.395
16.695	4.357	1.948	6.653	5.519	5.936	14.378	2.193	0.340	4.194	3.721	3.159
19.587	6.441	7.807	4.233	5.810	5.859	10.250	8.953	3.299	4.790	4.390	0.999
10.069	4.852	6.776	4.623	4.969	4.331	16.320	2.724	2.144	3.563	3.868	2.371
12.749	6.834	9.493	7.074	5.727	4.260	2.246	3.449	2.948	7.330	1.463	3.426
7.387	3.602	6.781	5.301	4.512	3.831	12.722	9.825	2.811	0.561	0.382	1.587
13.478	5.451	4.670	4.545	4.585	3.996	8.107	6.938	1.185	7.668	4.408	0.707
18.159	4.363	3.155	5.432	5.609	6.835	12.810	8.089	2.710	1.144	2.471	3.636
10.309	3.458	2.325	5.187	5.252	5.112	2.569	2.230	0.451	3.873	3.780	0.120
13.232	5.744	4.959	3.408	3.644	3.623	19.376	0.206	0.137	7.343	2.629	2.533
16.485	5.842	9.075	6.730	4.549	4.548	18.356	5.311	0.593	8.859	1.724	3.209
3.979	5.764	9.362	7.017	4.226	5.543	3.768	9.483	2.763	4.394	0.017	1.392
7.829	3.272	0.881	5.085	4.233	3.366	15.203	0.780	3.810	2.723	3.576	1.398
2.413	3.503	8.952	5.458	4.480	5.921	17.086	3.365	0.268	6.348	1.960	4.636
18.447	7.127	1.519	4.310	5.572	5.627	19.646	2.982	3.367	6.319	0.013	4.678
11.121	5.986	7.092	4.955	4.694	4.004	8.023	6.956	1.846	5.052	0.158	0.966
18.829	4.561	1.210	5.106	6.409	5.792	19.478	6.319	0.901	7.240	1.093	3.467
6.774	4.204	7.385	5.643	3.686	5.986	15.934	6.303	2.112	1.168	1.661	2.039
14.191	5.618	7.597	7.051	5.755	5.441	10.875	7.657	4.765	4.160	0.310	2.517
8.055	4.755	1.394	4.809	3.428	7.138	8.629	5.130	2.938	9.021	0.047	3.808
15.794	3.977	3.893	5.883	6.521	5.521	19.711	8.259	2.972	9.336	4.601	2.428
13.807	4.941	7.506	4.612	4.173	4.656	0.336	2.371	1.024	8.451	2.657	3.695
12.287	4.656	1.810	6.011	3.864	5.759	4.803	8.954	3.130	3.213	3.588	0.224
17.467	4.827	5.849	5.993	3.445	3.367	2.942	9.264	1.472	7.637	1.459	2.945
19.005	3.647	6.267	5.706	4.634	5.654	8.215	7.173	4.529	5.863	1.206	0.658
6.830	3.575	0.764	2.904	3.892	5.815	11.084	2.470	0.180	2.181	4.293	1.263
8.674	4.901	8.791	4.049	5.797	4.560	9.357	8.645	0.568	8.221	4.410	4.389
5.257	3.677	3.931	4.994	4.926	5.955	6.642	4.971	4.219	4.603	2.502	1.203
14.623	3.544	5.959	1.534	6.058	6.633	14.181	9.052	0.370	4.739	2.878	3.504
13.041	4.682	0.862	5.439	5.527	6.492	2.629	2.022	4.098	6.561	1.685	2.878
14.107	4.868	4.096	3.933	4.745	7.005	3.224	9.267	2.112	1.278	1.897	3.563
17.450	6.148	1.899	4.132	5.106	5.536	18.682	0.555	1.625	6.198	4.324	2.466
9.685	6.241	9.563	5.490	5.269	5.163	9.410	9.418	4.558	3.948	0.245	2.564
12.871	3.822	9.498	6.370	7.060	5.021	10.271	9.463	4.337	6.429	1.143	1.619
14.101	5.916	7.464	3.746	5.860	6.084	13.764	2.717	0.878	2.833	2.937	0.912
17.357	4.956	3.223	4.649	5.047	5.298	3.949	8.652	4.311	7.668	2.906	1.682
7.657	5.288	6.954	7.152	6.163	6.988	8.331	7.720	1.513	5.563	4.246	1.033
12.453	5.592	2.838	4.655	4.952	4.833	11.744	3.299	3.503	3.721	0.131	0.520
15.200	4.396	6.405	3.892	4.454	5.955	19.623	4.276	1.658	2.962	1.771	4.787
17.849	4.524	8.948	4.403	3.858	4.639	15.684	2.596	2.012	0.376	2.627	3.600
8.642	4.342	8.102	4.546	6.152	3.837	7.240	4.080	2.665	0.082	4.884	0.557
9.257	5.533	0.358	6.128	6.116	4.910	3.743	5.922	4.054	3.747	1.105	3.675
16.424	5.190	7.576	4.311	5.388	4.137	18.021	6.492	2.747	4.222	3.023	0.317
1.001	4.057	8.348	5.871	5.397	4.831	16.381	7.440	2.994	5.055	1.175	4.423
0.338	4.708	4.101	4.294	5.781	3.469	1.347	6.584	4.865	6.738	3.032	4.905
8.228	7.525	9.045	5.127	4.756	4.951	11.045	6.120	0.763	6.351	4.003	2.865
9.482	5.662	3.111	5.343	6.122	4.403	1.149	6.774	2.106	5.358	3.041	2.214
16.356	3.465	7.378	5.160	4.563	5.167	7.372	5.567	0.090	1.723	4.609	1.827
1.828	5.950	2.162	5.236	3.931	4.561	3.361	8.450	2.177	1.122	1.056	2.539
7.044	4.818	2.325	6.325	4.380	4.444	9.026	9.237	3.342	4.060	3.756	0.090
1.375	4.440	2.761	5.165	4.900	5.628	17.294	5.711	1.450	6.040	3.087	2.982
19.032	4.208	4.519	4.912	5.179	4.863	13.964	1.506	1.632	9.984	4.514	4.284
6.969	4.746	1.722	3.255	5.308	5.048	9.673	1.990	0.590	9.728	0.289	1.668
3.072	5.079	5.326	4.864	5.024	4.249	2.006	7.441	4.177	5.219	3.271	4.004
10.873	5.765	7.146	4.098	4.307	5.770	2.345	5.676	4.318	9.162	2.662	3.569
10.275	5.249	6.886	5.268	4.659	7.657	16.712	0.735	2.963	4.019	1.009	1.873
0.311	4.389	1.638	4.221	6.504	4.908	6.761	6.652	4.657	4.214	4.025	2.892
4.710	5.154	5.394	4.494	5.757	5.035	4.294	6.673	4.155	8.880	4.030	0.436
14.070	5.418	5.394	5.851	5.214	4.230	19.967	1.133	0.333	2.606	2.263	4.042
0.009	6.188	3.191	5.803	5.499	2.193	12.621	8.720	2.408	9.536	3.840	2.357
10.327	3.560	2.389	4.004	4.687	5.100	7.348	1.546	0.262	0.994	4.785	1.236
2.105	5.214	8.464	5.843	3.691	5.882	17.502	1.345	3.366	9.589	3.261	3.276
4.701	5.839	5.853	6.136	2.445	5.351	10.903	4.314	2.778	4.935	2.833	1.461
7.277	4.852	7.347	4.136	4.567	5.345	15.707	0.825	4.460	4.220	4.965	0.893
12.439	4.302	9.618	4.942	5.887	5.249	9.416	4.091	0.474	3.822	3.550	3.349
6.555	6.696	3.325	4.759	5.162	5.820	7.183	5.466	1.695	7.469	1.776	1.679
3.078	6.723	2.088	4.828	5.650	4.056	1.053	7.388	3.607	9.802	2.119	2.942
10.981	4.306	7.882	4.079	4.964	4.346	15.497	3.465	4.257	4.532	2.967	0.732
19.950	5.004	8.294	5.623	5.781	2.417	7.481	0.414	0.730	8.563	3.778	0.384
7.008	3.714	8.745	3.687	5.070	5.016	16.917	9.211	1.048	5.705	0.745	4.717
17.488	6.451	5.518	6.313	4.577	5.937	18.047	4.285	4.230	0.527	3.707	0.742
6.158	5.267	0.726	5.095	4.173	3.817	16.504	3.583	3.422	4.199	1.603	4.328
13.655	5.553	5.825	3.453	4.215	4.956	0.099	6.663	1.787	7.973	4.758	1.205
3.268	5.136	2.917	3.132	6.324	5.643	19.127	1.155	3.559	2.671	3.640	2.605
10.006	4.988	9.629	7.341	4.890	4.067	8.444	0.608	0.316	2.021	0.580	1.873
19.626	4.846	6.560	4.445	5.880	4.141	8.143	9.748	4.084	2.176	1.873	2.823
12.930	2.769	8.204	4.438	2.848	2.132	16.175	5.844	0.648	7.380	2.115	3.337
14.078	5.986	0.143	4.638	6.560	5.024	5.660	7.400	2.902	0.096	1.684	2.976
12.371	6.541	9.677	5.265	5.215	4.176	1.866	0.820	3.168	1.259	0.120	4.746
5.010	3.762	0.890	5.791	4.534	5.229	14.969	7.991	0.253	9.223	1.247	2.831
10.848	6.625	3.830	3.727	4.233	5.584	7.330	5.894	0.797	4.638	3.579	2.652
11.454	4.104	4.591	6.693	5.379	4.668	3.922	2.078	1.153	2.049	2.315	0.592
15.275	3.886	6.169	4.914	2.936	6.298	18.587	8.435	0.101	5.591	0.596	4.779
12.284	5.227	6.035	4.574	4.689	6.181	14.228	0.774	3.736	7.385	0.602	1.378
4.810	5.501	9.225	3.391	5.488	4.045	11.062	8.461	4.295	6.302	3.726	1.530
2.920	4.991	4.759	5.367	5.232	5.311	19.819	4.966	3.779	6.245	0.511	3.997
12.103	5.508	5.020	5.542	5.799	4.435	5.886	1.363	1.111	2.656	3.143	4.528
17.164	4.923	8.272	4.888	4.564	6.772	14.098	3.178	0.670	3.692	2.740	1.849
11.737	3.320	4.418	3.428	4.990	3.281	4.510	9.400	4.077	1.634	0.870	1.566
3.130	5.786	0.618	5.944	4.748	4.822	8.906	1.496	3.674	9.761	1.018	0.567
17.630	3.185	0.568	5.090	3.185	5.745	17.402	3.841	0.025	2.880	4.432	1.458
16.996	4.609	0.136	5.883	4.160	5.839	5.354	5.024	2.063	0.972	2.976	2.499
16.541	6.733	7.410	6.536	5.251	3.515	3.060	9.166	3.864	0.997	3.244	0.800
2.226	3.428	1.045	5.541	4.197	4.487	4.779	3.897	2.641	5.911	0.572	4.148
5.393	7.041	1.141	3.591	3.533	7.656	13.890	9.024	4.756	2.573	3.494	4.485
2.806	4.365	4.733	5.776	4.758	4.877	13.690	3.108	0.704	4.104	1.598	4.707
13.619	5.558	6.157	4.938	5.427	5.082	16.196	5.301	2.210	2.674	2.415	1.659
13.260	4.524	3.817	4.692	4.329	4.886	2.696	6.413	4.619	6.558	4.220	2.110
9.279	2.652	4.295	5.228	5.162	4.413	16.929	0.333	0.005	2.084	0.609	4.409
10.342	4.852	1.436	4.382	5.402	5.004	10.788	1.013	3.868	0.816	3.866	3.835
16.462	2.991	4.568	4.998	5.373	5.650	9.911	2.326	0.671	1.597	3.890	0.936
8.676	5.458	7.709	4.921	4.682	4.093	8.264	1.026	0.670	8.476	3.637	0.531
17.433	4.994	9.694	3.685	3.445	4.363	0.378	5.943	2.555	4.341	1.035	2.366
18.332	3.455	5.842	4.932	7.047	3.932	12.429	8.087	2.744	4.560	0.209	3.700
16.808	3.976	5.114	5.577	4.296	4.158	18.067	9.652	1.885	8.681	4.504	4.633
9.398	5.381	0.191	3.964	4.769	5.044	13.936	8.612	1.115	1.912	0.020	2.014
13.322	5.683	5.681	3.033	3.745	5.269	12.502	8.520	4.735	6.176	0.398	3.646
4.323	7.271	7.666	4.365	6.831	4.520	1.477	2.413	3.587	3.294	0.097	3.232
12.121	5.031	5.253	6.206	5.236	5.591	8.980	9.809	2.772	4.840	3.776	2.951
19.744	4.097	9.088	3.538	6.040	5.291	19.235	4.720	4.116	8.424	4.356	4.750
4.101	4.386	5.231	2.680	5.992	5.452	13.224	8.463	3.243	5.651	1.599	3.257
9.206	3.236	8.729	4.540	5.960	5.190	4.388	5.575	4.778	5.229	2.306	2.490
17.611	6.621	8.418	4.193	4.981	5.356	5.464	6.480	2.405	8.602	1.132	1.855
4.157	8.329	5.069	4.882	6.670	5.056	12.921	8.916	1.643	3.250	3.145	3.792
11.178	4.474	8.085	5.228	5.209	3.992	15.452	6.369	3.496	2.707	4.018	1.616
17.814	4.040	4.725	4.869	5.333	6.067	7.384	7.708	0.412	5.214	1.506	4.160
7.667	5.327	4.715	5.825	4.007	4.525	6.276	6.030	4.609	2.244	2.097	4.173
2.310	5.502	6.492	7.243	5.329	5.047	4.322	3.388	0.461	4.812	4.984	2.671
2.176	3.482	7.320	4.549	4.856	5.175	9.389	8.655	0.510	2.400	4.641	3.800
13.155	4.046	9.199	4.940	7.618	5.010	9.223	6.484	0.280	0.173	4.259	1.289
15.182	14.578	-5.830	-6.573	2.553	-7.742	4.323	-7.795	0.120	1.399	2.448	2.739
9.578	5.743	-6.577	-7.642	6.445	-8.845	4.959	-8.354	2.133	4.013	4.586	1.560
12.897	18.708	-6.075	-7.895	7.784	-5.540	19.414	-6.797	2.948	5.726	0.399	1.056
10.643	16.393	-5.821	-5.436	8.226	-6.013	10.231	-6.024	4.413	7.620	2.250	0.927
19.099	10.154	-7.325	-5.934	9.508	-4.505	7.720	-6.937	0.684	1.038	0.426	0.284
7.332	5.816	-7.278	-6.330	6.396	-7.600	1.471	-8.170	2.621	1.253	0.849	3.039
15.437	17.503	-5.876	-7.629	8.141	-7.703	12.739	-7.425	1.129	4.543	1.791	2.575
17.106	15.125	-6.936	-7.041	8.137	-6.158	17.963	-7.162	3.440	2.021	1.024	1.773
4.004	7.558	-6.478	-8.915	1.050	-6.093	4.874	-5.211	1.232	3.540	0.769	0.934
10.670	1.129	-5.982	-6.705	0.182	-6.403	1.224	-7.464	3.416	2.460	1.318	2.760
3.237	12.064	-6.977	-7.283	4.476	-6.796	10.519	-5.216	4.509	5.381	4.311	4.698
5.184	15.081	-7.347	-7.604	2.302	-7.437	11.658	-6.689	1.349	8.951	2.324	4.485
17.103	5.148	-7.464	-7.136	5.756	-6.469	17.353	-8.784	3.478	4.543	4.128	1.872
18.652	19.235	-7.142	-6.925	1.373	-6.872	7.976	-6.869	0.311	0.920	3.386	1.137
6.339	19.351	-7.806	-6.750	5.881	-5.820	16.096	-8.488	3.913	3.221	3.552	0.242
13.575	6.552	-6.774	-5.838	8.133	-5.600	12.437	-6.531	0.498	9.538	1.491	1.464
12.579	19.273	-6.991	-8.090	1.567	-6.821	14.753	-6.423	3.123	9.627	1.189	4.304
4.134	12.510	-6.634	-6.886	3.828	-7.288	15.014	-7.328	0.250	6.717	2.753	4.909
18.085	19.485	-6.161	-6.910	6.958	-5.508	16.499	-8.257	0.038	4.396	2.284	2.456
10.743	18.956	-7.254	-6.445	0.473	-5.601	7.125	-7.414	0.818	3.068	3.125	2.734
15.784	18.304	-6.279	-6.943	4.222	-7.753	18.595	-4.591	0.238	2.612	4.855	2.795
6.771	14.114	-7.377	-7.384	5.709	-7.341	4.898	-8.125	3.881	2.536	1.284	1.159
16.035	10.587	-7.517	-7.741	0.627	-7.013	6.079	-7.332	0.266	2.308	3.597	2.577
7.221	5.895	-5.728	-7.559	8.326	-6.881	13.442	-4.901	4.152	3.399	0.038	3.169
8.418	5.160	-8.583	-8.414	2.304	-6.284	5.480	-6.258	3.726	0.188	4.777	1.478
4.388	17.174	-7.832	-5.730	7.414	-7.446	7.410	-6.236	4.322	5.365	4.676	3.070
5.426	4.131	-5.667	-8.715	7.454	-7.584	13.767	-5.289	3.777	7.477	4.650	1.666
15.982	5.997	-7.563	-7.385	6.722	-7.471	2.985	-5.622	0.499	8.510	3.996	0.485
19.800	19.597	-7.794	-6.870	2.676	-6.008	9.083	-6.846	0.033	9.442	3.288	3.889
12.992	3.949	-7.667	-7.029	8.894	-7.141	16.447	-7.371	2.990	0.370	4.163	3.658
1.409	13.665	-8.352	-6.828	2.214	-6.562	14.966	-3.987	4.190	1.349	1.872	1.093
14.011	15.325	-6.642	-5.735	3.270	-7.308	17.973	-7.673	3.729	0.007	3.983	2.944
7.894	16.759	-8.272	-6.258	1.482	-7.994	18.284	-5.764	1.216	6.837	1.927	1.124
13.696	18.670	-7.774	-6.266	6.719	-8.316	0.076	-8.062	2.153	0.524	4.913	2.583
7.084	9.038	-6.795	-6.924	4.393	-8.544	2.398	-6.951	2.946	5.497	1.515	1.766
17.717	11.169	-8.802	-5.875	1.096	-7.138	12.592	-5.289	2.934	6.287	1.550	4.193
1.076	11.135	-5.887	-7.924	0.111	-7.275	5.108	-7.624	4.875	2.542	3.006	0.126
6.840	9.297	-4.634	-7.595	2.484	-6.736	8.706	-7.068	1.433	8.502	0.069	2.589
17.696	18.772	-7.233	-8.361	2.963	-5.615	11.701	-8.023	1.415	1.131	3.697	0.229
15.121	11.241	-6.089	-7.805	6.419	-6.264	4.628	-5.423	4.558	7.202	4.786	0.806
8.204	18.667	-8.246	-7.166	1.175	-4.703	18.181	-7.265	3.203	5.360	3.993	0.404
5.716	9.004	-5.861	-8.181	8.379	-4.402	3.585	-5.799	4.488	4.565	0.972	4.365
13.248	15.597	-5.901	-6.613	5.054	-7.809	5.635	-7.374	4.596	7.869	4.881	0.851
2.701	17.216	-7.311	-7.932	7.935	-7.009	13.676	-6.076	1.305	9.550	4.860	2.025
10.013	17.815	-5.430	-8.082	1.448	-5.735	18.215	-8.150	0.646	1.347	4.772	3.077
5.424	4.062	-7.365	-8.026	1.135	-5.325	15.671	-10.462	2.160	4.912	2.071	4.639
16.853	4.156	-6.898	-7.327	1.095	-7.115	9.295	-8.682	2.341	2.341	0.201	2.585
8.848	15.755	-5.471	-8.907	1.312	-6.674	17.682	-6.948	1.837	1.016	3.826	0.111
0.136	3.145	-7.318	-7.180	9.277	-6.990	10.019	-6.653	4.983	3.661	4.467	2.214
4.698	11.069	-6.135	-6.406	6.551	-6.214	19.675	-7.424	4.301	4.358	4.012	4.969
15.370	9.333	-8.690	-9.165	6.958	-7.602	5.934	-7.288	4.158	5.235	3.274	3.031
15.628	9.194	-9.002	-8.153	3.500	-6.083	14.280	-7.548	2.581	6.426	1.638	1.722
3.585	18.535	-5.622	-5.520	9.943	-5.961	11.109	-7.548	3.873	8.743	2.396	0.000
0.085	6.941	-8.278	-6.330	0.700	-7.833	11.883	-6.842	0.015	3.583	2.562	0.692
2.659	0.479	-7.276	-7.130	2.171	-7.489	8.310	-5.339	2.053	3.900	4.252	4.201
7.057	3.149	-4.942	-8.465	5.562	-7.452	16.563	-6.510	3.237	1.812	2.411	2.613
4.000	0.370	-7.195	-7.431	2.549	-7.805	1.060	-6.231	1.517	5.036	4.115	3.412
12.010	5.389	-6.438	-6.024	5.580	-8.334	2.377	-6.400	2.477	7.107	1.525	0.899
16.790	0.247	-6.851	-7.719	5.845	-6.911	6.070	-5.494	3.686	5.335	0.234	0.405
3.837	1.769	-5.484	-6.005	6.263	-8.867	13.932	-8.008	0.275	9.635	3.641	2.594
1.443	10.254	-8.159	-7.950	4.548	-7.230	4.460	-5.449	0.512	2.745	3.074	3.394
4.343	15.161	-7.634	-8.344	0.011	-8.267	10.088	-7.850	2.167	3.905	0.944	2.759
12.722	4.367	-6.121	-6.600	9.803	-6.060	4.245	-5.289	0.500	5.739	2.754	3.315
7.637	17.308	-5.658	-7.523	2.459	-7.000	4.102	-7.207	1.018	0.455	4.072	4.057
9.784	0.357	-6.396	-6.284	8.992	-5.794	6.074	-7.451	4.369	3.673	4.697	3.883
9.857	6.799	-8.144	-6.827	2.636	-7.246	18.860	-7.803	0.570	8.274	4.051	4.175
4.889	8.156	-6.068	-6.994	1.472	-6.143	13.815	-7.839	0.378	2.347	1.682	0.610
12.896	3.501	-5.136	-7.564	0.457	-6.640	2.360	-6.497	2.385	2.464	2.386	1.333
17.270	17.144	-6.808	-5.925	7.685	-7.543	17.324	-7.492	1.385	4.530	0.991	3.985
6.963	17.685	-8.624	-6.714	4.780	-9.420	8.407	-6.443	0.085	4.785	0.946	0.926
19.698	12.107	-6.204	-8.014	6.896	-7.207	0.175	-7.966	3.765	1.503	1.156	2.621
9.571	16.862	-7.319	-7.988	8.564	-7.130	14.266	-5.040	1.702	0.412	2.874	0.197
8.035	14.522	-7.825	-6.802	2.330	-6.627	5.322	-7.402	2.298	2.402	0.995	4.114
4.811	15.208	-6.722	-6.785	8.737	-6.072	18.626	-7.156	1.581	4.468	0.211	2.429
8.110	7.260	-6.232	-6.154	3.546	-8.085	17.770	-6.079	2.924	7.412	2.232	3.641
4.549	3.196	-8.366	-8.213	3.606	-6.527	16.584	-8.455	4.962	9.810	3.169	0.994
16.897	7.458	-6.977	-7.539	4.146	-7.227	9.963	-7.648	4.792	0.862	0.205	4.361
16.583	0.236	-6.678	-5.709	0.012	-8.664	1.362	-7.749	4.510	6.390	2.892	3.049
12.649	4.568	-7.393	-7.205	0.521	-7.867	16.031	-5.126	1.490	2.033	0.407	0.699
11.447	10.967	-8.203	-7.962	3.929	-6.947	12.753	-8.635	1.253	5.887	2.661	1.777
14.788	3.803	-6.017	-6.414	9.784	-7.353	18.474	-7.524	2.299	4.547	4.883	0.919
8.086	5.705	-6.619	-6.900	2.036	-5.889	12.340	-8.384	2.915	0.486	2.362	1.825
11.965	0.914	-7.557	-6.963	4.636	-7.524	11.299	-6.347	4.186	7.691	4.264	4.455
10.227	11.739	-6.676	-8.360	1.801	-8.130	15.564	-5.606	2.340	9.000	3.804	4.813
15.516	4.764	-6.594	-6.944	0.555	-6.499	4.938	-5.315	1.351	2.474	3.495	4.937
10.359	15.254	-8.762	-6.082	4.668	-6.846	17.911	-7.054	2.741	1.209	0.682	4.113
1.651	7.926	-5.740	-5.554	3.503	-6.793	13.932	-9.110	0.460	6.159	4.550	1.841
19.210	16.619	-7.681	-4.881	5.743	-9.064	14.309	-9.801	0.780	1.053	4.038	3.161
16.925	11.136	-4.926	-7.722	5.347	-5.483	15.798	-7.812	2.083	4.330	2.494	1.148
4.737	13.337	-8.633	-7.364	5.208	-8.379	18.911	-6.842	1.583	7.867	0.644	0.747
11.908	16.215	-7.167	-5.617	7.024	-6.555	13.549	-4.940	2.741	6.598	3.110	3.559
11.993	10.336	-7.519	-6.352	2.941	-5.798	9.113	-6.463	1.802	5.824	3.551	2.345
16.576	11.808	-7.359	-5.358	3.355	-7.990	0.351	-7.223	0.710	5.752	0.050	1.976
3.867	6.406	-5.491	-5.379	6.766	-6.939	19.293	-9.310	3.913	7.855	4.761	2.711
3.514	12.770	-6.918	-8.613	6.392	-7.995	2.656	-7.210	4.077	3.933	3.553	0.575
8.034	13.329	-7.583	-5.957	2.277	-7.286	3.660	-6.517	0.568	5.367	2.254	1.605
16.149	16.612	-7.901	-8.034	8.288	-7.630	9.735	-7.331	1.797	9.392	0.648	3.866
10.667	18.177	-7.633	-8.392	8.675	-7.046	5.564	-6.293	3.068	7.245	2.325	3.750
6.144	1.418	-7.527	-7.286	6.369	-5.907	2.197	-8.067	4.875	7.402	1.421	2.751
13.970	11.704	-6.297	-6.709	7.911	-6.504	17.030	-6.693	4.836	1.597	2.136	4.949
5.791	19.843	-6.985	-5.870	9.064	-8.454	18.296	-3.861	3.807	1.245	4.547	4.052
17.839	11.268	-7.398	-6.150	1.012	-7.870	3.839	-4.587	3.253	1.341	4.719	2.166
3.740	18.402	-7.466	-6.578	1.180	-6.112	1.923	-6.263	0.454	0.766	4.503	1.944
12.478	9.364	-5.754	-6.942	8.729	-6.201	9.829	-9.299	4.621	4.731	3.748	3.044
0.510	18.425	-6.992	-7.755	6.193	-5.085	13.150	-7.286	4.433	4.153	2.825	1.989
1.713	6.965	-7.686	-6.016	6.675	-6.764	15.970	-7.565	3.778	1.828	1.131	2.472
16.728	2.178	-8.056	-7.353	6.823	-6.024	16.143	-7.504	2.254	4.814	3.420	0.205
10.994	19.962	-5.779	-5.226	8.784	-8.364	10.747	-5.546	3.000	6.739	3.514	4.524
11.499	5.145	-9.066	-7.621	6.896	-7.164	10.598	-6.809	4.233	0.231	0.616	3.524
10.917	13.405	-5.906	-6.026	5.036	-7.005	5.119	-6.653	3.749	1.746	0.952	0.882
19.341	5.444	-6.714	-6.861	8.295	-8.316	15.025	-6.817	0.559	9.864	4.979	2.698
17.188	10.805	-6.537	-6.417	2.952	-7.693	7.724	-7.362	4.782	9.673	2.159	1.283
16.882	6.765	-5.713	-7.086	7.830	-5.597	14.511	-7.928	0.235	3.202	1.184	1.697
14.383	8.559	-8.440	-7.087	7.440	-7.880	12.814	-5.602	0.414	8.972	3.747	0.241
16.064	19.303	-6.060	-8.352	0.635	-7.629	18.538	-5.410	0.427	2.614	0.164	0.337
17.056	13.483	-7.568	-6.009	0.982	-7.705	8.562	-7.956	2.964	8.544	3.799	2.977
1.348	18.660	-7.229	-6.286	1.295	-6.633	12.770	-7.668	0.776	9.324	2.486	1.646
2.089	17.797	-6.369	-7.803	2.712	-6.912	15.867	-6.719	0.785	3.125	0.302	3.045
10.787	1.419	-5.798	-6.451	9.493	-8.343	7.263	-9.337	3.288	8.229	4.701	2.894
13.208	7.448	-8.089	-8.602	4.012	-3.512	9.605	-6.939	2.987	6.395	0.780	0.237
1.727	13.226	-6.979	-7.747	0.282	-8.026	2.620	-6.224	3.822	0.879	4.329	3.209
16.989	18.164	-7.620	-6.669	7.571	-6.886	7.684	-8.538	2.641	0.212	3.522	2.359
9.922	9.457	-7.990	-5.978	3.284	-7.705	2.634	-7.435	0.365	8.517	3.369	0.988
17.581	13.815	-8.721	-5.789	8.600	-6.985	4.737	-5.076	3.648	6.840	3.053	4.694
0.912	17.465	-8.939	-6.932	6.721	-6.642	10.533	-7.344	1.662	1.558	2.036	1.522
3.962	11.379	8.271	9.787	10.782	10.104	18.710	5.867	1.777	0.671	4.665	9.374
10.157	11.313	8.640	12.233	11.433	17.976	16.745	7.484	0.261	3.495	0.727	10.913
11.169	11.915	2.262	10.778	11.805	12.827	18.743	4.016	0.492	8.364	3.064	11.572
4.919	10.859	0.003	11.538	13.150	16.772	19.462	3.676	2.020	5.777	0.840	11.462
11.594	12.838	9.585	10.394	10.957	18.166	16.802	6.395	0.566	8.173	1.486	10.251
15.119	10.976	9.531	12.275	10.685	1.038	19.340	2.958	2.195	6.675	4.790	11.035
10.368	11.895	6.593	12.469	12.747	16.987	3.329	1.209	4.121	8.149	0.308	10.644
8.733	9.320	3.990	12.344	9.831	10.788	14.933	9.961	1.436	3.726	2.205	12.368
3.423	11.433	6.632	10.031	11.695	16.972	3.324	1.288	1.685	0.652	2.292	9.180
12.175	11.840	5.697	10.565	11.032	9.541	17.677	0.658	0.426	5.071	3.619	11.392
5.904	10.173	4.676	11.286	9.645	5.097	9.959	0.688	0.112	5.095	3.307	11.302
10.937	9.629	1.664	10.308	11.905	15.533	13.175	3.711	2.083	2.886	0.872	10.857
19.332	10.133	9.849	10.607	11.308	17.245	13.397	0.173	2.849	9.303	0.746	13.032
17.880	10.935	5.938	11.117	11.973	1.141	16.286	7.924	4.047	1.005	0.663	13.025
11.612	11.909	9.345	11.797	10.427	4.437	12.620	1.027	4.778	6.826	4.506	9.036
17.249	11.092	4.845	12.441	11.532	8.954	9.906	9.440	2.200	6.297	0.810	9.031
16.622	11.397	8.304	10.348	10.443	7.792	11.054	4.574	0.786	7.865	0.660	12.835
5.364	11.342	4.267	12.477	12.257	13.452	17.497	9.060	1.875	7.650	3.915	10.629
0.488	11.519	0.724	10.341	11.689	1.020	19.375	1.262	2.127	6.606	3.852	10.965
7.055	11.989	3.742	10.341	10.756	11.161	13.007	2.250	1.914	3.991	0.908	11.313
16.477	12.526	5.955	10.705	11.461	2.054	9.986	4.413	0.360	6.759	3.119	11.414
5.719	11.226	1.620	12.730	9.108	18.220	3.543	9.125	0.100	9.580	3.349	10.293
19.959	11.558	7.243	11.064	10.794	2.635	4.948	4.166	2.855	2.269	3.125	11.785
19.080	9.631	4.691	10.946	11.506	10.978	4.367	5.351	2.186	2.151	4.102	11.999
6.062	10.536	2.849	10.715	11.024	6.224	7.461	8.464	4.244	1.516	3.426	10.708
1.745	10.093	0.097	11.479	11.918	10.565	18.290	8.013	4.567	8.449	2.254	11.368
15.200	9.557	3.102	10.681	10.104	18.394	0.409	7.625	0.400	5.231	4.987	11.366
12.933	9.904	1.627	9.856	9.507	1.801	18.743	1.334	0.558	5.385	3.628	10.513
5.764	10.498	1.821	10.023	10.079	6.404	16.862	4.153	4.059	2.219	2.267	10.054
12.292	11.344	6.826	9.470	11.151	5.141	12.543	0.494	3.848	2.177	4.682	10.909
6.498	10.745	4.337	11.374	9.298	6.845	10.898	4.140	0.945	0.466	2.753	11.163
17.775	11.376	2.970	10.486	10.414	1.333	18.464	0.169	0.220	6.554	4.468	11.625
4.197	9.928	7.697	12.062	11.258	6.709	1.029	4.708	0.895	5.117	3.046	11.644
12.944	11.066	5.562	11.828	11.931	8.664	18.037	1.209	3.899	8.690	1.890	10.634
3.161	11.438	7.605	10.867	11.036	5.004	11.937	1.338	0.707	8.818	3.623	10.926
11.086	11.378	4.379	10.547	11.626	0.859	8.183	8.102	3.675	4.872	0.054	11.164
6.420	9.652	2.656	10.800	10.988	5.716	6.227	1.537	2.531	5.451	0.025	11.342
4.681	10.869	6.181	12.544	11.030	12.031	7.104	0.013	1.353	1.700	2.888	11.940
16.547	9.438	4.408	10.134	10.769	3.491	6.267	8.161	2.090	7.536	4.189	12.162
8.271	11.200	7.390	11.286	10.358	2.447	7.437	2.771	4.192	3.766	3.758	12.125
11.545	9.988	4.322	10.813	10.471	2.632	6.173	3.186	4.286	3.981	4.929	10.742
7.819	10.666	4.415	11.978	11.968	10.268	4.726	9.268	2.086	3.833	0.507	10.907
16.844	10.187	7.002	12.763	10.514	17.477	17.284	7.690	1.022	9.797	4.948	10.687
12.848	10.189	7.143	10.914	11.619	4.805	0.777	4.523	3.516	0.025	2.059	10.803
1.032	11.933	6.484	10.374	11.811	2.155	2.328	6.542	4.497	5.551	1.108	9.581
5.841	10.413	4.714	10.183	12.452	7.845	2.023	6.172	2.935	9.692	0.363	10.468
2.033	9.019	3.287	11.207	10.437	19.740	7.522	9.575	3.211	4.145	4.026	10.868
9.897	10.408	4.119	10.647	10.096	2.237	2.063	5.785	3.344	3.798	2.667	12.068
18.607	11.291	9.901	9.694	11.867	19.787	10.424	8.272	2.131	4.751	1.444	11.299
19.876	11.260	7.913	12.494	12.068	11.267	10.182	9.142	0.942	1.107	4.323	11.180
11.274	11.003	1.566	9.277	11.918	4.313	0.648	1.926	0.536	7.902	3.929	11.340
17.867	11.798	6.651	10.759	11.094	12.580	13.576	8.047	4.152	1.862	0.252	9.941
3.437	10.985	2.935	9.789	11.330	19.723	11.939	0.900	2.214	0.301	3.245	10.936
5.523	10.017	5.733	11.012	10.605	1.716	4.311	4.393	2.632	5.507	0.390	10.130
0.945	9.303	0.876	10.417	11.864	11.721	5.664	2.800	4.991	4.675	0.828	10.893
17.921	10.374	1.267	11.867	12.289	0.036	10.745	8.144	0.784	5.421	1.203	9.566
7.686	11.252	1.150	10.765	9.145	4.418	2.374	7.515	1.958	8.513	1.101	11.407
6.011	12.381	6.509	13.447	9.515	0.916	16.330	1.814	2.152	4.158	4.596	12.217
0.175	10.806	3.688	9.496	10.191	9.099	14.489	9.756	3.128	0.995	4.657	12.585
14.559	11.551	5.655	10.726	11.131	8.109	11.985	3.809	4.633	0.402	3.061	10.692
0.698	12.654	6.970	10.466	12.379	7.746	15.243	4.497	4.982	6.801	4.042	10.952
18.917	10.048	2.511	10.853	10.187	11.207	18.472	6.816	0.017	3.168	2.123	11.492
4.183	11.285	2.715	12.182	11.078	17.132	3.613	1.356	2.853	9.974	2.751	11.160
18.699	11.307	5.122	10.876	11.155	18.656	11.607	6.638	3.768	4.208	4.952	12.064
2.202	12.750	2.420	10.653	10.252	18.999	18.009	0.958	0.121	0.895	4.223	10.741
18.405	10.573	0.359	12.694	10.032	9.621	15.054	3.512	0.389	7.674	2.639	11.749
4.233	12.399	5.436	11.375	11.992	18.304	10.479	1.171	0.615	3.437	1.640	10.315
19.585	13.072	4.390	13.572	9.274	9.495	14.787	6.511	4.985	9.042	1.359	10.133
19.870	10.628	1.195	11.381	12.474	16.148	0.391	9.277	1.838	9.110	0.395	11.491
3.400	8.103	0.044	9.937	11.635	3.492	10.863	4.106	4.276	8.110	2.481	11.853
3.695	13.324	1.760	11.308	10.739	13.449	9.176	7.685	0.133	3.886	2.402	12.186
0.183	9.205	0.375	10.755	11.194	12.045	12.410	4.497	4.465	8.795	3.426	12.472
14.917	10.224	3.519	10.251	10.171	8.569	0.842	1.994	3.550	2.944	2.162	8.466
0.999	10.391	7.787	12.006	12.426	11.744	9.988	0.596	0.640	8.934	4.487	9.818
17.245	11.286	7.300	11.197	10.844	5.252	12.755	3.190	2.950	9.563	1.750	10.993
13.992	11.393	3.633	11.582	10.259	15.558	11.840	7.430	1.501	9.784	3.097	11.533
8.000	10.636	1.595	10.919	9.908	12.572	4.946	6.741	0.681	6.054	4.105	12.370
18.286	11.339	9.807	12.633	10.198	8.427	10.697	9.751	3.110	2.505	1.301	12.911
13.826	11.853	3.113	9.724	11.379	17.206	8.594	1.309	4.519	1.836	1.947	11.040
2.694	10.655	5.814	10.161	9.852	5.159	1.509	7.203	2.382	4.340	2.963	12.090
0.500	10.574	7.484	13.474	11.608	17.264	0.875	6.886	1.370	2.981	0.652	11.614
5.084	8.854	2.849	11.081	11.325	6.910	11.352	4.706	2.960	3.108	0.031	10.676
11.470	10.614	7.998	11.566	10.615	18.459	3.151	4.374	3.383	1.552	3.835	10.748
14.791	9.252	9.305	12.475	11.360	0.759	0.890	5.266	4.756	3.211	2.931	11.194
0.565	10.761	8.552	10.782	8.802	5.427	18.203	9.950	3.992	7.769	2.016	12.417
5.329	11.666	9.729	11.196	11.711	0.284	14.071	0.080	0.477	0.013	0.985	9.376
10.648	12.528	5.612	12.013	9.294	4.052	19.094	2.839	1.594	7.648	2.881	10.290
17.945	10.502	1.535	12.261	10.988	18.516	5.360	9.853	0.062	4.893	3.710	8.743
13.757	11.916	8.873	10.429	11.445	15.586	17.797	8.357	3.730	2.840	0.722	12.752
11.860	12.016	0.232	12.668	10.208	17.220	15.512	6.831	4.878	2.001	3.602	11.286
2.240	10.654	4.579	10.572	10.140	9.898	0.762	2.747	2.093	9.222	2.297	12.334
1.212	9.393	9.275	10.777	10.476	14.108	16.298	9.069	1.200	9.384	0.412	9.499
9.841	11.237	7.692	9.217	10.575	14.708	0.484	6.103	3.478	4.312	2.386	10.213
9.018	12.225	8.822	11.635	11.529	7.731	19.570	4.177	3.839	4.470	1.630	11.819
5.896	11.047	9.500	9.984	11.211	15.744	6.238	4.676	4.061	9.963	0.408	11.586
5.067	10.757	5.685	10.128	10.044	9.812	7.057	2.968	0.079	6.193	3.780	9.542
7.051	10.610	0.944	11.737	10.777	13.461	7.611	2.070	0.497	1.235	1.337	9.580
15.554	11.559	2.788	10.571	11.895	14.809	16.208	6.062	4.837	9.053	1.991	11.521
14.198	11.265	4.678	11.390	10.921	4.790	9.638	2.956	4.724	0.763	0.234	11.904
3.258	11.866	5.956	11.390	10.755	9.632	14.864	4.270	0.719	2.274	2.090	11.095
2.288	11.559	4.392	10.907	11.566	7.312	3.858	2.455	4.169	1.618	0.100	10.296
8.320	10.037	1.972	10.986	11.806	8.463	19.996	6.091	4.191	6.981	3.668	10.671
8.363	12.068	1.189	10.577	12.094	18.421	1.893	0.757	4.012	1.518	4.003	12.976
0.676	9.851	5.465	10.663	11.028	2.442	16.500	2.430	3.943	3.718	4.011	10.591
11.362	11.450	8.933	10.786	8.978	2.200	0.400	4.504	3.298	2.723	0.212	10.627
7.484	13.562	4.300	10.898	12.408	15.521	12.743	2.193	4.147	1.803	3.599	11.118
14.012	11.592	9.634	11.354	10.770	12.956	8.512	9.514	0.584	1.393	4.071	11.836
12.475	10.115	3.733	9.234	11.331	11.584	1.718	8.324	2.348	9.243	0.952	11.221
6.734	11.885	0.429	11.948	11.864	1.327	19.419	6.253	4.342	7.623	3.070	11.024
13.343	10.746	8.022	10.379	11.491	9.640	3.197	3.433	4.832	6.118	4.905	10.875
7.096	10.262	0.210	10.545	9.501	18.387	9.118	7.089	2.446	6.031	4.979	10.999
11.870	11.320	0.982	12.025	11.674	6.215	14.941	1.702	2.941	0.281	4.991	10.870
12.384	9.298	3.669	10.982	13.715	7.175	17.556	1.301	0.991	3.340	4.189	12.258
0.129	10.940	7.835	9.899	12.192	10.500	9.576	1.626	3.468	4.379	1.747	12.422
0.231	9.056	1.731	11.642	11.123	2.870	18.355	4.533	3.636	6.621	1.695	8.524
0.162	11.958	7.111	11.053	11.337	1.082	3.756	7.342	3.932	5.831	2.470	11.324
1.354	10.414	5.640	11.429	12.254	13.677	1.746	6.941	3.038	6.533	1.555	9.759
19.942	10.089	6.195	10.144	11.429	16.971	0.066	8.308	4.200	8.510	2.474	11.744
19.011	10.261	5.809	10.798	12.567	10.445	15.470	6.306	1.896	8.696	2.438	11.166
15.188	9.154	8.119	10.846	10.762	17.269	10.938	1.916	2.056	3.263	2.650	11.036
2.323	10.312	8.591	10.632	11.960	14.457	17.979	8.950	0.291	5.899	2.845	12.032
4.538	11.584	9.016	11.562	10.813	0.565	0.124	5.529	2.624	2.435	2.747	12.462
9.735	11.370	5.610	11.200	11.158	1.607	14.037	5.976	4.624	0.866	2.521	10.241
1.657	10.412	8.459	11.178	11.865	13.007	17.168	4.043	3.548	4.768	3.074	10.350
3.239	12.361	7.652	11.756	9.904	5.319	13.258	4.678	4.564	2.332	4.298	9.343
