0.41400151	0.704505693	0.327300716	0.386555426	0.473805535	0.375346478
0.235180743	0.713231752	0.433888254	0.980415472	0.47631115	0.046461907
0	0.733190481	0.221678299	0.444303511	0.383571458	0.611451409
0.079394063	0.834800361	0.047931264	0	0.301243545	0.247754051
0.449741612	0.743550297	0.047800461	0.270485502	0.132184492	0.240155162
0.356131497	0.819901938	0.512644609	0.586122866	0.398381487	0.365628468
0.280453674	0.964763117	0.552571958	0.618684796	0.418740358	0.606093974
0.38423856	0.839098802	0	0.752659448	0.240929529	0.774675267
0.067441216	0.646021974	0.286192395	0.162160282	5.55112E-17	0.079440774
0.365688614	0.817394421	0.434167883	0.501425839	0.324830896	0.588500445
0.00397951	0.928496515	0.445049256	0.787588077	0.27317161	0.192589482
0.424603053	0.881657422	0.220784194	0.45264626	0.281040166	0.167712997
0.215136199	1	0.522895563	0.589087221	0.573952625	0.186820638
0.190794967	0.820392158	0.546548553	0.631751712	0.296883847	0.561894776
0.033628624	0.883039868	0.327778016	0.14331829	0.677897782	0.906121501
0.436457675	0.907398441	0.520552414	0.59939605	0.453844566	0.63019648
0.30454233	0.89210142	0.366280043	0.367124029	0.253228228	0.176406959
0.528097332	0.903344893	0.325045892	0.210058723	0.494061258	0.487970864
0.179446332	0.93919484	0.503838251	0.252168684	0.419476893	0.752419293
0.31902364	0.811926424	0.216745118	0.884230431	0.430073828	0.946407996
0.049176824	0.734542495	0.22038274	0.883927886	0.442341748	0.588629621
0.230546887	0.906906534	0.108228526	0.240772756	0.422821565	0.872522478
0.350471092	0.707344749	0.404590121	0.202496692	0.442153518	0.193894233
0.145935814	0.771897182	0.249666539	0.281518566	0.28471208	0.09122421
0.16315879	0.882652342	0.219539685	0.287427412	0.303996167	0.54864853
0.102799498	0.875934589	0.250305998	0.325875291	0.258862953	0.74749656
0.471822067	0.991648888	0.010214672	0.704484956	0.122547638	0.961690545
0.296150273	0.829193244	0.025767914	0.743021573	0.308318019	0.168015478
0.397599535	0.879716238	0.478599617	0.054096606	0.551354361	0.158522232
0.449322751	0.745125944	0.563000632	0.085919808	0.425003806	0.44002307
0.325964583	0.753034192	0.086927628	0.624512087	0.389102767	0.741048657
0.447978082	0.778853178	0.210584055	0.760861891	0.413648396	0.046788442
0.50694141	0.789359002	0.546078443	0.470458732	0.235100356	0.225247651
0.296179448	0.764654842	0.383153767	0.078786215	0.170087547	0.467149662
0.383390087	0.846213628	0.385717009	0.559691413	0.21832739	0.365832481
0.462609654	0.830532704	0.321433521	0.697983051	0.463933139	0.769729231
0.363567358	0.876295897	0.108601133	0.452721885	0.364427515	0.893806133
0.263303387	0.670539604	0.043015079	0.262647693	0.351054676	0.881105535
0.048914522	0.858969302	0.433082958	0.794472604	0.403053065	0.757202037
0.076514773	0.727602828	0.284332661	0.018597698	0.529552908	0.915435619
0.501470308	0.799502863	0.459285507	0.403045237	0.358625461	0.898323601
0.238149198	0.631005138	0.258439773	0.390577217	0.352635749	0.269297278
0.191979193	0.807909813	0.054418345	0.454256142	0.374232841	0.82159546
0.329038479	0.865121785	0.333477255	0.919653827	0.495271972	0.66562806
0.123174398	0.838244994	0.481045141	0.602695488	0.318103497	0.70472899
0.23197234	0.620039594	0.165314478	0.026212382	0.131292608	0.769363869
0.057204275	0.928111929	0.154272065	0.25652699	0.46022104	0.908717492
0.059609753	0.807889883	0.212877623	0.611018572	0.261970744	0.398904254
0.294420169	0.783559575	0.526096387	0.565632552	0.313166806	0.725683085
0.077532164	0.708504576	0.211956393	0.640994074	0.253635012	0.743732182
0.74557377	0.50570066	0.834250534	0.25299834	0.753486437	0.39210552
0.928560639	0.132772323	0.916087355	0.929244955	0.997708924	0.458440105
0.832636752	0.563103655	0.890269916	0.263769233	0.595471122	0.715108222
0.778434146	0.563783631	0.910524529	0.0437507	0.792597289	0.477907861
0.754502365	0.768241222	0.959710848	0.488838358	0.861624711	0.553254252
0.88987816	0.65048823	0.801695567	0.045700314	0.779457065	0.3796167
0.814273078	0	0.919133725	0.606261173	0.376070464	0.243542651
0.848917968	0.005234763	0.931320108	0.013906973	0.87452927	0.41945594
0.926640281	0.317072396	0.992914724	0.989438649	0.735943185	0.626589894
0.804393403	0.296431428	0.874585573	0.486420392	0.679047795	0.537631668
0.693962621	0.271103328	0.832837744	0.927602531	0.515397818	0.414297945
0.742398977	0.630039706	0.823690958	0.161597195	1	0.179254268
0.824911631	0.131035862	1	0.093520203	0.927884582	0.860367091
0.766185533	0.564660098	0.869110088	0.895561126	0.468744144	0.913770127
0.803030697	0.561402235	0.917569606	0.272081612	0.891877225	0.483355941
0.833628837	0.323928143	0.848983596	0.175870647	0.743729156	0.49884449
0.820878795	0.382937155	0.953503373	0.341126332	0.744787268	0.725760731
0.838791505	0.676988815	0.862535156	0.920495228	0.875219087	1
0.718641003	0.478635415	0.843439725	0.764262073	0.857533742	0.595853584
0.820807794	0.446117576	0.812237846	0.856315938	0.710875293	0.195521073
0.752184482	0.084380751	0.851003096	0.241486981	0.705363527	0.364828857
0.752249167	0.600335794	0.933722604	0.449804506	0.587248147	0.443507273
0.879232874	0.126602758	0.893676803	0.630609395	0.959710661	0.009051742
0.82911705	0.519890855	0.864223086	0.747128345	0.498725184	0.882927757
0.686027381	0.643462691	0.863817244	0.742939256	0.616606503	0.561416845
0.827810567	0.070206663	0.832352325	0.868653157	0.648296134	0.335764258
0.837809531	0.395404402	0.782198075	0.615662308	0.932756107	0.880724971
0.786895287	0.072839479	0.835381183	0.646441547	0.656861184	0.851669558
0.832233222	0.19076744	0.759649045	0.613168367	0.96327162	0.545617186
0.700387916	0.378129059	0.799762878	1	0.711664607	0.785673977
0.922574932	0.785267249	0.881595538	0.906643199	0.484864422	0.12930445
0.737563537	0.501444928	0.926024272	0.905518943	0.685412936	0.966361746
0.752107243	0.470279632	0.87538367	0.168689574	0.805681569	0.146138966
0.809450886	0.348893892	0.948991571	0.252805867	0.571289796	0.750889511
0.86043798	0.392544022	0.88966644	0.149216073	0.705242228	0.614856209
0.840049856	0.227960731	0.896967069	0.34999976	0.60358015	0.139568059
0.689183539	0.394628659	0.83017265	0.80883004	0.482162064	0.542581696
0.772021717	0.726714927	0.850605948	0.711447818	0.579496874	0.12139052
0.813433601	0.410724648	0.820841921	0.212098627	0.667880369	0.367826649
0.69044707	0.226041356	0.86984993	0.105913061	0.51794191	0.385641262
0.707061161	0.406259427	0.848588419	0.447255224	0.530191795	0.984546031
0.778162019	0.052489223	0.920856393	0.517508506	0.46460722	0.434539785
0.731206782	0.558267053	0.863738801	0.701799056	0.611968734	0.331548566
0.837933255	0.191017789	0.835846028	0.83100658	0.705403251	0
1	0.171564351	0.950512393	0.380202274	0.764855672	0.826400321
0.785922419	0.718140225	0.938279384	0.677982904	0.583301241	0.621170215
0.766693621	0.178632001	0.865393116	0.316852048	0.985311059	0.187624898
0.849665553	0.696260792	0.880270536	0.529173124	0.865224093	0.23304061
0.746271046	0.734051048	0.894554805	0.108273077	0.587780986	0.828584894
0.809076536	0.11522161	0.801870377	0.730331952	0.522355695	0.951783927