7.345	2.030	11.693	13.745	0.653	6.793	7.556	8.672	3.872	1.363
0.021	2.900	5.020	9.791	1.470	7.738	1.702	4.442	0.103	-0.092
0.516	4.501	12.215	13.567	0.145	6.512	5.600	7.203	1.720	-0.333
2.590	1.785	1.992	0.902	-0.745	12.652	0.420	5.092	4.888	0.081
3.664	3.165	16.180	11.719	-1.511	19.515	5.585	7.292	3.100	-0.739
3.483	3.077	5.407	1.140	0.653	8.553	7.005	4.732	2.698	-0.030
3.277	4.825	9.342	18.660	-0.289	0.316	0.760	0.710	0.690	-1.283
1.156	0.743	5.362	8.542	0.817	19.465	7.335	1.837	0.919	1.001
2.316	3.820	7.487	4.559	1.773	0.606	1.475	5.020	0.636	0.285
7.621	0.429	2.514	10.498	0.858	19.462	7.430	8.090	4.106	1.193
1.301	1.977	17.452	6.327	1.751	11.840	7.184	4.615	3.990	-0.461
9.823	2.942	1.314	17.486	-0.962	19.187	3.475	9.703	1.024	0.127
7.663	0.406	3.983	1.100	-0.120	9.471	0.327	6.893	2.352	0.219
3.151	4.912	17.515	15.886	0.683	14.252	9.644	6.502	4.330	-0.227
3.096	4.500	16.868	2.716	-0.559	16.538	6.706	3.271	3.267	-0.709
9.698	0.095	17.049	3.122	1.314	15.251	0.217	9.956	1.671	1.732
4.931	2.924	2.461	19.842	1.306	11.061	5.321	0.370	2.186	-1.280
1.878	0.907	12.291	4.090	0.730	11.643	3.887	6.564	0.484	0.329
4.698	3.612	8.590	3.401	1.516	17.659	8.296	3.776	3.213	-0.545
0.699	3.109	8.939	15.687	0.846	16.490	2.892	1.674	4.224	0.325
7.183	1.050	6.469	13.773	-0.675	12.388	0.122	6.955	0.042	-1.335
9.325	2.228	5.363	18.697	0.378	16.545	4.075	2.126	2.627	-0.590
8.409	0.186	8.952	3.561	-0.749	13.608	5.418	1.587	2.358	-0.424
3.091	0.214	19.323	8.935	0.211	12.948	9.006	5.083	4.192	-1.344
9.206	3.364	1.641	12.395	-0.714	6.821	6.941	6.047	4.988	1.763
8.157	0.282	4.941	11.686	-0.157	5.686	2.092	2.202	0.622	0.039
3.662	2.805	15.312	14.406	-1.342	14.105	8.738	7.920	3.996	0.280
4.566	2.615	14.760	4.627	-0.161	14.575	5.583	1.829	3.435	0.171
7.233	3.688	14.910	15.784	0.109	3.060	9.802	5.944	3.363	0.588
5.769	2.807	18.787	13.224	-0.342	17.712	1.969	7.401	0.166	-1.483
4.773	3.549	9.913	0.555	-0.271	5.715	6.550	2.261	1.354	-0.353
2.655	1.220	0.886	11.502	-0.297	8.548	3.013	8.646	1.605	-0.347
6.416	2.595	19.576	9.392	-0.509	19.343	1.459	3.753	1.687	1.238
8.510	3.688	9.671	14.292	0.544	15.525	0.612	3.732	4.489	1.649
3.144	1.688	12.317	12.034	1.479	18.209	6.385	0.610	2.725	0.000
1.458	4.618	10.489	0.670	-0.094	6.384	0.542	7.509	0.034	1.726
5.826	0.046	10.249	5.919	0.942	16.385	4.897	3.633	3.887	-0.349
3.350	2.612	4.530	14.295	-1.038	3.889	6.512	6.791	4.133	0.108
6.358	3.160	12.494	7.083	0.146	18.421	9.453	8.682	3.649	-0.355
4.084	3.123	17.081	2.613	0.285	3.085	1.834	3.984	4.050	-0.870
9.903	4.450	18.073	5.719	0.195	19.956	4.417	6.322	3.433	-0.477
1.798	1.516	10.261	10.855	0.400	3.861	5.801	5.008	4.919	-1.726
7.268	1.071	9.315	1.530	1.291	12.717	3.227	8.164	3.804	0.163
3.991	1.383	10.501	15.660	-0.415	3.095	3.644	6.132	0.687	-0.709
8.447	1.404	9.135	16.053	0.284	1.308	3.866	8.805	0.992	-1.462
0.002	1.518	4.690	2.081	0.375	3.752	6.623	6.436	4.558	-0.339
8.792	0.129	13.191	0.089	-0.228	13.130	3.613	4.653	1.959	-0.072
4.748	0.841	10.477	12.759	-0.700	2.868	7.621	0.268	1.686	0.819
2.173	3.628	6.102	15.850	-0.600	9.668	5.101	6.058	1.937	0.150
9.491	2.002	2.004	19.869	0.426	3.132	4.033	7.478	0.896	1.279
8.280	3.787	0.135	3.706	-0.457	7.173	1.930	7.782	1.774	0.099
9.677	3.657	4.523	17.333	1.435	11.491	0.306	8.540	2.126	1.026
4.561	4.260	14.050	7.817	0.573	8.428	0.943	3.903	4.861	1.962
6.776	1.283	18.103	3.380	0.055	11.879	6.187	2.560	0.170	0.581
2.524	0.757	15.017	17.346	-0.380	17.898	5.458	5.434	0.654	0.087
4.551	0.199	0.820	5.202	0.303	3.789	6.239	6.642	4.365	-0.083
8.599	2.666	7.584	14.659	0.445	1.118	9.445	4.762	2.187	-0.335
9.184	2.603	10.103	19.151	1.198	12.825	0.476	2.154	0.639	0.816
0.798	4.862	17.849	16.318	0.823	19.629	8.895	6.498	4.731	-1.765
3.994	3.158	17.904	17.314	-0.276	16.381	3.690	5.135	1.131	-1.725
7.818	4.368	15.768	8.492	1.253	15.471	6.166	8.337	3.398	2.623
5.828	4.021	12.102	11.649	0.217	7.796	8.837	6.384	0.954	0.390
3.347	3.134	4.645	3.694	1.814	13.352	3.920	9.043	1.632	0.063
4.048	1.561	2.157	15.498	1.036	10.299	8.909	7.371	2.465	-0.161
6.397	3.271	1.225	8.174	-0.113	19.512	5.548	8.973	4.819	0.274
5.824	2.633	18.799	7.154	-0.280	10.074	3.174	1.862	0.626	0.724
4.232	4.809	19.185	13.428	0.646	2.911	2.738	0.929	4.621	-0.424
0.298	4.448	17.709	8.792	-1.292	7.162	1.436	1.779	3.198	1.826
5.552	0.564	13.189	9.600	1.152	0.933	5.667	0.369	3.514	0.260
1.693	4.921	6.268	14.983	0.908	2.557	2.155	2.399	4.492	0.174
5.040	1.482	15.231	8.782	1.069	3.534	1.814	9.652	4.584	-0.920
7.051	1.458	13.447	13.280	-1.669	7.090	1.992	0.638	2.928	-0.483
1.549	2.338	13.862	16.590	2.452	18.603	5.945	8.217	3.389	0.756
2.641	4.172	6.435	10.197	1.083	17.287	1.118	0.037	0.996	-1.210
5.058	1.564	13.254	17.167	-1.775	0.196	9.109	1.549	4.126	-0.410
0.541	0.916	17.516	11.753	-0.484	7.735	7.278	4.263	0.694	0.063
1.589	4.814	18.856	18.061	1.363	13.900	8.190	2.261	2.077	0.276
4.994	2.884	2.115	2.765	0.973	14.497	7.542	5.368	3.551	-0.830
1.849	3.165	4.797	2.363	0.000	2.390	1.874	3.744	1.249	-0.248
0.937	0.173	5.110	10.920	0.051	2.202	2.530	9.531	0.612	0.911
3.578	3.066	2.440	11.613	1.055	12.731	6.834	5.601	2.651	0.894
6.537	4.380	6.999	18.553	0.152	6.384	8.660	4.366	2.715	2.792
8.847	3.982	5.906	7.203	-0.839	2.525	5.237	3.586	0.506	0.067
3.287	0.432	9.077	13.867	-0.712	0.628	8.363	0.729	2.433	-1.528
3.624	4.642	13.514	8.291	-1.584	4.703	5.463	7.149	2.550	0.264
9.250	2.723	1.724	1.787	0.974	19.121	4.415	7.080	1.428	1.024
6.609	3.139	15.722	1.771	1.022	1.584	5.290	2.249	1.077	0.120
1.524	2.022	14.437	6.227	0.464	9.437	4.407	0.007	3.345	0.191
3.070	4.889	8.669	11.320	-0.154	18.084	1.286	7.921	3.598	0.928
4.188	4.239	5.946	13.455	-0.098	0.480	0.404	5.642	4.705	-0.437
3.909	3.997	12.383	12.850	0.809	3.291	2.791	1.627	3.337	1.110
6.517	2.440	16.905	8.502	-0.080	9.236	6.236	7.740	4.750	0.016
8.095	4.242	18.393	18.908	0.067	17.669	4.734	7.839	3.232	0.041
1.737	4.966	19.870	3.296	-0.297	13.943	1.944	8.216	2.950	0.603
8.844	2.547	2.033	15.901	0.480	7.234	8.034	6.754	0.336	-0.376
4.715	3.039	16.936	8.353	0.617	3.117	3.916	9.036	2.026	-1.087
4.769	0.373	0.209	12.813	0.574	3.333	7.517	9.784	3.834	1.027
4.762	3.795	5.944	0.107	0.558	13.066	8.621	9.962	0.115	0.080
4.738	1.816	19.347	10.508	0.497	6.395	9.291	6.131	3.643	-0.504
3.892	0.104	10.898	11.732	0.941	19.460	3.378	2.614	3.516	0.482
8.429	2.087	15.714	13.908	-1.403	8.618	5.724	3.841	0.338	0.049
4.852	4.133	0.232	7.170	0.501	19.030	0.568	0.262	2.896	2.223
8.370	1.429	9.159	5.842	-1.546	0.814	3.391	6.557	4.119	-0.795
9.078	2.849	2.608	10.379	1.597	16.199	8.124	6.270	0.378	-0.191
1.491	1.617	1.156	1.480	-0.871	3.089	1.622	7.817	0.673	-0.482
2.160	1.971	12.266	12.501	-1.687	6.974	4.571	8.211	0.916	-0.494
8.360	2.136	5.618	0.892	-0.523	9.022	5.638	6.089	2.608	-0.409
3.424	2.937	9.019	15.736	-0.776	6.571	2.745	1.416	4.485	-0.562
9.769	2.925	8.026	15.091	-0.453	8.759	4.819	7.521	4.004	0.697
2.321	2.901	11.067	18.753	0.568	10.179	7.409	6.175	1.678	1.362
1.102	1.114	19.924	10.544	0.206	9.958	3.432	0.053	3.948	-1.399
0.045	2.873	3.568	1.235	1.302	10.414	7.398	9.815	2.767	0.635
8.676	2.731	3.656	10.037	-0.370	4.166	6.090	3.513	2.261	-0.988
0.595	1.852	15.976	2.049	-0.538	2.799	6.319	2.716	2.095	-0.209
5.556	2.382	7.947	6.297	0.866	10.440	2.714	0.107	3.116	-0.329
7.929	4.093	15.116	12.462	-0.958	10.884	1.992	4.558	1.872	2.520
9.614	4.659	19.330	16.546	1.192	13.780	6.967	5.845	0.400	-0.962
7.038	1.818	0.899	7.481	1.400	3.146	3.598	8.454	1.909	-0.472
8.995	3.471	6.841	8.244	0.291	15.995	1.189	3.272	1.278	0.775
8.825	2.366	0.348	9.159	-0.579	14.772	7.077	7.978	0.525	0.680
9.333	1.141	8.490	18.944	1.262	11.502	5.604	5.557	2.765	-0.957
2.387	0.863	12.201	16.505	0.648	12.088	8.418	3.974	1.257	1.033
6.920	3.940	3.846	8.166	0.115	0.952	4.581	4.153	2.354	1.148
5.504	2.720	5.886	6.383	0.084	14.392	8.279	0.640	0.889	1.550
8.638	2.798	4.406	10.469	0.371	17.630	2.956	1.132	0.903	1.052
1.445	3.854	2.992	14.038	-0.936	5.463	5.926	6.754	0.126	0.658
2.474	0.806	13.010	18.679	-0.630	11.745	8.205	8.173	0.245	1.528
0.456	4.035	7.824	5.817	1.347	5.746	5.334	9.259	0.915	0.302
7.140	0.512	5.044	0.392	-0.455	13.256	1.351	7.324	1.605	-0.068
3.975	2.361	6.888	0.354	0.851	8.272	2.061	5.897	4.306	0.978
2.669	3.701	5.755	8.548	-0.025	14.571	4.291	9.145	0.721	-1.267
3.494	2.229	2.449	17.149	-0.612	6.407	7.126	8.503	3.034	-0.866
9.037	3.440	10.834	4.718	0.439	7.511	2.524	6.134	2.992	1.003
1.344	1.944	0.578	12.819	0.021	2.779	3.779	5.480	1.925	-0.871
0.680	2.482	4.983	14.296	-0.552	9.136	9.418	1.167	1.785	-0.028
5.754	4.554	0.863	10.833	0.491	11.881	1.218	2.833	3.179	-0.034
8.400	0.081	7.327	12.706	0.483	13.825	9.014	9.814	0.044	-0.251
6.973	1.388	3.658	14.140	0.999	0.482	9.900	4.435	0.755	-0.015
5.020	1.954	5.287	3.739	0.495	18.956	1.385	6.500	3.316	2.005
8.843	3.111	16.723	12.798	-1.526	19.597	3.188	6.336	2.446	1.261
2.359	1.882	4.312	6.807	0.430	15.579	3.963	1.252	1.471	0.395
6.257	2.855	6.885	15.856	-1.054	13.855	7.598	2.372	0.446	-1.056
8.415	1.302	19.322	4.051	-1.054	14.329	6.028	9.191	3.789	1.691
9.508	2.396	0.309	19.579	-1.517	15.405	6.885	0.764	0.042	1.131
3.616	2.380	10.050	8.323	1.799	10.902	2.167	4.145	2.289	-1.483
4.309	0.055	7.373	14.161	-0.030	8.562	4.921	8.087	1.597	-0.973
4.702	0.557	15.766	17.761	-0.648	9.824	8.872	7.716	4.777	-0.665
5.446	4.290	12.755	7.461	0.759	15.350	5.185	3.071	0.618	0.850
1.187	4.385	16.362	8.430	-0.764	0.141	8.398	1.270	0.905	0.790
4.598	0.517	7.966	19.224	-1.731	3.516	7.032	0.084	2.300	-0.484
8.839	3.085	19.329	18.226	0.168	3.271	6.938	2.202	0.808	0.847
4.287	4.011	13.947	6.013	-1.295	16.350	5.706	2.790	2.415	-0.606
8.430	3.837	12.648	13.016	-1.040	17.875	0.206	2.256	1.660	-0.766
4.307	4.292	1.716	17.036	-1.316	5.726	8.746	6.820	1.864	0.743
8.801	3.886	9.068	2.867	-1.087	10.416	5.605	9.928	2.365	0.515
8.720	1.967	4.680	1.611	-1.728	13.858	2.321	6.375	3.275	-0.629
9.431	3.554	7.960	9.753	0.810	8.261	4.658	6.657	3.068	0.800
8.104	0.867	3.597	7.170	-0.429	19.193	3.858	7.542	4.753	-1.230
6.563	3.721	13.778	16.096	-0.438	10.334	6.011	1.781	0.745	0.570
0.414	0.009	9.858	13.641	-0.810	19.245	2.767	3.966	4.961	0.452
3.209	2.683	13.694	3.606	0.648	7.648	2.342	2.567	4.693	-1.359
4.294	1.439	10.738	14.501	0.003	15.569	8.760	8.139	2.509	-0.544
8.326	0.215	8.255	11.480	-1.214	2.777	4.657	6.487	4.173	-0.907
1.907	3.206	1.077	14.185	-1.090	17.149	0.642	6.646	3.243	-1.407
5.520	2.497	19.873	4.961	-0.614	7.704	0.530	9.983	0.832	-0.460
7.854	2.435	5.075	6.062	1.637	10.510	8.928	6.003	3.756	0.648
6.851	0.254	1.268	0.816	1.534	4.601	2.610	1.599	0.768	1.998
9.167	1.480	7.384	3.550	-0.226	5.006	2.947	4.589	2.281	-0.706
1.195	2.452	0.687	10.116	-0.032	7.162	4.534	7.712	3.223	0.256
5.950	0.776	7.882	9.599	1.138	2.231	8.804	0.827	2.635	-0.221
4.052	3.340	11.463	14.634	0.605	0.452	7.517	8.937	0.497	-1.581
8.701	2.438	8.013	9.323	0.046	18.999	6.229	4.383	4.470	0.138
3.643	0.991	15.491	2.888	-1.553	19.903	7.172	7.191	1.322	2.339
3.526	2.228	14.656	3.673	-0.761	2.665	5.707	7.964	4.034	0.701
8.275	4.425	8.054	5.891	0.226	0.448	6.491	2.379	0.235	-0.389
3.435	4.178	5.533	8.966	1.005	13.212	5.926	5.877	4.822	0.132
0.756	0.273	5.714	13.973	-0.315	3.528	2.721	7.738	0.713	-0.934
7.620	4.991	0.817	10.208	-0.574	8.282	4.205	3.180	2.289	0.444
1.850	3.981	2.829	15.810	0.774	13.893	7.316	1.534	2.259	-1.575
1.959	3.577	18.443	7.100	-1.312	12.179	3.715	9.622	1.585	0.648
7.274	4.849	3.518	11.370	-0.869	18.026	0.784	1.694	1.825	0.511
5.068	1.946	11.295	19.875	-0.717	14.850	7.026	0.585	0.516	0.076
7.688	2.846	1.261	18.799	-1.622	11.748	6.216	1.364	3.463	1.710
1.818	2.851	17.605	18.133	0.352	18.176	8.586	7.320	3.545	0.086
5.735	4.322	17.497	8.090	-0.748	3.060	0.146	3.218	3.754	-0.296
9.208	0.790	7.547	14.055	-0.804	8.340	7.858	7.894	4.803	0.801
1.658	0.359	8.163	6.903	1.364	14.942	3.152	8.856	2.840	-0.272
6.529	2.034	6.984	3.534	0.141	4.847	0.936	6.215	1.095	0.516
0.567	4.550	17.894	5.780	0.987	16.775	6.172	5.171	2.676	-0.934
1.858	1.053	2.046	5.788	-1.178	4.443	0.791	7.240	2.862	-1.016
2.694	1.099	10.105	4.114	0.128	12.879	3.627	1.264	0.201	1.626
5.250	4.967	10.146	13.095	-1.114	10.594	0.664	2.352	0.691	1.100
9.612	3.906	9.450	10.369	-0.236	10.942	1.632	0.808	4.082	-0.693
3.592	0.485	13.042	15.097	0.284	17.350	7.876	1.164	3.194	-0.311
3.355	3.593	3.437	14.933	-0.915	6.638	1.341	9.894	3.759	1.715
3.470	4.389	15.466	19.956	-2.217	14.456	5.777	0.003	3.545	0.513
0.856	0.859	9.410	6.862	-0.578	15.500	7.788	5.088	3.300	0.821
4.746	1.854	7.117	18.642	1.897	11.103	8.483	2.715	4.910	1.417
1.153	4.082	17.103	11.855	1.358	4.441	9.361	1.644	2.060	-1.294
8.677	2.800	8.962	5.647	-0.644	11.007	2.202	2.343	0.215	0.553
6.785	0.462	1.737	10.720	1.353	8.696	6.668	7.647	4.711	1.100
5.001	2.840	15.069	14.034	-0.161	19.377	6.976	3.224	0.079	0.585
1.783	4.166	15.149	18.302	-1.329	3.178	5.459	2.342	2.933	0.558
1.654	4.432	3.762	1.926	-2.106	15.644	8.783	7.601	2.625	0.239
5.600	4.295	16.580	5.512	0.704	1.960	3.603	0.280	0.286	-0.406
2.281	3.313	16.627	10.044	-0.224	1.546	3.934	1.396	1.339	0.564
3.277	3.387	1.403	9.900	-0.520	2.657	3.607	7.401	4.286	-1.336
6.797	4.016	15.253	0.955	-1.396	17.704	2.136	3.435	4.930	-0.724
2.872	4.927	3.654	10.102	2.016	4.990	2.975	0.853	1.382	0.257
3.951	2.509	8.836	1.223	-1.012	7.968	2.346	8.397	1.456	-1.884
3.712	3.110	4.388	6.914	-0.582	13.818	1.329	1.450	1.240	-0.345
7.426	3.143	10.994	1.740	1.711	19.269	0.423	9.244	0.910	0.198
4.366	3.308	19.169	18.073	0.490	12.599	1.730	9.851	3.897	1.094
3.889	0.218	4.160	10.498	-0.963	6.381	0.372	6.436	4.184	-0.213
8.215	1.423	3.910	1.888	-0.620	1.130	6.422	8.160	0.043	-1.052
8.113	2.594	15.431	8.620	0.145	7.618	1.420	6.793	4.340	-0.753
9.502	0.346	6.832	0.417	-0.450	13.045	2.158	1.822	4.631	-1.239
2.109	4.864	18.333	15.412	0.560	0.991	1.705	5.383	2.315	0.076
1.666	0.418	3.630	14.653	1.713	3.812	1.002	3.669	1.984	-0.186
1.244	3.618	2.487	19.427	-0.431	6.255	4.353	6.912	1.901	0.917
9.081	4.010	12.198	9.758	-1.772	18.406	0.485	2.945	2.655	0.548
8.355	1.779	0.951	17.294	1.166	3.760	1.710	2.630	1.460	-2.319
0.543	2.055	13.705	11.101	0.522	0.874	4.066	3.716	0.484	0.531
7.370	1.019	13.563	19.763	-0.254	19.896	1.681	4.790	3.262	0.904
0.468	4.351	18.924	17.801	1.489	1.132	5.036	0.399	2.034	-0.045
4.675	2.689	10.709	8.324	-1.288	9.562	4.744	1.202	0.596	-1.093
9.390	0.590	0.585	1.041	2.744	19.086	5.697	3.762	0.907	-1.342
6.252	4.536	15.127	6.951	-0.892	16.085	6.877	8.783	4.776	0.567
3.241	3.197	6.696	8.548	0.373	3.467	7.626	3.912	4.072	-1.873
7.184	3.790	3.316	14.437	1.679	11.611	8.376	7.913	3.860	-2.174
0.008	3.546	16.710	8.007	-0.336	6.899	9.416	2.113	0.514	-0.271
0.232	3.517	0.656	18.885	-1.098	8.684	8.184	9.133	1.236	0.983
7.661	2.116	14.714	1.906	-0.282	10.892	6.202	0.200	0.511	0.607
4.931	1.324	4.855	19.600	1.370	7.523	2.642	8.387	2.342	-0.172
8.701	1.575	2.244	19.107	-0.733	2.911	9.521	9.074	2.144	-0.081
8.657	0.285	10.471	17.058	0.425	0.485	4.669	7.120	1.564	-0.985
6.694	2.275	7.739	4.845	1.454	1.172	0.625	1.534	3.657	-0.815
9.155	3.431	8.392	13.165	1.143	2.113	4.087	0.073	3.357	-1.382
2.613	2.395	16.421	8.701	1.794	10.673	3.988	8.861	1.030	-0.381
8.589	0.185	18.609	1.871	-0.331	12.509	4.676	1.275	0.539	-0.206
1.492	2.710	1.612	11.919	-1.821	10.091	1.087	0.834	0.824	-1.052
4.723	2.779	14.178	0.781	0.622	3.601	1.602	9.148	3.982	-0.094
9.356	3.077	8.756	3.051	0.821	0.330	3.118	5.924	2.912	-0.073
4.111	1.249	12.246	13.228	1.214	8.331	0.016	8.122	2.209	0.994
5.319	1.147	1.154	3.442	0.741	10.392	7.219	6.436	1.556	0.393
4.345	2.515	8.875	13.486	-0.498	6.789	0.842	2.139	3.128	0.240
1.841	2.322	19.007	14.575	-0.040	16.878	9.182	4.101	1.242	-1.059
5.553	3.839	9.300	3.348	-2.052	12.996	4.460	3.136	2.057	0.244
1.644	2.017	7.034	4.675	-1.084	13.058	4.584	3.435	2.452	0.297
4.498	3.550	15.062	2.310	-1.326	8.929	3.084	1.075	0.354	-0.774
4.430	0.759	7.182	1.630	4.380	10.243	1.227	0.285	4.234	1.268
6.029	3.434	14.763	10.842	4.080	15.533	5.936	9.382	2.111	2.749
5.305	4.772	6.697	6.475	5.048	18.511	2.102	9.175	3.951	4.603
3.733	4.621	16.312	5.932	4.623	7.144	3.734	3.707	1.018	4.457
4.258	3.106	13.236	10.696	5.059	12.487	5.409	0.455	0.199	2.294
5.644	1.789	2.456	14.546	4.050	14.943	4.534	4.093	0.135	0.024
6.470	3.564	13.355	5.553	3.288	7.414	5.651	5.070	0.615	2.691
4.892	1.243	12.105	11.960	5.173	18.972	6.004	0.295	4.098	1.947
4.182	2.533	7.482	15.740	4.805	13.135	9.609	3.294	4.492	2.138
6.545	1.186	8.489	9.679	5.639	3.978	4.799	7.279	0.532	0.653
4.691	0.933	18.618	4.612	6.902	18.873	6.090	8.364	2.777	1.025
3.759	4.625	13.464	6.955	5.557	16.811	5.020	8.348	1.819	2.234
5.003	4.021	2.478	13.760	5.312	12.998	9.746	3.373	3.743	4.097
3.536	2.622	2.522	15.500	6.156	11.823	2.433	7.294	1.769	3.666
3.912	4.642	12.562	3.710	5.083	7.151	9.631	5.565	1.847	1.828
3.587	2.997	16.176	11.827	4.464	8.657	9.924	6.334	4.563	3.076
6.382	1.184	3.100	16.262	3.851	10.574	4.079	9.115	3.437	3.551
5.108	4.234	12.951	6.790	5.672	3.747	8.757	7.769	3.164	1.464
6.266	0.670	2.462	3.051	4.877	18.821	2.555	3.067	3.867	2.967
5.134	4.607	19.212	2.795	4.533	19.134	6.093	1.369	0.817	0.628
5.654	2.993	16.645	11.482	5.399	9.588	8.846	2.620	3.026	1.495
7.079	1.949	15.062	19.966	3.580	15.205	6.103	7.519	2.159	0.244
5.990	0.390	2.931	14.130	4.196	3.332	6.163	0.607	2.253	0.095
4.063	4.827	8.995	19.448	5.838	16.665	8.317	2.998	2.692	1.641
6.714	3.845	6.776	17.417	6.249	18.260	4.627	0.481	0.597	0.637
4.809	4.002	5.531	16.289	4.535	13.495	2.241	1.141	3.834	2.461
3.981	3.661	13.692	7.278	5.472	0.255	3.544	0.834	2.138	2.918
2.625	0.519	14.482	8.959	3.796	8.125	5.969	4.331	4.153	1.375
2.454	4.400	0.238	17.240	4.717	12.453	0.570	5.818	4.634	1.568
4.548	4.838	19.651	1.743	5.063	1.019	1.646	9.373	2.802	2.174
4.081	0.634	7.129	12.844	4.936	7.526	6.497	6.839	4.996	3.487
4.082	3.139	13.175	11.148	6.312	1.685	6.140	2.467	2.068	2.142
5.613	4.278	12.093	3.803	5.890	10.467	6.993	2.329	3.631	4.350
4.517	4.002	6.335	16.095	5.840	9.749	7.780	2.716	0.232	2.071
3.798	4.108	16.387	11.033	3.544	18.607	9.539	8.021	4.511	1.358
4.811	1.096	7.334	5.246	3.235	5.097	9.068	7.086	2.737	1.667
6.933	2.842	0.047	13.501	3.867	11.021	9.996	1.895	3.455	0.345
5.161	4.024	15.419	10.904	4.350	9.353	8.743	4.928	4.537	1.854
6.463	4.386	13.227	1.994	5.767	9.673	7.481	0.410	3.821	0.564
4.483	4.748	19.448	1.806	4.484	13.344	2.068	3.993	1.510	0.955
4.269	1.254	7.013	19.106	4.263	9.629	0.499	2.509	2.536	2.462
3.968	0.971	16.221	1.875	3.696	3.187	4.562	5.278	2.394	2.185
4.095	3.931	13.429	1.594	4.093	0.119	8.791	0.840	2.342	3.444
3.757	0.992	5.871	6.176	4.723	16.842	3.627	1.863	4.794	0.255
4.560	0.765	13.881	4.750	4.956	14.883	6.960	5.634	4.202	2.044
4.300	4.761	6.737	14.492	5.665	17.629	2.354	1.989	0.805	1.674
3.986	0.492	5.008	4.218	5.842	5.415	1.114	8.630	3.744	0.916
4.723	1.489	11.223	18.338	3.971	5.168	3.509	2.813	2.309	4.914
4.788	0.848	19.824	19.802	4.491	13.238	1.881	0.191	2.030	4.397
5.094	2.965	0.668	5.374	5.459	4.506	3.870	8.687	3.478	2.890
6.376	1.622	16.582	13.742	5.720	19.026	4.644	4.726	1.086	1.008
5.035	1.160	0.942	9.644	5.131	3.292	1.426	3.911	3.018	1.300
2.549	0.649	3.112	15.443	6.129	10.874	8.263	5.760	0.608	0.211
4.234	2.931	8.112	8.620	5.765	16.320	2.364	8.188	1.402	0.587
4.662	1.286	9.361	0.303	5.636	17.005	7.265	1.921	3.022	0.429
3.927	2.587	9.352	10.187	4.196	2.721	7.952	4.981	1.802	4.056
3.718	1.295	3.221	5.991	5.468	19.405	8.125	8.056	2.031	2.030
3.622	4.490	12.652	4.406	3.846	1.046	9.596	6.963	4.889	3.965
3.763	4.463	1.003	0.488	4.591	13.288	5.112	9.570	4.625	4.936
3.867	4.922	12.605	14.396	6.371	9.596	5.227	0.748	4.989	3.216
4.213	3.415	4.889	0.564	4.531	4.034	9.115	4.528	3.226	0.648
3.513	4.740	4.034	8.795	4.276	1.251	2.196	4.950	0.653	0.688
4.085	1.139	10.071	12.944	5.725	13.497	7.948	3.189	1.368	4.927
4.802	0.146	12.615	17.986	4.452	15.234	1.783	6.396	1.045	4.266
6.030	3.192	5.154	4.593	6.871	2.855	4.504	2.953	0.965	2.235
3.381	1.927	5.365	0.822	4.507	10.215	4.004	4.624	1.519	2.759
5.082	0.185	19.637	15.178	6.441	8.355	9.427	9.701	1.536	2.102
4.994	0.815	11.621	19.795	3.661	18.584	7.759	6.698	2.261	2.207
4.658	1.212	10.416	4.037	4.702	6.421	1.115	4.908	1.277	3.041
5.438	3.220	18.254	3.244	5.732	14.326	6.899	4.762	2.632	4.269
3.761	3.095	2.646	8.434	4.891	19.688	8.888	4.772	4.653	1.963
3.504	0.776	14.167	4.930	4.889	2.956	7.454	1.753	1.084	2.120
4.137	0.559	18.555	7.187	4.250	2.972	4.145	2.503	4.805	3.813
5.686	1.289	15.549	4.412	5.328	1.421	4.957	5.319	1.294	2.056
6.018	1.940	16.910	7.506	5.727	6.900	9.366	9.230	4.954	1.205
4.693	2.178	17.625	6.863	6.311	11.313	9.514	2.430	3.457	3.015
5.007	3.107	8.287	16.059	4.846	12.803	8.596	3.010	4.461	0.040
4.877	3.860	10.313	13.408	4.275	16.968	2.467	8.508	4.015	1.833
3.532	3.703	12.949	14.097	5.282	5.073	5.819	9.146	3.419	2.845
4.436	0.980	14.830	15.133	5.130	14.165	7.266	5.979	3.741	2.351
5.430	3.692	14.505	0.573	5.137	8.125	4.267	1.418	4.058	3.887
5.706	4.812	12.904	16.407	6.072	15.966	8.310	2.750	3.821	2.921
4.123	0.068	3.660	0.630	5.310	19.109	2.013	0.063	4.828	4.953
5.754	2.653	3.588	2.677	4.089	2.328	2.170	9.449	2.857	2.337
4.437	2.383	1.193	16.408	3.870	10.595	6.732	8.817	4.426	1.287
3.514	1.517	19.938	12.729	4.951	2.304	0.044	5.021	3.095	2.313
4.652	3.845	4.188	17.344	5.603	14.811	3.704	9.643	1.642	1.948
4.432	0.600	11.260	12.316	6.151	13.474	2.667	6.162	4.954	2.980
5.172	0.841	8.197	14.346	4.212	19.550	0.790	1.789	4.111	2.255
4.302	3.255	18.057	9.900	4.995	9.827	8.718	3.219	4.773	3.604
5.585	1.786	13.383	0.700	4.574	0.883	4.545	7.824	4.486	4.728
5.818	4.691	0.691	5.551	4.621	2.946	0.107	0.880	1.532	3.352
5.936	2.206	3.477	1.313	4.908	0.702	2.974	6.608	0.456	3.998
6.468	2.718	16.121	15.521	5.059	16.289	3.644	8.540	2.066	4.903
4.079	4.034	9.837	1.978	2.815	17.919	8.115	8.723	0.522	1.242
4.880	2.781	8.471	1.181	5.444	13.546	0.731	5.074	2.726	0.871
5.822	0.701	1.863	7.294	6.042	6.901	5.686	6.964	3.340	4.918
5.404	3.092	3.313	1.933	4.638	15.476	9.767	0.835	3.663	1.706
4.763	0.059	4.826	9.040	3.915	8.614	8.898	9.007	1.315	1.613
4.543	5.000	15.796	10.323	5.831	1.852	1.012	9.936	2.000	3.550
2.952	3.635	7.387	15.145	5.257	19.024	9.335	7.759	2.184	3.534
5.061	2.524	3.557	11.703	3.771	16.305	6.013	3.438	4.866	2.843
4.607	2.064	19.198	0.732	6.399	4.558	5.539	1.508	1.240	4.335
5.137	3.547	16.648	2.521	5.617	19.038	2.771	9.120	3.478	0.943
5.893	3.354	6.171	11.539	5.009	10.238	8.793	3.711	2.089	1.935
5.311	3.369	17.861	18.702	6.838	16.064	9.834	5.233	4.557	1.018
5.716	3.279	16.637	3.355	4.616	2.558	0.776	1.811	1.192	0.778
6.191	3.665	7.946	19.315	5.137	6.379	2.186	8.904	0.573	2.211
5.597	2.759	9.695	0.617	5.622	10.856	8.769	1.798	1.287	1.709
4.578	4.852	5.368	14.615	4.442	9.717	2.560	9.628	4.535	4.814
6.445	2.975	6.496	7.154	4.681	8.802	3.142	6.013	1.368	2.533
5.118	4.521	13.252	15.142	3.598	13.968	7.880	9.880	3.998	2.578
3.684	2.899	0.929	8.315	4.876	15.615	3.548	2.703	2.044	2.064
6.247	4.070	3.602	16.029	6.136	11.278	0.878	2.626	0.782	1.153
7.241	0.158	15.253	3.363	5.393	13.325	2.161	0.561	1.872	2.677
5.421	4.087	0.522	5.765	4.169	10.866	6.995	9.518	4.962	4.458
5.868	3.173	5.807	7.475	6.284	4.762	6.046	4.424	1.044	1.448
4.740	1.049	8.470	18.488	5.486	7.235	1.840	7.133	3.447	3.897
3.934	4.113	3.629	18.648	5.979	8.634	8.890	9.840	4.764	3.477
5.885	4.806	12.400	3.164	4.487	6.023	9.832	0.250	3.867	3.787
5.569	3.541	18.896	13.946	5.566	8.646	0.448	5.761	4.905	2.643
3.739	1.163	6.260	10.589	5.889	9.406	6.948	3.192	2.287	3.852
4.682	2.748	4.970	8.888	4.843	12.613	9.676	3.167	2.746	2.515
3.851	4.103	1.890	18.790	5.463	8.123	6.739	1.782	3.362	3.618
6.684	4.984	4.590	12.406	5.253	16.063	6.566	5.008	2.616	1.935
5.324	1.007	14.060	1.920	6.216	7.352	5.730	9.972	0.680	1.325
4.722	2.762	18.988	6.248	6.651	6.210	4.924	2.433	0.688	0.136
4.242	2.259	17.937	13.441	5.515	6.992	0.682	5.687	2.542	3.160
5.058	2.897	18.308	9.959	4.245	6.694	3.827	8.956	0.216	4.555
4.181	4.568	0.869	5.013	4.295	10.461	5.363	5.270	2.755	3.414
5.085	1.341	2.700	0.168	4.446	18.518	2.759	4.409	2.053	1.995
4.538	4.820	13.139	17.753	5.648	12.542	7.075	8.337	2.106	1.577
3.325	0.669	18.009	9.315	5.089	1.813	2.792	8.178	4.592	1.096
4.637	0.748	13.365	14.882	4.430	18.167	1.380	0.442	1.673	2.983
4.195	4.893	16.339	17.931	5.059	19.756	3.560	5.119	3.062	3.246
4.919	0.641	0.936	5.693	2.935	11.218	5.117	9.398	1.219	2.020
5.997	0.114	16.359	6.201	5.359	7.304	2.599	9.315	2.170	4.055
6.397	2.162	1.954	11.022	4.096	18.857	6.532	3.724	4.469	4.913
5.023	0.116	9.262	10.817	5.740	12.311	8.119	8.209	1.976	2.059
4.286	4.064	12.491	12.214	5.419	9.760	4.869	9.034	1.706	2.146
5.332	1.780	2.411	17.107	4.852	17.339	2.015	5.861	1.202	2.710
5.443	1.013	5.330	3.146	3.922	13.330	2.061	7.416	2.106	2.578
4.870	1.033	5.574	6.381	6.689	18.472	5.762	2.399	3.178	0.272
3.477	1.812	12.885	13.685	6.170	15.529	3.868	8.085	2.151	1.469
7.259	1.943	19.106	7.139	3.974	18.715	6.399	1.007	0.745	4.015
3.879	0.824	18.336	16.361	4.942	11.740	1.847	4.405	4.643	1.641
5.366	2.808	17.711	7.613	5.331	2.115	6.827	0.499	3.026	1.417
5.335	1.074	19.210	2.021	4.604	11.470	3.600	6.233	1.386	3.344
4.681	0.637	1.072	15.797	4.331	15.721	5.783	0.189	2.454	0.567
5.140	2.419	14.568	15.381	3.786	18.900	9.663	2.272	0.692	2.015
3.006	4.969	10.919	12.909	3.986	9.493	0.915	1.768	3.090	4.797
4.680	2.566	0.393	8.885	5.490	14.023	4.768	0.889	3.062	0.281
4.682	0.486	3.616	8.757	5.868	13.122	8.912	4.826	0.559	1.813
3.861	2.408	2.629	0.670	3.041	1.259	9.811	0.933	2.429	2.273
6.253	1.360	14.468	8.310	5.944	9.122	1.302	8.404	4.742	4.751
5.456	3.361	1.943	19.524	3.669	7.135	4.302	9.022	2.503	1.922
4.716	2.543	1.886	10.744	2.836	9.650	6.409	5.845	4.142	0.369
4.075	3.621	5.172	15.854	5.734	16.758	7.349	6.586	0.475	1.641
5.894	3.025	10.803	6.976	5.237	10.725	0.124	0.207	4.033	1.038
7.401	3.436	9.193	12.257	4.526	3.457	2.334	8.068	3.611	4.062
5.908	4.446	12.348	16.311	4.712	6.195	1.643	7.628	3.980	4.806
5.291	0.720	3.698	10.698	4.676	16.928	5.682	0.156	4.944	1.159
3.916	0.266	11.874	0.523	4.988	2.370	5.867	1.801	4.445	3.815
4.977	3.837	12.245	1.146	5.344	17.197	5.355	2.308	1.537	0.226
5.375	0.910	19.623	8.235	4.758	15.948	0.388	6.320	0.634	2.563
6.114	4.172	11.133	19.881	4.131	8.360	3.311	3.160	4.478	3.226
4.436	0.068	5.598	0.282	5.692	0.918	4.483	5.880	2.472	3.720
6.614	1.755	11.469	0.907	6.257	1.334	4.243	0.460	3.148	0.277
4.633	0.528	16.092	9.432	5.405	3.437	2.776	0.175	2.303	3.165
5.054	3.454	3.737	8.524	5.090	17.565	6.975	8.178	4.198	1.856
7.609	3.317	16.781	13.655	4.020	9.052	5.645	5.691	0.835	2.494
4.307	0.926	1.412	15.289	3.588	14.680	4.319	6.827	0.138	4.428
6.536	2.579	17.459	1.169	3.948	15.672	3.646	9.176	4.851	1.093
5.648	0.347	0.793	11.379	5.160	18.175	8.942	9.124	2.341	0.139
4.619	3.182	7.868	3.288	3.960	17.010	7.114	9.669	1.736	3.596
5.857	4.740	13.878	3.848	5.691	13.369	1.728	0.485	2.373	3.346
4.024	2.990	12.840	3.856	5.473	1.266	1.346	9.330	4.164	0.261
3.939	2.530	17.802	13.528	4.791	4.930	7.493	6.482	4.825	1.088
1.834	3.105	11.260	1.872	5.012	4.109	3.980	5.875	4.885	2.993
5.187	1.516	6.885	17.063	6.220	12.623	1.086	0.117	2.102	0.710
5.249	4.800	6.690	13.475	6.403	7.432	0.838	8.786	2.518	0.311
4.446	2.945	13.401	7.474	5.236	17.206	4.910	7.794	2.358	2.830
6.662	0.128	13.122	2.745	4.004	17.575	6.952	9.360	2.957	2.587
4.794	3.434	11.779	0.093	5.390	4.289	2.923	7.762	1.809	3.901
5.423	2.884	4.103	11.621	6.103	12.185	3.109	1.838	2.764	4.138
3.082	2.946	10.367	9.436	2.514	12.940	4.985	3.785	0.638	1.709
6.973	1.990	12.378	0.135	5.621	0.748	3.184	6.068	1.091	4.209
4.804	3.384	12.082	19.072	5.622	14.667	0.530	2.678	3.327	1.535
4.653	2.818	10.012	3.936	4.772	7.030	2.531	5.993	2.590	0.331
6.780	4.695	4.100	9.472	6.164	5.124	2.565	6.800	0.421	4.317
6.352	2.531	2.241	16.458	5.877	15.636	1.707	6.367	3.922	1.383
4.256	1.929	1.831	19.216	6.202	7.386	6.283	6.741	1.289	2.170
7.105	1.674	12.771	11.855	4.586	15.036	7.478	5.872	1.814	3.395
5.985	3.894	18.639	15.995	5.092	13.315	2.075	5.294	0.547	2.858
5.512	4.380	6.536	10.558	4.724	18.382	3.219	8.317	0.021	0.105
3.828	3.562	2.209	18.037	4.072	8.347	2.153	6.207	3.601	3.734
3.291	3.682	7.875	10.584	3.971	11.151	8.218	4.737	1.483	2.497
4.625	2.750	8.237	16.763	3.781	4.121	7.717	2.406	4.432	2.667
5.290	4.491	8.153	15.740	6.351	15.575	1.248	3.647	3.395	2.149
3.622	3.487	4.182	10.224	5.150	19.031	2.098	0.066	3.125	2.935
4.505	2.888	10.185	6.246	6.273	0.888	2.634	5.771	1.503	0.602
4.035	2.372	0.984	19.224	5.443	16.378	8.708	5.014	4.203	4.287
4.484	0.170	7.734	3.150	5.873	16.526	1.402	5.245	4.080	2.834
4.428	3.889	18.715	10.176	4.837	13.073	2.279	0.231	0.196	2.040
4.195	0.266	18.857	11.803	5.203	0.630	1.268	7.465	4.253	2.025
5.687	0.810	2.131	3.536	5.506	3.821	9.352	1.150	2.414	3.610
5.516	0.708	16.911	2.909	6.408	6.209	5.329	4.323	3.136	4.475
5.053	4.084	4.432	17.031	4.782	1.421	8.603	2.465	3.595	1.862
3.045	0.723	14.453	1.269	6.030	17.379	2.669	0.182	3.938	3.376
3.941	2.225	1.170	13.757	4.904	15.019	2.385	6.918	4.848	2.745
4.814	0.194	0.444	7.643	5.329	13.292	6.415	0.869	2.894	3.550
4.752	3.188	10.788	2.094	4.832	2.143	4.943	1.483	1.356	2.958
6.212	3.405	8.060	8.952	5.116	17.488	0.942	6.802	4.271	3.540
4.732	3.604	0.712	15.530	4.327	19.639	4.415	9.720	4.990	0.351
4.441	4.967	7.784	2.788	5.178	19.932	0.038	9.241	1.204	0.651
2.860	0.334	2.768	7.342	4.672	1.533	9.458	0.228	0.260	2.038
6.303	3.032	1.071	0.266	4.850	18.458	9.910	8.040	3.917	0.544
2.660	3.310	13.065	16.125	4.819	12.862	2.354	6.091	0.942	3.440
6.270	3.477	1.007	0.639	5.227	11.588	4.702	2.404	0.355	0.361
5.127	3.058	4.956	2.523	6.334	2.148	0.061	0.624	3.113	3.907
3.250	0.996	2.455	10.779	6.352	3.833	5.959	1.400	3.206	0.588
4.791	3.352	0.352	5.410	6.879	14.020	7.169	1.476	3.924	2.884
5.195	0.873	15.358	11.923	5.153	12.826	2.824	0.362	3.643	1.649
3.917	0.697	12.404	2.223	4.609	14.917	6.963	2.507	3.244	0.168
5.424	0.609	17.738	4.984	5.354	0.657	7.005	3.564	2.885	4.051
5.854	1.428	0.821	2.023	6.437	11.659	6.363	0.502	0.080	0.174
4.490	1.010	12.199	16.288	5.424	15.063	3.175	2.527	0.686	1.248
5.365	3.113	8.448	3.812	5.722	1.236	1.862	9.573	1.149	3.661
5.168	3.424	10.933	0.140	3.752	7.622	7.806	6.143	2.771	1.633
4.305	3.214	8.311	16.329	4.081	2.316	2.033	4.655	3.168	4.635
5.943	4.386	11.075	10.355	5.016	9.218	0.419	6.926	1.799	4.202
6.355	0.203	5.651	7.431	3.643	19.618	7.763	2.649	2.417	1.447
7.143	0.336	8.045	8.600	5.500	19.049	0.917	8.457	4.220	1.609
6.537	3.188	15.049	9.866	5.782	7.482	9.953	8.927	4.532	2.803
3.432	4.196	11.171	18.288	4.283	2.706	1.296	0.611	3.411	4.372
4.357	4.405	5.281	11.624	3.239	6.543	0.818	3.128	1.765	2.431
6.737	3.107	4.288	11.588	3.961	4.417	8.893	7.289	2.919	2.421
4.529	2.865	5.941	10.580	7.595	1.078	1.277	8.565	4.281	0.739
7.144	4.517	2.428	6.466	6.811	0.177	2.831	6.489	1.557	4.114
5.574	4.056	13.639	3.772	4.493	15.866	9.781	6.393	3.795	3.165
5.474	2.486	3.017	2.545	4.627	19.770	1.413	9.398	2.963	3.695
6.181	0.582	8.767	11.392	4.430	16.638	5.367	0.846	3.016	0.041
5.125	4.588	6.601	4.267	2.745	13.803	9.104	8.054	0.182	3.885
3.826	1.884	0.921	9.527	4.515	17.479	3.592	6.913	3.882	1.250
4.641	1.460	9.337	5.893	5.522	16.117	9.179	9.299	2.152	3.366
5.263	2.851	0.005	19.975	4.850	5.855	7.247	9.787	3.100	1.942
6.396	2.656	10.636	10.931	5.569	14.547	9.828	8.132	3.788	0.970
5.794	4.306	7.126	2.351	6.900	18.455	1.119	3.613	3.158	1.682
5.159	2.680	13.886	7.569	4.697	2.896	6.876	3.046	2.841	3.241
4.813	0.060	8.960	19.997	5.889	10.503	9.650	1.976	1.246	0.750
6.934	0.108	12.316	8.319	2.593	11.648	0.223	-5.717	3.589	-6.715
3.232	3.899	13.704	9.676	11.616	0.083	1.006	-5.338	0.238	-7.657
7.033	2.042	9.744	19.414	14.970	1.609	8.749	-7.564	0.504	-7.368
6.282	3.309	15.566	15.428	9.937	7.071	8.056	-7.732	4.900	-8.790
7.281	3.539	12.718	15.067	0.933	11.782	5.610	-7.776	0.323	-7.470
7.761	4.333	5.386	3.110	9.046	0.403	3.855	-6.500	4.450	-7.869
1.134	0.266	12.670	17.919	6.087	16.519	7.847	-7.347	2.952	-4.299
8.512	1.805	10.421	3.276	16.527	9.878	1.142	-8.370	3.775	-7.046
0.198	3.400	19.292	4.972	10.700	14.391	4.196	-6.852	2.106	-5.911
5.564	3.332	12.841	7.680	13.697	14.763	1.762	-6.480	3.330	-5.940
7.079	2.696	14.303	5.446	11.007	6.396	9.214	-7.547	2.409	-7.103
4.210	3.071	15.083	16.783	15.011	8.281	0.459	-7.054	0.971	-6.178
7.443	0.373	6.745	14.609	7.999	6.199	3.033	-5.796	1.690	-4.832
8.632	1.563	13.263	15.147	3.537	15.264	0.951	-6.107	3.179	-5.578
4.507	0.801	1.450	17.489	16.222	16.306	1.358	-7.113	3.940	-7.112
6.242	3.670	11.846	9.300	9.332	14.036	2.839	-7.874	2.075	-7.030
6.138	4.654	19.741	18.424	7.978	18.890	2.295	-7.313	3.541	-7.158
0.412	1.231	0.148	17.242	13.843	2.168	4.973	-5.286	1.005	-6.898
9.715	0.711	13.838	3.154	9.230	8.119	6.607	-6.929	4.550	-5.872
7.223	3.747	4.811	1.317	15.508	5.993	9.837	-6.802	1.705	-6.468
9.314	4.274	10.800	4.519	18.115	13.526	4.134	-7.140	3.054	-5.836
3.245	4.302	5.901	18.285	10.466	19.165	1.968	-6.312	0.086	-9.726
4.336	2.784	13.796	10.941	10.684	8.911	4.564	-7.180	3.884	-7.009
6.504	3.606	11.890	12.348	7.766	17.767	2.011	-7.016	2.010	-8.198
3.741	2.614	16.873	6.365	4.445	4.674	7.067	-7.614	3.181	-8.577
7.472	0.144	2.194	10.906	2.287	10.923	0.480	-7.071	2.222	-6.773
3.810	0.341	7.397	19.526	13.200	16.087	5.452	-7.523	4.869	-8.059
5.098	1.719	0.127	10.345	14.208	7.365	1.288	-6.602	1.431	-5.747
4.680	1.643	18.982	9.417	6.035	13.509	8.942	-5.136	1.566	-6.620
1.334	1.849	6.386	3.985	12.067	15.618	5.691	-6.979	4.303	-7.036
9.237	2.663	1.276	2.968	4.335	2.247	2.615	-6.853	3.951	-5.752
4.049	2.277	11.928	17.367	14.408	9.121	4.209	-7.554	1.522	-7.181
8.139	2.371	8.947	14.311	9.572	19.151	8.420	-5.950	2.340	-7.415
4.088	4.326	4.961	4.809	10.631	10.921	0.672	-7.885	0.240	-7.713
8.999	1.143	5.920	2.774	6.608	5.524	8.780	-8.503	2.561	-7.577
2.450	1.393	16.873	8.837	4.907	7.757	7.335	-7.102	2.711	-5.045
4.871	2.783	11.391	18.181	7.499	8.756	6.534	-6.448	2.773	-7.451
9.642	2.976	19.493	14.298	15.662	0.197	1.245	-8.700	3.305	-6.984
5.602	4.744	3.635	18.068	8.571	17.317	7.826	-7.678	3.446	-9.195
3.454	0.613	2.537	15.654	17.815	6.267	3.091	-8.433	3.850	-6.670
6.804	3.260	3.160	7.207	14.242	14.258	6.780	-6.534	3.760	-7.587
3.116	1.676	0.273	5.274	13.011	14.632	0.167	-7.219	1.653	-8.754
0.855	3.553	17.325	10.794	11.607	19.874	3.128	-6.035	3.643	-8.220
1.933	4.181	18.717	4.102	12.066	13.450	4.844	-7.267	0.071	-7.251
7.725	2.880	14.415	12.257	9.121	13.353	8.737	-7.962	0.099	-7.372
7.773	4.637	4.895	17.080	13.811	10.457	7.634	-6.707	4.183	-7.346
5.838	2.701	11.812	13.278	0.971	10.399	1.643	-7.283	2.027	-8.795
3.456	3.709	15.785	14.078	17.205	2.575	6.104	-6.658	0.608	-8.518
2.430	4.114	18.447	17.285	17.951	14.597	6.535	-4.908	0.179	-7.140
0.270	1.940	17.869	18.672	2.158	1.152	7.520	-8.803	3.431	-7.309
4.532	1.775	3.201	2.785	6.920	3.105	4.536	-7.051	0.835	-8.556
8.464	1.977	12.706	9.515	5.761	17.367	7.966	-8.975	0.807	-6.158
8.843	1.457	19.323	18.945	19.540	5.196	5.686	-7.835	0.409	-7.499
9.492	3.820	16.375	19.195	0.551	10.109	6.706	-6.923	0.318	-6.404
4.809	3.282	14.262	10.427	14.580	1.994	6.739	-5.450	3.418	-7.095
1.014	0.475	2.604	18.931	16.125	2.194	9.970	-6.061	2.244	-6.021
9.599	4.304	15.607	4.744	8.757	16.243	5.140	-5.790	4.578	-5.757
3.472	1.333	13.955	10.004	14.541	4.137	3.565	-6.708	4.781	-8.700
9.140	3.861	17.776	16.352	6.579	6.774	6.542	-8.001	4.304	-6.734
0.253	2.247	15.382	1.340	6.299	4.506	4.978	-7.387	1.806	-7.674
5.272	2.934	13.291	17.764	6.946	3.699	0.253	-7.291	0.238	-5.292
5.416	2.143	11.789	7.691	15.324	17.500	6.841	-7.308	1.784	-7.104
1.259	1.434	4.627	19.718	18.142	7.950	6.835	-6.189	2.660	-7.356
4.883	4.420	14.695	0.918	1.791	4.311	0.949	-7.016	1.891	-8.215
6.045	0.439	16.522	9.515	2.392	9.688	9.135	-6.102	1.442	-5.737
1.810	0.719	2.395	15.316	12.556	13.766	2.995	-7.592	2.741	-9.285
3.738	1.262	16.988	15.083	7.294	10.139	7.904	-7.094	0.662	-7.429
1.876	3.405	4.881	4.530	0.303	3.515	5.261	-8.505	3.339	-5.793
7.386	3.227	5.874	9.321	17.288	10.275	4.689	-7.034	2.660	-4.568
7.368	2.304	15.959	9.794	1.723	5.547	7.307	-8.114	3.706	-7.901
2.007	0.009	1.674	16.571	5.403	12.780	8.409	-4.851	2.371	-7.783
2.586	1.904	5.997	14.152	14.527	2.698	0.713	-8.024	4.466	-4.723
7.902	4.567	15.912	0.449	11.423	1.571	7.622	-4.753	1.402	-7.654
2.732	2.145	5.980	9.787	7.332	0.222	8.623	-6.326	0.890	-7.277
6.810	3.723	18.725	3.824	10.307	14.127	4.568	-7.241	3.213	-8.867
5.713	3.708	8.709	10.311	13.151	13.619	1.715	-8.111	4.845	-5.787
4.432	2.031	15.626	10.876	3.449	8.966	8.827	-6.102	2.950	-6.913
8.156	2.533	2.048	0.065	8.521	7.294	1.055	-6.763	4.694	-6.552
9.384	0.996	9.953	4.256	14.373	7.590	7.713	-7.980	3.233	-6.715
6.736	1.039	11.170	10.705	10.069	15.698	8.629	-6.968	2.691	-7.197
2.270	2.803	10.511	16.700	19.731	3.635	9.504	-6.680	1.012	-6.817
0.904	1.345	18.941	14.713	8.804	19.668	7.290	-6.349	0.144	-8.983
9.761	0.554	1.082	19.812	12.483	5.063	5.285	-7.639	0.985	-8.035
0.853	4.689	11.454	6.822	8.824	6.438	7.369	-7.940	1.545	-5.660
6.757	3.814	7.718	6.565	6.952	9.913	1.550	-7.926	2.291	-6.830
0.381	2.203	10.601	8.281	5.700	6.985	8.911	-6.268	1.269	-6.243
8.619	1.178	7.375	10.553	17.577	12.422	4.975	-8.667	2.831	-7.349
5.493	1.645	17.196	18.697	13.748	9.829	5.436	-6.311	3.517	-7.540
0.766	4.825	19.518	5.509	5.838	9.563	4.238	-7.708	0.784	-6.660
5.129	2.331	8.236	19.421	14.809	14.118	0.143	-5.661	0.811	-7.675
5.547	2.125	7.188	9.910	17.689	15.319	3.642	-7.633	1.149	-6.037
8.782	0.584	11.944	5.468	5.389	17.996	1.246	-7.762	4.513	-6.937
6.517	3.516	19.536	19.040	12.596	5.545	7.271	-8.212	0.617	-6.705
5.819	0.124	11.413	7.447	1.524	1.270	7.700	-7.663	1.571	-7.673
0.611	4.302	8.711	3.303	5.867	14.452	2.973	-4.376	1.574	-6.896
8.769	0.533	9.220	14.597	4.050	12.591	6.195	-6.659	3.918	-5.329
4.721	2.033	1.557	6.155	17.118	3.728	4.290	-8.352	0.530	-7.214
7.741	1.332	6.656	5.308	16.534	18.941	7.899	-7.057	2.136	-7.327
0.240	3.128	17.992	11.413	16.168	1.796	8.741	-7.921	2.146	-6.804
9.970	3.760	0.637	5.250	6.770	6.193	4.004	-6.720	1.990	-5.748
7.659	4.628	12.686	8.087	2.150	10.642	5.652	-7.249	1.207	-7.922
6.846	4.702	4.366	6.318	7.298	9.822	6.355	-6.382	4.167	-6.076
5.753	0.890	14.752	10.973	13.506	13.110	7.494	-6.586	0.165	-7.814
2.523	1.305	18.153	3.216	4.045	1.098	3.071	-7.436	2.308	-7.957
2.477	3.202	4.246	3.001	16.564	8.896	2.234	-7.565	4.441	-5.378
2.314	1.080	6.249	12.918	19.205	18.396	8.276	-8.720	1.488	-7.562
3.873	0.259	14.459	7.730	11.120	2.573	4.037	-5.509	3.878	-6.613
5.483	4.044	10.534	17.840	18.586	4.296	6.128	-6.547	3.397	-4.530
2.669	4.955	4.244	8.334	8.011	12.408	7.600	-7.154	1.680	-6.445
4.220	3.255	17.217	4.520	15.373	15.270	5.852	-7.742	2.509	-6.234
9.330	3.519	17.216	19.871	10.782	19.177	3.116	-6.162	4.149	-6.595
4.699	1.384	15.024	2.858	17.801	11.287	4.467	-8.289	3.474	-6.282
2.088	4.965	7.643	1.496	6.699	15.077	2.435	-6.210	4.633	-7.663
2.369	2.217	10.643	2.198	2.982	3.113	0.021	-8.099	1.316	-7.074
9.143	1.658	4.493	10.422	3.875	3.313	7.507	-6.765	0.615	-6.120
4.199	2.692	0.542	9.534	16.397	4.136	7.068	-6.437	2.233	-6.339
1.789	2.712	18.276	1.020	17.079	5.103	2.300	-7.976	0.552	-5.414
4.213	0.106	14.847	8.008	18.185	9.202	2.525	-6.354	0.654	-5.303
1.840	0.955	11.062	6.757	14.848	18.844	5.937	-7.113	4.757	-7.846
5.585	1.536	0.101	1.518	11.764	15.702	3.443	-7.358	0.647	-8.066
6.452	0.396	14.703	0.213	10.315	8.627	6.583	-6.019	4.114	-6.774
3.154	1.942	4.229	7.287	17.258	17.367	1.305	-8.080	2.537	-6.374
7.219	1.709	16.914	15.481	14.399	16.936	7.754	-5.892	3.797	-6.901
6.121	4.222	18.439	13.405	16.290	9.818	5.236	-4.576	3.606	-6.762
4.500	3.219	14.423	6.490	15.328	15.535	9.530	-5.406	1.619	-6.884
3.073	1.327	10.327	3.795	17.278	19.096	5.326	-6.945	0.866	-7.243
0.738	0.841	14.462	6.657	18.847	8.239	0.123	-7.822	0.505	-5.661
2.354	2.567	1.191	16.001	4.149	16.359	1.287	-8.463	0.952	-7.831
0.061	2.738	8.716	16.909	19.430	16.010	0.916	-7.477	3.495	-7.911
2.168	2.929	14.857	7.259	5.807	1.280	5.073	-7.390	2.660	-7.580
9.403	1.879	12.102	7.495	7.285	16.801	0.757	-7.208	0.621	-4.801
7.262	1.098	10.449	3.694	17.758	15.900	4.517	-8.969	0.821	-7.184
3.846	4.383	0.991	6.480	7.133	0.801	9.659	-6.661	1.670	-8.475
1.003	4.157	9.439	9.159	1.112	8.297	9.068	-7.448	4.363	-6.372
8.846	2.199	5.608	16.394	14.083	4.992	5.528	-7.913	2.205	-6.851
5.056	4.145	2.670	0.062	10.156	3.168	0.297	-6.769	3.878	-7.689
6.490	2.854	12.351	15.700	14.451	5.828	4.827	-7.252	2.450	-7.650
4.584	4.568	11.155	5.611	5.111	17.246	7.746	-8.388	0.049	-7.517
7.555	1.295	0.205	2.172	4.410	4.171	2.180	-5.396	4.534	-5.452
3.767	4.447	3.401	2.412	18.565	12.646	5.176	-5.413	4.754	-8.175
7.462	3.716	13.559	1.143	16.384	6.407	0.823	-6.617	3.059	-7.834
4.370	2.628	4.848	16.736	14.675	16.662	4.019	-7.310	4.625	-6.826
7.197	2.966	5.498	5.365	12.549	14.117	7.024	-7.428	4.129	-7.582
8.232	2.615	5.874	2.141	2.707	3.303	1.608	-6.844	0.111	-6.311
3.500	2.497	7.373	16.141	15.033	11.089	1.814	-7.587	4.025	-7.174
4.370	2.287	14.063	17.212	19.579	17.611	3.184	-7.382	1.988	-5.429
3.765	1.355	2.437	12.110	5.943	5.751	8.361	-7.309	3.938	-6.478
9.820	2.515	8.688	0.311	8.130	0.713	0.557	-7.761	2.439	-7.561
7.558	0.063	11.000	16.897	2.996	4.940	2.727	-7.260	3.423	-7.360
6.964	2.351	4.332	7.071	12.843	18.111	8.226	-6.108	4.391	-7.011
7.981	3.348	2.685	13.045	14.194	4.403	7.235	-5.748	1.538	-6.207
6.021	3.567	10.521	5.862	13.438	7.229	7.741	-8.100	4.672	-5.261
9.104	1.831	19.383	12.331	4.586	13.860	0.875	-8.461	1.729	-6.747
0.670	4.983	10.395	9.457	19.576	5.225	0.944	-7.220	1.910	-7.004
1.889	2.640	19.837	10.285	0.600	19.054	8.223	-7.851	3.735	-8.689
3.393	2.538	3.994	17.283	13.030	14.180	4.197	-6.931	4.102	-8.193
0.232	3.387	6.958	19.723	3.067	2.625	2.710	-6.005	2.188	-8.467
6.878	2.481	1.099	5.798	4.247	14.001	9.942	-9.299	1.751	-7.637
7.642	4.377	4.909	0.830	17.823	15.184	7.190	-6.879	1.234	-6.044
1.345	1.398	11.595	5.604	13.964	17.425	0.793	-6.123	0.772	-7.273
8.247	0.327	19.277	14.275	1.571	2.061	4.164	-7.965	4.080	-8.119
7.233	0.384	6.336	14.465	6.690	7.043	2.608	-4.969	2.667	-5.271
2.436	3.308	18.000	18.961	17.047	16.690	8.314	-7.518	4.677	-5.924
3.220	3.170	13.478	1.249	11.362	16.078	3.382	-7.842	2.797	-6.189
7.130	0.411	11.735	10.889	1.478	9.426	9.140	-5.352	0.302	-6.059
0.712	2.156	7.721	18.088	6.843	7.279	0.871	-6.125	4.751	-6.469
2.851	2.060	18.583	6.026	9.939	6.199	3.238	-8.476	4.068	-6.593
2.151	4.331	7.321	10.236	10.810	3.727	2.588	-8.856	2.904	-7.628
7.316	0.056	15.871	15.034	2.154	7.639	7.630	-7.390	0.534	-6.878
7.780	3.338	9.766	12.712	3.862	18.799	1.026	-7.816	0.106	-6.422
0.806	3.327	0.341	8.770	0.155	12.135	9.077	-5.869	1.385	-6.792
4.507	0.245	10.751	3.698	7.047	9.530	3.197	-7.927	1.955	-7.989
7.318	3.375	13.564	5.624	18.906	6.880	9.048	-6.915	1.032	-7.423
2.616	0.399	9.153	1.071	7.046	9.441	6.482	-8.086	2.449	-5.771
8.527	0.533	11.619	0.419	11.876	16.976	1.965	-4.254	2.838	-5.102
8.277	2.698	10.488	6.643	0.914	2.603	0.770	-7.103	0.913	-5.301
5.481	3.842	0.699	7.817	18.478	2.048	7.363	-6.548	2.951	-8.348
9.626	1.779	3.635	15.064	2.692	17.311	8.783	-6.909	0.661	-5.594
6.328	0.561	16.613	0.985	0.621	16.276	0.957	-6.862	3.732	-6.628
6.831	2.600	11.159	19.159	12.910	12.316	4.911	-7.354	1.152	-7.530
0.641	2.798	0.761	16.896	13.308	3.957	8.393	-5.347	0.014	-5.198
0.526	3.399	6.269	2.087	12.260	12.090	1.502	-6.788	3.628	-5.353
1.894	3.263	2.533	13.226	3.133	8.945	4.220	-7.505	4.417	-8.423
7.166	3.940	16.293	16.811	4.260	8.738	5.860	-7.115	0.215	-7.468
0.823	1.032	8.171	17.676	12.398	7.844	2.247	-6.854	1.269	-6.418
9.579	4.015	2.869	3.648	7.093	4.138	8.729	-7.485	1.759	-7.783
1.759	2.618	18.281	10.990	18.459	15.237	9.839	-7.536	2.100	-8.085
9.287	2.376	2.549	2.145	1.957	5.128	2.538	-6.195	2.590	-5.946
7.615	1.613	16.234	12.154	3.568	0.451	2.012	-8.259	4.352	-7.224
8.920	2.447	1.471	16.475	14.767	11.011	6.400	-7.016	0.311	-6.627
7.963	1.888	9.426	12.178	9.528	15.221	9.764	-6.087	2.153	-7.367
9.732	1.301	9.458	16.094	1.793	19.698	3.254	-6.501	4.393	-7.625
1.954	0.787	5.599	7.653	12.771	4.103	8.127	-6.697	3.516	-6.220
3.023	3.151	13.560	9.097	4.089	14.362	3.448	-5.467	1.232	-6.829
7.637	1.023	8.039	0.979	2.255	6.014	5.626	-8.235	3.151	-8.904
5.067	0.066	11.542	8.063	19.229	19.426	8.895	-5.400	2.546	-6.284
8.843	4.489	0.867	8.222	8.523	0.694	1.923	-5.509	0.161	-7.007
0.989	3.896	1.198	3.010	7.123	18.064	2.280	-7.560	2.863	-6.021
1.214	0.067	10.386	15.758	17.867	8.870	7.710	-7.867	2.394	-6.737
8.608	3.120	18.194	0.651	11.476	12.797	9.943	-7.464	2.354	-6.538
0.929	1.024	15.420	3.684	7.704	12.577	8.896	-7.163	2.633	-6.719
2.897	2.833	8.429	2.016	1.760	13.909	7.192	-7.295	0.405	-8.810
0.331	3.633	6.957	16.125	2.139	13.396	8.119	-7.469	1.618	-8.813
3.503	4.983	0.012	12.217	12.512	4.807	3.379	-8.526	3.658	-7.845
6.618	4.095	14.545	15.227	3.762	10.474	2.620	-8.537	2.045	-6.538
3.469	0.309	14.282	8.915	12.537	6.798	7.635	-8.244	3.356	-8.011
7.296	1.564	1.828	3.264	1.754	6.947	3.061	-5.032	2.630	-7.476
5.341	4.217	6.044	3.217	18.566	16.314	1.517	-7.840	1.598	-6.487
0.342	4.917	3.281	15.114	18.786	10.230	5.177	-6.289	0.489	-6.454
7.284	4.178	7.325	0.061	8.057	4.172	5.483	-7.339	4.276	-7.949
9.842	0.360	16.854	0.454	2.530	11.486	8.356	-7.603	3.254	-7.039
8.589	0.854	7.960	11.172	8.182	11.438	1.967	-7.480	4.687	-6.387
4.811	0.206	3.737	4.204	10.035	8.023	8.145	-6.972	4.562	-8.036
3.556	2.448	4.412	7.682	15.343	5.573	7.366	-6.864	3.712	-7.173
1.245	2.543	2.532	16.966	6.968	1.766	0.875	-6.484	3.663	-8.101
3.951	2.972	13.145	8.003	7.629	5.519	5.234	-6.097	3.283	-5.408
3.091	4.947	3.856	2.832	10.491	0.148	5.339	-6.146	1.656	-6.080
4.325	2.017	6.020	7.828	10.743	7.890	1.043	-7.148	2.381	-7.620
5.570	1.139	12.482	8.440	10.926	7.875	4.627	-7.357	2.504	-7.274
9.350	4.095	5.551	0.006	13.649	0.604	0.406	-5.387	2.719	-6.871
4.902	1.596	2.064	12.984	12.172	3.825	0.885	-7.402	0.606	-6.418
8.796	1.003	14.543	2.356	6.024	15.050	1.351	-6.837	0.892	-6.019
0.843	2.993	0.361	10.141	8.091	5.595	8.612	-8.336	1.045	-7.277
5.999	1.449	12.403	13.362	9.984	18.099	1.127	-6.170	1.536	-7.331
8.074	2.877	15.369	14.743	12.036	13.733	4.000	-7.103	1.086	-5.523
6.809	0.928	13.290	6.807	3.968	7.713	9.918	-6.977	2.270	-6.358
8.706	2.374	5.391	9.600	7.687	18.077	5.796	-6.176	4.044	-4.830
0.371	2.080	13.780	13.932	19.540	2.138	7.269	-6.975	0.138	-6.813
5.361	4.011	18.504	5.491	19.271	13.994	6.084	-7.732	1.002	-6.916
6.374	0.585	2.315	17.004	13.767	1.812	7.043	-7.167	1.260	-7.602
7.460	2.256	11.812	6.079	7.860	16.312	0.075	-6.469	2.184	-7.259
6.351	0.108	7.969	12.869	14.524	5.092	6.986	-6.691	2.700	-7.114
1.180	1.146	1.397	16.923	15.772	17.641	3.841	-7.179	1.669	-8.558
6.651	1.957	5.564	17.817	14.521	4.680	1.761	-6.784	3.375	-7.799
0.595	4.815	3.972	10.955	2.204	13.701	2.094	-6.643	0.967	-6.682
5.645	3.635	8.413	18.668	18.769	15.558	5.490	-7.117	2.412	-6.281
6.543	4.909	11.082	4.734	9.855	1.064	3.436	-6.217	4.876	-9.022
4.362	2.447	7.329	18.274	3.945	11.926	6.789	-5.814	3.702	-7.411
7.358	2.480	16.072	8.930	6.535	18.395	0.400	-7.992	3.090	-6.996
5.495	0.141	6.419	2.023	10.511	18.823	2.159	-6.607	2.220	-7.016
6.738	1.271	9.706	8.696	11.892	18.786	4.370	-7.789	2.856	-7.234
6.528	4.919	8.310	0.689	5.300	11.933	0.870	-7.312	4.913	-6.179
5.022	3.466	18.286	7.049	8.692	0.100	1.797	-5.108	2.827	-5.372
2.068	4.460	7.138	7.344	12.334	18.081	7.764	-6.487	0.472	-8.255
0.028	4.961	18.106	6.646	4.180	19.309	4.038	-8.178	4.969	-7.158
9.995	4.515	17.122	8.172	16.831	0.434	9.113	-6.941	4.246	-8.351
0.045	3.899	1.940	2.720	8.348	11.879	7.567	-6.491	4.957	-5.691
0.881	0.013	14.748	18.647	5.704	16.267	9.184	-6.954	4.391	-6.856
8.757	0.777	6.802	1.934	10.555	13.192	2.116	-6.205	0.422	-7.064
5.947	2.040	14.932	5.029	9.106	6.871	0.274	-5.995	1.747	-7.714
2.912	10.526	11.517	13.788	4.472	1.811	8.150	0.694	3.449	3.922
8.911	12.651	11.490	6.650	13.976	5.639	7.365	7.339	0.487	4.317
3.210	10.185	10.512	16.467	12.787	13.446	0.014	2.165	2.631	0.753
7.307	11.665	9.353	19.186	10.943	8.888	8.226	6.912	2.667	1.572
2.424	10.917	10.539	7.516	6.544	0.830	8.000	4.215	3.129	1.133
4.780	10.792	11.768	12.027	14.007	7.467	3.776	5.559	3.831	2.927
3.454	11.431	11.254	6.907	11.349	4.855	6.067	9.036	1.004	2.078
5.349	12.127	9.216	18.127	16.316	5.588	8.217	7.342	2.180	0.496
2.420	11.267	8.552	4.041	11.080	13.116	1.291	0.952	1.667	0.338
1.179	10.853	11.791	6.029	13.702	5.334	0.101	0.432	1.002	4.653
6.012	11.980	11.433	0.865	14.845	19.824	7.333	3.164	3.610	2.792
4.430	10.779	11.178	2.021	8.842	7.383	4.361	8.893	0.687	4.340
7.422	12.007	11.346	7.882	19.812	0.748	9.234	2.208	0.156	3.029
0.507	10.969	12.471	17.212	9.046	9.325	5.825	4.685	4.654	3.671
5.078	10.645	11.892	18.029	16.974	0.247	7.675	5.350	0.340	2.243
5.309	10.410	11.438	10.743	7.377	4.791	3.819	2.353	1.191	0.812
2.868	10.225	9.497	17.305	3.083	11.984	4.534	6.376	2.871	2.979
0.752	10.954	9.275	16.743	0.003	9.049	0.122	6.504	0.360	4.482
8.564	11.693	13.346	2.875	13.060	8.916	5.269	0.869	1.740	4.416
4.661	9.595	9.706	16.954	11.182	1.107	7.156	3.317	4.233	0.416
9.337	11.036	10.931	6.476	2.503	4.820	2.440	3.066	1.277	0.256
0.271	11.106	10.600	6.790	0.754	19.184	8.602	4.964	0.663	3.827
9.557	11.369	12.096	16.718	16.396	19.972	8.463	6.290	2.803	1.001
5.378	10.718	9.678	3.857	4.049	6.067	4.061	5.149	1.321	0.920
8.991	8.983	11.466	14.946	13.952	2.520	4.827	6.904	3.979	1.598
2.121	11.267	11.656	5.908	19.399	14.699	1.873	2.438	0.007	0.337
2.446	10.753	11.293	9.917	17.661	17.359	2.251	8.643	4.248	3.936
5.602	11.892	12.276	11.388	2.031	17.496	1.500	0.380	2.861	2.497
4.818	11.606	11.876	6.488	1.762	16.429	8.082	3.678	3.382	0.598
3.197	12.100	9.825	19.795	5.262	4.924	9.052	0.814	0.614	3.239
3.178	12.328	11.670	7.848	2.668	13.325	0.352	7.184	2.758	2.068
7.499	11.501	10.883	5.886	13.091	11.485	9.855	7.398	2.187	2.546
8.760	12.941	10.648	3.772	4.192	10.671	8.361	5.731	1.391	0.505
7.685	10.709	9.783	6.459	0.745	17.892	3.652	9.557	0.347	0.300
4.078	10.394	11.879	7.027	13.118	16.082	1.312	5.544	0.696	3.502
8.959	10.127	11.325	1.649	0.624	8.712	4.765	8.980	4.707	0.175
8.660	9.505	12.659	7.479	7.487	18.636	2.761	2.379	0.885	0.894
3.526	10.749	10.105	18.348	6.636	16.471	9.879	5.582	0.268	4.185
8.042	9.898	11.601	6.137	10.320	18.425	6.193	4.646	4.814	4.215
4.321	12.096	11.118	18.619	15.105	2.479	9.519	1.710	0.840	0.855
1.057	11.061	10.179	0.565	3.370	16.426	3.308	8.766	4.097	2.972
1.958	11.092	11.436	0.931	11.638	5.753	0.507	1.163	0.231	4.729
4.151	11.178	11.137	15.499	7.136	13.281	3.935	1.955	3.982	1.664
3.028	10.496	11.524	19.458	2.093	10.194	0.237	4.850	1.687	1.724
3.678	9.833	12.244	14.027	16.473	6.609	1.836	8.936	4.825	4.768
8.971	12.042	11.339	4.700	8.231	18.107	0.982	8.976	1.174	3.170
9.305	10.432	9.825	0.054	11.151	14.861	2.351	2.547	1.361	2.746
2.689	10.897	11.100	13.306	19.617	14.083	5.406	9.524	3.128	1.248
7.608	8.105	11.579	3.997	16.349	11.074	9.094	2.759	2.238	0.079
4.003	11.647	11.736	8.545	7.924	16.902	2.382	7.492	1.631	3.643
7.458	10.343	10.447	4.260	2.519	13.638	5.667	8.658	2.807	3.368
6.211	11.393	11.987	17.599	4.142	8.371	7.843	7.571	4.781	4.797
5.412	11.141	10.404	14.305	11.306	0.800	7.975	3.867	0.652	4.132
5.902	10.545	9.520	3.205	15.208	15.305	2.453	2.916	1.312	2.975
7.696	13.784	10.899	15.794	16.587	15.161	1.662	5.277	1.592	0.314
2.760	11.719	8.575	5.606	11.624	8.078	2.767	1.070	4.934	2.273
9.132	10.982	10.168	7.229	11.752	19.574	5.864	8.331	1.429	3.947
5.041	10.370	12.486	18.374	15.316	9.385	7.717	4.840	0.732	2.163
5.725	10.655	11.043	18.139	8.824	15.838	1.920	2.055	3.309	1.818
0.194	10.198	11.183	3.324	3.019	19.147	1.321	6.344	3.198	3.555
3.613	12.657	10.847	0.723	6.715	1.385	6.520	4.788	0.885	2.779
9.603	11.437	11.372	10.923	18.781	6.851	5.072	2.379	2.335	4.533
7.163	10.785	10.296	17.997	17.154	8.010	1.171	8.080	1.035	3.035
7.616	10.041	13.156	7.926	16.881	12.877	1.320	5.391	3.350	2.785
0.375	11.457	10.433	2.500	10.319	7.978	6.540	8.817	2.339	2.855
8.917	12.038	11.376	8.842	19.699	19.585	6.817	7.777	2.073	3.810
2.785	10.679	11.896	12.220	0.607	18.802	0.233	9.812	4.697	4.487
5.126	11.009	10.362	18.191	9.339	0.256	9.437	3.792	0.969	4.738
8.250	8.930	9.924	15.270	6.937	19.428	9.751	8.165	2.376	4.640
7.347	10.666	11.829	2.655	5.872	0.788	4.526	8.873	2.791	2.180
4.365	12.337	11.919	16.113	6.227	18.663	3.414	2.683	1.009	1.566
0.996	11.203	9.978	9.195	19.894	3.350	5.490	3.714	2.663	3.091
6.775	10.300	12.358	3.850	5.205	15.214	8.317	7.930	4.495	1.006
4.969	10.148	10.660	18.927	8.799	0.728	2.996	1.743	1.403	1.854
8.467	10.195	7.680	5.905	10.402	19.487	8.162	0.800	2.721	1.418
5.400	11.199	10.589	3.737	0.611	0.371	3.322	3.958	4.507	2.403
7.995	11.074	13.493	19.713	12.781	15.032	2.414	7.615	2.353	2.853
0.990	11.942	8.876	18.596	2.776	2.292	7.031	7.739	2.773	3.957
2.759	10.826	10.106	1.681	6.723	3.812	0.645	4.945	0.773	1.963
9.244	10.689	9.164	9.169	8.205	15.917	0.452	8.905	0.516	1.797
6.693	10.329	12.519	5.744	16.138	16.628	4.086	7.343	4.258	4.448
6.825	10.109	10.931	7.516	12.450	12.117	2.560	5.885	2.718	2.117
6.578	9.687	11.658	6.823	2.119	11.508	0.064	1.939	1.258	3.890
5.834	9.306	10.015	17.004	9.036	9.205	9.627	2.338	1.455	4.087
6.328	11.816	11.851	4.147	14.441	12.465	1.635	3.823	1.562	4.685
1.677	10.393	10.312	12.878	11.687	13.072	9.600	4.700	3.571	4.695
1.071	12.572	9.670	1.188	17.388	12.682	8.806	8.043	1.492	1.863
0.156	12.940	9.937	0.316	1.521	15.067	1.366	5.443	3.241	0.542
4.313	7.926	10.688	9.849	19.636	4.153	2.134	8.499	4.160	1.442
3.416	12.592	10.790	10.021	7.295	4.062	1.415	6.509	3.677	4.506
2.749	11.394	9.713	9.827	10.495	18.030	6.574	0.181	1.467	0.365
6.703	11.131	9.420	9.565	15.623	10.493	3.997	9.857	3.871	4.828
7.142	11.719	10.603	16.988	7.421	17.735	8.979	6.989	3.285	1.263
0.620	8.553	9.876	4.181	13.685	3.575	8.958	5.965	3.619	1.061
8.351	11.146	10.473	12.571	14.674	5.362	5.064	7.472	2.484	4.731
5.403	13.052	11.526	1.084	19.510	17.230	1.208	6.093	1.281	3.381
6.540	11.920	12.018	18.685	0.088	12.911	3.907	8.699	3.948	4.485
1.905	11.844	12.887	19.978	13.705	11.697	5.429	5.068	1.677	0.206
3.230	11.911	11.956	12.254	9.513	13.088	3.750	4.548	0.041	0.521
7.768	10.816	9.207	0.765	18.469	9.567	4.465	8.784	4.006	1.394
3.418	9.650	10.607	5.624	19.712	8.637	2.802	8.305	3.111	4.531
1.162	13.424	10.456	12.684	3.799	10.692	8.636	7.879	4.227	4.796
6.951	8.949	10.931	19.004	16.588	17.707	1.348	3.700	4.155	2.494
4.954	10.522	12.955	10.353	7.647	5.333	2.461	2.943	0.149	4.464
6.204	9.200	11.807	17.769	7.159	18.769	3.141	4.693	4.508	4.143
2.580	11.486	11.035	4.067	10.475	8.578	9.285	6.230	0.847	0.046
7.005	11.159	11.475	1.179	11.729	15.031	3.770	8.039	1.968	2.876
6.633	10.039	9.916	2.012	13.403	13.679	1.998	9.855	0.454	2.139
8.180	12.093	10.956	16.209	18.057	0.201	7.085	7.886	4.855	3.143
7.265	11.027	11.026	19.992	13.009	4.914	5.080	4.011	1.261	1.277
0.081	10.397	9.722	0.425	7.645	7.696	0.499	3.858	2.035	1.592
1.542	12.010	12.558	12.032	12.315	10.823	1.719	4.070	0.537	2.275
3.012	9.811	10.599	11.626	4.622	9.959	1.830	6.592	2.799	0.739
0.692	12.773	11.906	2.715	4.272	15.255	8.920	0.821	0.972	4.176
9.176	10.589	10.873	18.864	18.835	14.961	2.247	7.478	2.310	1.858
7.636	12.706	9.935	17.342	1.546	5.140	9.948	9.090	4.974	1.704
6.107	10.033	11.746	3.831	9.221	4.782	5.950	1.435	0.926	4.928
6.635	11.010	10.756	1.068	19.937	11.352	1.727	1.335	0.859	0.691
3.259	11.198	11.720	3.806	16.902	14.786	8.126	6.270	4.481	2.977
6.585	9.986	11.420	1.335	7.586	1.498	7.318	1.018	1.369	0.929
9.444	11.645	12.175	19.136	17.895	6.421	5.342	7.996	0.247	1.295
3.418	11.161	9.467	5.505	4.202	7.220	3.018	4.280	2.709	4.817
7.846	9.894	10.886	7.925	19.327	9.012	4.749	0.105	2.186	4.708
6.530	11.966	12.455	17.993	2.072	1.958	2.057	4.703	3.067	1.454
3.837	11.698	12.104	12.499	0.397	19.670	5.832	7.437	2.807	2.614
5.985	10.215	10.660	3.008	12.947	7.298	6.131	4.411	4.011	1.502
5.652	10.843	12.402	17.330	18.397	8.226	7.326	7.786	3.922	0.783
6.591	9.695	8.865	7.728	8.908	3.226	3.151	9.068	3.911	4.051
2.139	12.240	8.019	5.480	5.973	3.672	4.002	8.873	0.557	3.038
9.482	9.952	10.821	18.166	15.364	18.373	3.377	5.623	2.378	0.119
5.871	11.062	11.312	8.466	1.324	15.920	4.035	3.136	3.874	1.024
2.290	11.032	11.162	2.315	12.582	18.811	1.463	1.516	0.419	4.872
2.669	10.721	10.174	2.523	13.697	9.379	3.172	5.785	1.998	1.375
9.003	12.664	12.060	1.913	12.888	7.865	1.823	5.472	4.577	3.909
6.546	10.823	9.285	9.076	9.546	8.476	4.976	7.374	2.185	3.351
7.966	11.632	10.684	7.602	16.247	8.223	5.352	0.456	4.078	0.832
1.438	10.161	11.453	15.972	11.888	16.570	0.680	3.685	4.473	4.136
5.132	12.246	12.332	15.110	9.002	10.563	9.205	1.593	3.952	3.928
1.684	10.774	11.110	7.462	15.980	13.735	6.143	7.679	0.014	3.411
1.855	9.881	10.451	17.328	5.558	2.544	3.444	9.474	3.386	4.345
2.118	11.092	10.557	8.774	1.790	3.116	7.810	3.494	1.789	4.006
8.718	11.823	12.279	4.204	6.328	16.988	3.793	9.767	0.795	2.877
9.156	11.071	10.842	3.080	11.693	16.290	7.429	1.575	2.425	3.759
2.010	11.868	12.109	5.965	10.414	18.923	6.399	5.141	4.767	2.820
0.917	12.515	10.933	16.364	17.112	15.350	1.461	8.381	1.156	4.205
8.210	9.966	11.462	6.202	11.963	9.252	2.026	0.990	0.239	1.149
7.659	10.830	12.150	19.438	5.291	9.233	4.190	3.222	2.781	1.300
9.981	11.735	11.876	1.298	16.461	11.035	6.854	5.612	0.196	0.800
4.659	11.383	11.506	18.651	8.479	6.797	7.625	2.929	2.043	3.613
7.566	10.966	10.006	0.466	3.582	8.807	4.201	4.810	4.747	1.623
3.273	10.456	11.442	14.582	16.707	14.895	3.350	5.945	3.712	2.907
1.679	10.029	12.617	14.655	19.566	19.647	1.514	8.453	3.218	1.646
9.241	9.709	11.067	2.530	13.468	8.989	5.938	4.103	4.347	3.778
0.543	9.907	11.934	8.490	7.484	17.882	6.347	3.105	1.147	3.708
2.630	11.293	11.086	5.795	19.530	11.147	4.130	1.882	0.714	3.455
3.975	13.163	12.368	17.650	2.375	16.452	3.025	4.422	4.405	0.387
2.388	10.581	12.095	8.001	2.514	4.886	6.052	5.779	3.416	3.314
0.244	8.772	10.052	4.742	7.568	7.579	0.847	0.301	1.179	1.512
0.916	11.556	11.233	9.305	1.009	1.714	1.462	1.706	4.537	1.160
8.573	9.530	11.808	18.477	8.760	18.707	3.904	4.154	4.274	0.242
2.528	10.433	11.572	8.795	3.019	2.810	5.565	5.586	2.237	0.235
1.942	10.443	12.630	18.500	16.514	18.239	0.989	7.346	3.888	3.432
8.087	11.475	11.776	0.228	4.067	7.142	2.628	6.611	2.387	0.026
0.152	11.467	12.264	16.934	12.379	18.355	1.360	2.432	1.981	2.616
4.192	11.523	10.625	12.584	7.700	4.447	7.616	7.138	4.144	0.983
1.372	10.889	12.611	8.672	2.899	12.939	2.505	0.285	2.936	0.302
2.679	10.508	10.333	10.261	18.732	17.088	1.730	1.664	0.957	2.075
0.198	13.083	10.576	13.543	13.896	2.008	0.783	8.797	2.249	0.305
7.159	11.773	11.189	2.882	11.603	2.603	4.846	0.049	0.337	2.898
7.133	9.607	11.826	16.869	13.123	10.558	4.402	5.689	1.137	4.051
0.299	11.081	10.893	6.104	7.717	14.564	3.351	1.080	1.905	1.167
5.093	11.665	10.188	10.730	9.880	1.584	1.647	7.220	1.746	2.638
9.030	10.147	11.592	8.843	18.099	15.459	4.440	1.001	0.982	2.330
2.819	11.712	10.884	14.271	2.341	6.074	1.811	5.105	2.967	1.694
2.233	11.731	12.152	10.341	13.069	14.544	3.183	9.976	0.815	2.521
9.213	9.961	12.419	6.466	2.991	10.367	2.141	0.174	3.333	0.847
2.473	13.428	11.576	10.136	17.714	3.774	6.878	8.651	1.226	4.994
8.538	12.089	12.558	10.501	17.549	13.488	9.218	7.461	2.516	2.956
2.655	11.339	12.110	13.030	6.454	9.415	9.325	3.126	2.138	4.149
8.783	9.799	9.556	2.751	6.396	3.582	6.707	8.059	3.469	4.113
9.892	12.092	10.360	9.696	16.692	9.592	1.395	3.062	3.610	4.434
1.928	10.948	10.644	16.040	11.990	14.536	9.946	4.985	4.987	1.078
2.060	11.134	12.035	9.418	19.861	8.028	1.041	0.158	4.206	3.453
4.757	12.184	10.273	0.630	11.309	7.098	8.076	1.177	3.725	2.942
3.355	11.805	12.162	19.959	2.302	7.165	6.445	1.755	0.009	3.221
8.576	9.716	10.892	15.277	9.530	2.180	8.001	2.290	1.421	3.832
2.752	11.103	11.377	13.671	17.311	12.828	1.244	2.949	4.871	1.034
5.343	12.411	11.152	17.240	2.461	8.019	9.130	0.302	0.249	2.785
0.341	9.457	11.338	3.877	0.511	8.306	0.671	1.469	1.418	0.219
6.367	10.573	10.452	15.171	10.831	0.604	9.229	2.300	0.702	3.567
4.148	10.998	10.828	9.602	13.109	18.656	1.338	3.707	4.144	3.291
2.862	11.463	9.873	6.864	3.397	2.432	3.535	9.761	0.812	0.550
4.478	10.129	9.671	14.245	7.343	17.345	2.527	1.271	2.024	0.048
3.971	10.316	10.289	0.115	9.343	11.152	5.815	0.463	3.101	3.318
6.350	11.926	10.831	9.798	12.958	7.631	0.314	4.762	0.559	0.147
2.927	10.353	10.986	11.071	1.680	17.741	0.724	3.498	2.101	3.704
6.909	11.574	9.762	0.309	11.834	12.118	7.607	3.492	1.476	2.217
2.951	9.256	11.652	8.852	14.299	5.932	5.392	7.936	4.133	2.595
3.107	10.609	12.113	2.442	16.905	10.172	4.052	9.494	4.200	0.231
9.027	11.745	10.387	10.629	13.948	18.357	5.828	9.130	4.946	1.168
4.620	11.377	10.154	5.001	19.424	4.460	2.082	7.521	0.599	2.901
8.352	9.928	11.290	10.994	4.416	5.814	9.667	6.459	4.727	4.763
7.202	10.937	11.813	6.260	12.029	9.733	1.040	7.630	3.593	4.087
3.948	11.421	9.755	16.193	0.266	5.452	3.415	4.408	1.334	1.453
4.923	10.494	8.905	3.096	0.461	11.963	7.427	8.513	0.613	3.229
3.641	10.088	11.599	7.690	3.269	19.917	4.125	6.834	1.080	4.389
5.897	11.739	12.247	12.501	12.232	4.778	0.124	5.839	4.221	2.329
7.570	11.026	10.336	5.299	13.820	14.631	8.092	3.495	4.921	2.344
9.761	11.537	11.706	18.415	3.823	19.354	2.249	1.648	3.950	2.286
7.840	10.427	12.109	11.310	17.049	3.538	1.462	6.207	0.504	2.788
9.759	11.478	11.666	10.511	16.941	9.607	1.887	4.709	4.715	3.965
0.114	10.836	12.316	14.166	6.235	13.115	1.503	1.538	3.424	2.855
4.534	9.782	11.433	19.386	4.320	13.619	1.727	8.075	3.665	2.940
8.829	10.808	10.266	1.987	8.431	4.940	5.897	9.930	3.432	0.213
2.158	10.408	8.929	18.506	6.787	17.212	2.571	7.830	3.676	0.698
1.860	10.962	11.367	8.780	17.949	7.453	2.906	6.321	3.300	4.925
5.949	10.811	10.084	4.097	4.722	3.075	7.765	5.241	4.642	2.011
0.261	10.465	8.361	13.695	18.888	9.405	3.267	5.259	0.501	3.624
4.513	13.005	10.372	4.502	10.891	8.826	2.323	1.821	2.985	1.011
8.529	9.192	11.629	12.879	7.430	9.814	1.993	6.900	0.014	4.015
9.412	12.080	9.885	15.068	9.015	13.846	3.562	8.538	4.933	1.402
1.364	10.332	9.806	19.075	2.382	0.698	4.050	4.086	3.749	1.607
8.546	11.494	10.988	6.254	4.361	8.005	9.946	6.400	0.874	1.678
8.514	11.415	10.689	2.697	7.711	10.920	3.989	3.478	2.376	1.940
8.094	11.029	10.888	19.838	13.386	18.711	5.903	0.969	1.014	0.399
6.559	9.914	10.995	11.624	16.336	12.971	6.522	5.789	3.832	4.022
6.811	10.767	9.841	6.028	11.217	5.588	6.320	7.110	0.474	4.838
9.714	11.214	10.570	2.917	6.431	11.458	4.693	8.858	3.683	1.803
0.843	10.441	10.262	9.114	9.056	17.894	4.329	9.666	0.598	2.265
2.738	10.027	11.504	13.423	13.259	14.396	8.193	3.603	2.958	1.383
2.723	9.884	12.628	0.366	13.206	1.868	5.901	9.990	0.166	4.288
9.148	12.477	12.291	17.090	15.236	18.404	5.199	7.081	1.805	0.688
0.452	11.314	11.507	10.157	15.331	13.714	2.585	0.934	2.793	2.792
7.578	8.939	12.035	9.844	12.394	7.319	2.996	0.083	2.134	1.103
6.679	11.916	8.829	11.197	17.708	11.859	0.202	7.502	4.178	4.652
8.525	10.742	12.386	5.739	4.698	8.933	4.724	2.920	4.592	0.734
5.935	11.427	12.202	5.254	10.724	1.707	7.651	1.323	0.650	4.315
2.289	12.151	10.610	2.445	1.545	18.132	4.827	1.229	2.344	0.444
8.850	10.944	10.947	11.541	8.303	0.967	4.033	7.543	4.118	4.063
9.454	11.078	11.487	7.047	2.065	19.781	5.350	8.254	1.659	2.650
9.112	11.333	9.795	10.335	7.897	17.819	6.562	9.458	0.855	2.124
9.267	10.424	10.562	8.659	0.577	3.911	1.576	7.290	1.694	2.822
8.593	8.067	10.408	3.717	7.683	19.966	0.569	1.416	1.373	3.964
9.907	12.601	11.431	11.215	6.503	11.812	9.700	8.478	0.220	2.172
9.615	9.645	12.474	5.737	16.814	14.846	5.817	1.376	3.978	0.981
9.495	11.247	11.522	15.744	12.920	19.563	3.895	3.703	2.299	2.283
6.120	11.295	10.292	10.551	19.001	5.439	1.225	1.095	1.907	0.056
0.918	11.599	10.690	6.417	15.786	1.542	0.919	2.933	3.498	3.708
6.590	10.879	10.015	13.888	7.468	0.447	8.311	7.090	3.610	0.193
1.849	11.661	12.198	13.821	7.704	16.780	4.620	4.577	2.947	4.832
