0.547337159	0.136959441	0.595938583	0.18629842	0.622058418
0.573274092	0.116940086	0.581321575	0.095920049	0.778386375
0.479631501	0.429803755	0.700029757	0.149385128	0.134800791
0.631184019	0.141893975	0.53558446	0.088010561	0.886811608
0.622653109	0.509581066	0.714854519	0.075332672	0.966202638
0.524197049	0.444956927	0.801763866	0.101882119	0.915763191
0.563660211	0.36034784	0.920575502	0.179921667	0.387953301
0.542220916	0.277924287	0.370233144	0.073569017	0.611416156
0.546659411	0.513289855	0.857440028	0.112788404	0.89873772
0.547213667	0.28296847	0.543559876	0.153270996	0.353331644
0.47249676	0.434784921	0.857240069	0.046416418	0.14347892
0.542310811	0.392403398	0.877804542	0.068554184	0.849470848
0.544273421	0.263505735	0.682805264	0.197092414	0.607538001
0.549615283	0.07196682	0.965964073	0.198756954	0.924968129
0.557863215	0.264863763	0.369148772	0.181630833	0.151948067
0.600097593	0.175249441	0.596901874	0.201357208	0.073326352
0.5284694	0.543848124	0.422378995	0.169717626	0.814295045
0.538160113	0.035438232	0.800819976	0.157163691	0.432887382
0.557718525	0.268604352	0.360732727	0.073992251	0.997086825
0.499733801	0.319409765	0.431288306	0.145259699	0.607862197
0.579536342	0.182870557	0.549354262	0.155862311	0.865874085
0.577197798	0.407413783	0.871406632	0.142530183	0.297381562
0.665485558	0.219875681	0.887556208	0.144637723	0.803306266
0.599868372	0.180380696	0.622538898	0.095365194	0.7658106
0.482208267	0.254507266	0.795400306	0.109133276	0.102216679
0.568022494	0.022853944	0.480047238	0.165747693	0.619877252
0.578604165	0.30760511	0.803708523	0.116820468	0.824643691
0.575017071	0.292252702	0.885451675	0.176569368	0.32247891
0.565329457	0.026845227	0.953157094	0.148773328	0.61425181
0.62757081	0.448822656	0.836045119	0.109270484	0.439674242
0.587088797	0.281847793	0.979324208	0.170791088	0.53641253
0.53633849	0.300320302	0.759440736	0.244989748	0.580850205
0.592230873	0.109511421	0.631877294	0.172011515	0.849745785
0.558077504	0.432137141	0.654951773	0.096806565	0.878625564
0.589018537	0.115111794	0.383141203	0.08978036	0.446613826
0.537167814	0.467072672	0.584934858	0.116052253	0.533513718
0.486891853	0.561130843	0.655314853	0.142923886	0.854465016
0.67340912	0.308452949	0.959452924	0.122455506	0.971679332
0.595714552	0.432001838	0.935451384	0.080963617	0.922914214
0.643181308	0.433209531	0.395153914	0.101043814	0.005795929
0.459876823	0.412794095	0.612788858	0.183202693	0.084176502
0.514257139	0.438555957	0.690497675	0.128378372	0.66957405
0.520967793	0.233105368	0.371926303	0.177626836	0.819516895
0.549832206	0.149324666	0.598507769	0.194582612	0.325657907
0.564544625	0.543209392	0.59734292	0.118321911	0.431076829
0.519914918	0.362672443	0.593077627	0.152913311	0.919945544
0.585800395	0.125167492	0.511500547	0.08036033	0.804442982
0.553620129	0.074407065	0.352645876	0.076499759	0.989952418
0.543963998	0.173807536	0.797173936	0.17631543	0.07427366
0.661240902	0.430972639	0.458719409	0.138018344	0.23295777
0.603962963	0.049203101	0.415522191	0.016352961	0.615921888
0.622894657	0.162843543	0.418084392	0.104344035	0.003816077
0.554241456	0.102577266	0.980902082	0.065201637	0.147428767
0.498072136	0.31540015	0.820490249	0.104827076	0.25819075
0.518730725	0.314211932	0.488184696	0.212952952	0.344348331
0.59120115	0.291891782	0.870047614	0.10727565	0.985035201
0.469747174	0.275997316	0.503051258	0.134760517	0.720774108
0.547800428	0.434825757	0.39109526	0.079809393	0.037045977
0.581210498	0.35619311	0.713109237	0.175390472	0.521662535
0.531825373	0.161999262	0.455242612	0.148345948	0.782554338
0.598151192	0.03598036	0.704356338	0.200381937	0.916148867
0.52503132	0.052969035	0.926982982	0.068752266	0.82561384
0.666519554	0.363128981	0.935937926	0.16027917	0.919122407
0.505439717	0.337591172	0.370145924	0.150863347	0.645132922
0.480773597	0.421719007	0.55745742	0.075787006	0.03559798
0.558117399	0.344506997	0.856958823	0.123488363	0.143256171
0.603222234	0.384133762	0.587021651	0.067915556	0.204637317
0.511766916	0.100413996	0.998815817	0.108648761	0.104461058
0.528242984	0.124903417	0.817073095	0.065261235	0.955215592
0.505973449	0.0171121	0.554421303	0.130292716	0.06453522
0.482152563	0.401317329	0.44442932	0.191414111	0.017895804
0.566732568	0.331703838	0.99729804	0.180023324	0.252081453
0.50751461	0.525481576	0.994267258	0.144595456	0.563894181
0.63373724	0.225021486	0.684075088	0.116766125	0.316279876
0.481478078	0.363005373	0.898002521	0.128101948	0.830900019
0.487598282	0.197922633	0.490508993	0.192202295	0.26701528
0.642807059	0.110962693	0.905048937	0.102196519	0.258698359
0.552726865	0.501042781	0.80880643	0.123220067	0.287713029
0.573108673	0.156961874	0.940395655	0.156445944	0.970596504
0.46927597	0.188055649	0.627408124	0.148969539	0.078766078
0.525702155	0.511790436	0.968293061	0.081942683	0.103777886
0.510091141	0.006107905	0.802924611	0.147052306	0.440879374
0.630319394	0.396066836	0.425953217	0.039947788	0.150323201
0.470134374	0.270717858	0.484984975	0.162404138	0.675089905
0.5692358	0.31013547	0.771937028	0.041884649	0.425616722
0.529980255	0.17905279	0.347150509	0.127218923	0.48608442
0.50992962	0.113067469	0.856379873	0.069754346	0.815862996
0.58186142	0.000667264	0.842824452	0.038733062	0.678925261
0.535323491	0.280341845	0.525273035	0.150846564	0.414304634
0.547721324	0.174766709	0.755901773	0.076938576	0.643409386
0.575279895	0.16658804	0.901650018	0.121261338	0.394193057
0.627294777	0.057946272	0.917182849	0.185904853	0.402536917
0.62405476	0.217201524	0.581487109	0.056864837	0.891175309
0.539727717	0.289729837	0.454545901	0.159740443	0.438592769
0.583131086	0.539860132	0.810767582	0.183037731	0.469501394
0.478253777	0.437856752	0.765829163	0.165930601	0.015250614
0.523758765	0.296411039	0.885242495	0.090404603	0.512707445
0.622568802	0.04489535	0.457351018	0.049905835	0.878355458
0.534280555	0.401116542	0.481536593	0.132947483	0.624118873
0.542175626	0.56260422	0.798335043	0.072674244	0.912966737
0.557638742	0.510486972	0.770444458	0.16107761	0.138735172
0.428107938	0.044163355	0.643661972	0.116855194	0.862211414
0.411865614	0.275424912	0.386650662	0.131573422	0.370667838
0.628979828	0.539930936	0.671258148	0.129597499	0.886210365
0.550756484	0.549759314	0.777559205	0.117210642	0.473206363
0.53285864	0.491515548	0.948689235	0.241636397	0.737792322
0.551034062	0.00766214	0.384526395	0.137403071	0.866577074
0.496690805	0.513231359	0.690409655	0.173919682	0.178529588
0.610174281	0.00167838	0.800481165	0.063610729	0.811228894
0.472243364	0.106842806	0.537509144	0.183850915	0.958124395
0.643587037	0.13346682	0.449451654	0.090870013	0.767505054
0.5044888	0.371350409	0.419317117	0.165041968	0.080398967
0.580956816	0.537312492	0.532883216	0.102598039	0.001615863
0.607152102	0.354114167	0.75417566	0.052708683	0.00984297
0.529785801	0.222023802	0.67635796	0.125916581	0.915010311
0.558569788	0.357928245	0.729385877	0.153237467	0.427890477
0.582930661	0.146584511	0.979355047	0.112598928	0.777729316
0.518337825	0.120232592	0.726235411	0.091281998	0.469263897
0.574573128	0.233706542	0.779829888	0.133667436	0.570734427
0.583439526	0.391842683	0.414006421	0.040257106	0.538980846
0.52424648	0.145000609	0.699643368	0.08319201	0.220998675
0.503920844	0.423602155	0.865691101	0.145721693	0.477570972
0.605018961	0.420886445	0.944600665	0.097237973	0.149654309
0.574077944	0.448559358	0.805450132	0.180309549	0.858332758
0.532601959	0.00185613	0.833841626	0.117073612	0.599683355
0.608778369	0.271060523	0.96472311	0.128201756	0.574392653
0.614622943	0.31752852	0.60121383	0.156519309	0.483102525
0.457679514	0.190175235	0.873946208	0.152658053	0.439962593
0.454137116	0.176903195	0.41270663	0.047195549	0.388291624
0.544038918	0.456360315	0.388657485	0.074857241	0.152771365
0.498988194	0.015966326	0.594364532	0.107587994	0.866818908
0.525440552	0.308540551	0.716374262	0.207169015	0.954336088
0.579400791	0.12979885	0.725677405	0.199116188	0.300463743
0.553639756	0.025545276	0.916172365	0.223623384	0.145383082
0.47538992	0.213811448	0.954708185	0.186007914	0.312984547
0.540982198	0.098887663	0.378396467	0.02907173	0.858017445
0.507576709	0.496141978	0.473897512	0.137598868	0.132647392
0.51128688	0.552991611	0.431355833	0.109745654	0.410920734
0.593615948	0.340348947	0.977280692	0.19554651	0.883028027
0.625417001	0.19020023	0.718609328	0.156836401	0.253248435
0.574318324	0.407415215	0.748705166	0.106082455	0.23611856
0.524429537	0.285317731	0.753458869	0.122570457	0.940207532
0.561070904	0.231876809	0.773608742	0.082128934	0.265018691
0.537165122	0.502113564	0.602869764	0.134997337	0.530761934
0.518092199	0.447946688	0.368978662	0.199494927	0.215581623
0.549348815	0.001443048	0.625655884	0.160414696	0.029998796
0.616065797	0.320487495	0.916994442	0.077277111	0.829747859
0.633748914	0.21678938	0.458107494	0.076120325	0.955922857
0.598476081	0.271772248	0.684691933	0.097751738	0.101490568
0.668579946	0.148254626	0.661991906	0.037083205	0.669536641
0.492752059	0.159454219	0.359475703	0.104625008	0.680793671
0.470448394	0.398938716	0.941108799	0.147618404	0.494132274
0.523025561	0.326104924	0.397680396	0.103210966	0.727784059
0.524857185	0.554881231	0.823526198	0.13254542	0.582005265
0.61358318	0.491528278	0.790974351	0.186995145	0.83882668
0.570608496	0.349452111	0.50858387	0.156651754	0.549166519
0.5340368	0.558672389	0.469897191	0.114747473	0.079572132
0.645424118	0.423576205	0.461162192	0.090023452	0.965651037
0.392557846	0.470684619	0.923961602	0.143566362	0.17273598
0.528947879	0.483847036	0.871586466	0.176272078	0.344550853
0.584578765	0.07655709	0.59476492	0.1208763	0.71159523
0.552398614	0.40072688	0.377066058	0.140976926	0.487265452
0.599309408	0.266758696	0.505326547	0.094280986	0.860777996
0.596298698	0.496874439	0.551876331	0.084644603	0.054437483
0.60177726	0.341745352	0.993250836	0.060428167	0.181916951
0.572265666	0.54569705	0.885311418	0.127873892	0.01476575
0.517476184	0.503187805	0.658501467	0.116295782	0.937060013
0.49524757	0.162768476	0.491720927	0.124124367	0.344078241
0.617229795	0.468838598	0.648118954	0.101241103	0.812512795
0.577485722	0.098624518	0.413938173	0.184277203	0.289092151
0.518180154	0.325055639	0.67447481	0.183253165	0.582593981
0.500567319	0.119503707	0.536063248	0.115943557	0.47376342
0.478272378	0.287607442	0.605404221	0.064736398	0.194384808
0.573908585	0.011821961	0.798837758	0.045477172	0.385543335
0.531501849	0.388815811	0.818505842	0.090786714	0.300672277
0.540276437	0.3694845	0.946991126	0.151648937	0.782403242
0.514424756	0.118617929	0.463144623	0.128442472	0.33015422
0.464000514	0.217906428	0.920680233	0.094065681	0.374127134
0.475107107	0.266133319	0.482221147	0.108611837	0.204252975
0.516446915	0.290730617	0.510429554	0.114218134	0.027653395
0.481671236	0.116117485	1	0.099368092	0.113229303
0.524065248	0.173471874	0.501753799	0.09432872	0.752385684
0.482493321	0.437501069	0.693889526	0.149612935	0.523544598
0.415872887	0.155562611	0.462918304	0.144889448	0.817929749
0.493469944	0.090227058	0.371596301	0.136923378	0.631431249
0.531848901	0.397055721	0.780040782	0.120160057	0.288846377
0.6127882	0.037317526	0.674381122	0.164605446	0.446588213
0.612998671	0.281156071	0.84884544	0.142546076	0.52866777
0.509140801	0.047941826	0.351934887	0.068449099	0.477000346
0.574294429	0.036856341	0.804974503	0.115494925	0.013520729
0.635172675	0.091238072	0.368436998	0.101686795	0.535512064
0.469259928	0.076537389	0.656774139	0.194035888	0.326010528
0.501917582	0.288380768	0.646442312	0.126165841	0.344753979
0.518684941	0.425320265	0.392296573	0.096254286	0.347304269
0.535231423	0.075165355	0.856109171	0.181644087	0.316498891
0.494522199	0.044950577	0.769119238	0.118860187	0.538094878
0.516264721	0.475504363	0.995835352	0.146175776	0.569969463
0.582375405	0.080337824	0.900442592	0.149698069	0.922267761
0.621378037	0.041847306	0.841712797	0.184546367	0.092640505
0.549916019	0.116362531	0.933904423	0.062701627	0.018097628
0.564465657	0.198796782	0.354616482	0.070373914	0.939747676
0.581049919	0.394470283	0.554252404	0.144223403	0.738149679
0.584185492	0.129090141	0.461994992	0.098188271	0.745741728
0.597695445	0.218996961	0.520965171	0.094288312	0.481362122
0.521461978	0.326031676	0.631403394	0.185699484	0.635985833
0.565022349	0.064149521	0.365892611	0.064688759	0.781372965
0.589756189	0.387867767	0.732712002	0.128948154	0.423717021
0.559036583	0.188547776	0.716049666	0.131404913	0.369080727
0.526767232	0.499388623	0.731808041	0.088122853	0.627571491
0.515082407	0.317536687	0.991037969	0.13745734	0.631208564
0.490349266	0.108746969	0.585231835	0.169393667	0.377489832
0.466294708	0.488369141	0.811562104	0.1405066	0.615865428
0.5830527	0.549803386	0.553521072	0.11558524	0.346458111
0.523273073	0.11147684	0.922191054	0.143735383	0.275351986
0.537425385	0.414058534	0.586625399	0.121179041	0.905496127
0.607571064	0.22799344	0.348191569	0.083097607	0.954645973
0.561658239	0.542303672	0.672283773	0.117343132	0.668878776
0.495319201	0.343199038	0.979897588	0.067551067	0.280327074
0.539807481	0.20810855	0.839191199	0.096943066	0.953212605
0.590033699	0.330824374	0.47510519	0.066511669	0.1491371
0.506936207	0.005889877	0.90861678	0.173076276	0.346757289
0.58707038	0.061678384	0.991234635	0.133769835	0.399624937
0.603583242	0.376203191	0.530127858	0.193681081	0.441837137
0.442796742	0.392396892	0.556067691	0.19599617	0.027693902
0.572322318	0.542372605	0.902517777	0.113295775	0.229647832
0.61679177	0.040663888	0.435833834	0.090966937	0.834745796
0.566505445	0.458513543	0.704758002	0.179143921	0.782026647
0.517365398	0.217428107	0.856492985	0.113334274	0.410139629
0.486021041	0.230786491	0.412938934	0.179686568	0.51933668
0.543602161	0.060873617	0.767835968	0.111049965	0.358619412
0.62883488	0.296924389	0.587074197	0.164471162	0.863038837
0.519347009	0.54696755	0.607988669	0.206515448	0.83306222
0.563653596	0.152220844	0.533381812	0.133369975	0.567386697
0.514751513	0.537966791	0.480963629	0.104208791	0.176915101
0.585845277	0.076820774	0.504985473	0.123313325	0.054984866
0.417963867	0.021924549	0.507452265	0.146895185	0.136074658
0.567874733	0.536469402	0.685691723	0.101392499	0.254458335
0.532219556	0.083733565	0.475521145	0.173880961	0.49433667
0.451630016	0.435203851	0.645376531	0.081656019	0.47674243
0.57187998	0.353275662	0.950083246	0.099907761	0.8081688
0.587954285	0.556961579	0.792797313	0.154775026	0.915593032
0.494155213	0.450531599	0.475196623	0.097748944	0.998212897
0.597929937	0.347277331	0.736869167	0.118542011	0.526419415
0.517408973	0.56071949	0.946596637	0.132003646	0.13519708
0.600731518	0.479761895	0.46966986	0.123415567	0.997673094
0.55858466	0.113758273	0.434546667	0.157319731	0.607853408
0.522518504	0.533721303	0.935956211	0.156156864	0.53347993
0.61517397	0.337175908	0.769614589	0.105873805	0.617432865
0.603779831	0.517668455	0.754140543	0.095700403	0.829832253
0.379812493	0.062636139	0.46362119	0.095523584	0.751460771
0.569076373	0.244412001	0.691541696	0.197378895	0.995413516
0.568659786	0.382781787	0.41508835	0.15080618	0.269729575
0.540686	0.101022984	0.578674775	0.148894415	0.738317815
0.517274734	0.310464447	0.39617178	0.101196248	0.549077348
0.553302382	0.528344667	0.915990838	0.121697486	0.574162513
0.518918911	0.492189386	0.495021609	0.079132835	0.37284057
0.536390581	0.335144494	0.935874198	0	0.773313425
0.588503429	0.336906067	0.654605221	0.100395716	0.344059503
0.535139314	0.013819156	0.44051323	0.112686534	0.6149099
0.496983681	0.465427798	0.847868431	0.208803946	0.496265309
0.626325525	0.110206233	0.479485412	0.133635858	0.66779219
0.630678455	0.180206086	0.985347323	0.225841903	0.126709178
0.606011741	0.500076527	0.59044123	0.076580836	0.711383387
0.507521844	0.429038958	0.538764998	0.044322669	0.377844732
0.596450531	0.507946072	0.63973382	0.067973954	0.789200628
0.559007885	0.517885799	0.671712659	0.156084197	0.110780862
0.549688986	0.526656257	0.697162235	0.101874002	0.32263215
0.59614876	0.540697595	0.920133022	0.076828159	0.969083928
0.655350375	0.3098896	0.704459936	0.091654582	0.386224087
0.509195896	0.472307415	0.675103446	0.063495504	0.837577869
0.389138286	0.535453329	0.843755803	0.078146095	0.675511558
0.485628747	0.441337694	0.834893067	0.100806722	0.9735672
0.604849844	0.326198821	0.547102985	0.098075755	0.802475884
0.525774703	0.467391366	0.954687492	0.121720088	0.947688607
0.510312851	0.497364264	0.682978236	0.092399199	0.405006837
0.565354595	0.055159683	0.574542717	0.126129779	0.360262848
0.612320824	0.367534507	0.743229526	0.106915568	0.28511834
0.546217716	0.556180847	0.745597742	0.170751924	0.762011101
0.579578937	0.005564236	0.794269424	0.17116109	0.731458165
0.590765383	0.132963504	0.352572021	0.117195976	0.723903562
0.590864775	0.358457729	0.498723436	0.089762581	0.318823318
0.628053623	0.31901932	0.348681784	0.048810973	0.060837244
0.597332337	0.160744426	0.899521981	0.11097306	0.617516334
0.563394316	0.465453856	0.641251799	0.177336602	0.004419266
0.47481404	0.243704651	0.977606266	0.184459501	0.909700451
0.521289712	0.237048702	0.906434733	0.095070197	0.164162465
0.526556692	0.328880485	0.409681368	0.045312865	0.693089451
0.56831477	0.377598465	0.986692352	0.148610152	0.399204416
0.578490091	0.204165918	0.989592811	0.09319664	0.122242815
0.593796019	0.384080847	0.632790329	0.094966314	0.407781824
0.608299756	0.218928323	0.768780256	0.109892652	0.649643282
0.580217308	0.465458314	0.404898554	0.123237273	0.625960005
0.54440509	0.185823544	0.409057837	0.169957881	0.78119143
0.524658782	0.216848722	0.97159673	0.101076117	0.331619949
0.55864622	0.473919854	0.802567263	0.061419566	0.972614045
0.513989243	0.546954744	0.954535723	0.06215954	0.506281539
0.603063716	0.435825206	0.595308321	0.142380129	0.283250493
0.606447499	0.548886344	0.475545692	0.103564019	0.662840193
0.610834655	0.546707775	0.767488986	0.117991811	0.5272046
0.52032274	0.546803746	0.703357253	0.123757981	0.113815665
0.637528592	0.061923681	0.895342184	0.171383172	0.854150463
0.593605963	0.007848506	0.769696031	0.045509102	0.258118485
0.629768135	0.073221587	0.846669044	0.102709035	0.382602748
0.456608135	0.351774622	0.407770657	0.111907587	0.073218436
0.599255129	0.289297461	0.529046445	0.141714969	0.019783235
0.65362849	0.223891906	0.834936777	0.137434421	0.638875203
0.507260841	0.164746401	0.418343088	0.11998208	0.323743819
0.56088435	0.497315424	0.42517378	0.055129997	0.546564711
0.567375801	0.423080515	0.681327718	0.134632817	0.361685241
0.5486922	0.240031288	0.808227913	0.10093687	0.27212605
0.652355739	0.195115222	0.53033582	0.077282949	0.052803478
0.677308834	0.404728515	0.894574165	0.16417259	0.934343658
0.527245997	0.368508503	0.615036827	0.064136449	0.868849588
0.572357738	0.325507639	0.585252068	0.089170019	0.123005455
0.44758841	0.124072677	0.375634266	0.149642774	0.503172774
0.549086267	0.278398366	0.7133331	0.143049367	0.89258799
0.536129259	0.175514453	0.436248558	0.153711538	0.864659839
0.573277733	0.26853564	0.528108734	0.032361239	0.86612625
0.57642748	0.546540763	0.703563308	0.146658705	0.369501351
0.610029647	0.525056741	0.525937867	0.080260372	0.128005783
0.576823065	0.016631364	0.444727069	0.092640641	0.803587987
0.51848325	0.065902211	0.56495957	0.082692344	0.678347467
0.635524846	0.069664468	0.815928772	0.154848606	0.172053044
0.58678617	0.125923145	0.853093833	0.103113255	0.494607283
0.480991072	0.168290757	0.948489738	0.134383589	0.115099368
0.471308441	0.495232067	0.74276625	0.169871661	0.150697675
0.537230209	0.136644608	0.460092594	0.118302664	0.94554887
0.563998712	0.478604396	0.809266365	0.082467925	0.06418121
0.443347692	0.465711728	0.884250539	0.208779331	0.414657685
0.509082279	0.170457245	0.599648933	0.127707191	0.224402818
0.580670573	0.013689935	0.419864188	0.141027491	0.348723695
0.576041443	0.447006546	0.965482077	0.192408461	0.119729445
0.538032783	0.157138137	0.977522523	0.06782514	0.873646112
0.771104933	0.905213376	0.610079742	0.20104065	0.666838155
0.937542936	0.838504336	0.791993207	0.536634849	0.654609387
0.784964569	0.82577804	0.926886791	0.76073094	0.47476697
0.788629905	0.828758324	0.803629643	0.677222294	0.321961367
0.886181466	0.749375162	0.764438572	0.280511651	0.132976484
0.866034862	0.814021289	0.814966889	0.496225745	0.685488269
0.854900226	0.810684012	0.527427666	0.856748496	0.526091983
0.922731207	0.856061627	0.443785034	0.703885711	0.447178594
0.880383742	0.789630318	0.751011634	0.914471109	0.296080422
0.811862372	0.764459084	0.51286504	0.840637773	0.279582186
0.813428948	0.779541276	0.99783437	0.311750846	0.395678441
0.793871928	0.786672663	0.731702586	0.983771964	0.293728807
0.849862338	0.945119092	0.784156748	0.633695654	0.136655255
0.790161246	0.908867748	0.944310481	0.395085167	0.894162677
0.860130843	0.906645546	0.600626583	0.766264697	0.496462341
0.878151542	0.832249287	0.91702204	0.748231158	0.772176342
0.88339492	0.899144653	0.64921124	0.128776376	0.609386636
0.810275699	0.796787256	0.572212758	0.780447477	0.625544514
0.759409135	0.813790948	0.453579888	0.768407305	0.462794057
0.877466273	0.870144296	0.746528528	0.521703597	0.141502658
0.867258545	0.875901606	0.596763386	0.594378743	0.173224246
0.867730134	0.714342169	0.360972155	0.127556761	0.987556734
0.796047321	0.871637987	0.346149543	0.718740306	0.128470078
0.774720341	0.855783844	0.834100037	0.308090947	0.949799789
0.85763059	0.801842682	0.519593604	0.946789583	0.009084736
0.859785115	0.759733837	0.996078117	0.850765805	0.020117268
0.856820736	0.746696317	0.747903471	0.173828457	0.801018037
0.789088028	0.849347853	0.915092757	0.833605112	0.444997276
0.884883453	0.847900628	0.651712871	0.465224007	0.427673638
0.836969494	0.818717687	0.656745348	0.177256332	0.845460154
0.75602648	0.81612008	0.437296783	0.860875305	0.639348293
0.834311375	0.838211492	0.530078255	0.551101112	0.239002037
0.773299344	0.895118864	0.390881794	0.896746161	0.747060771
0.783699885	0.856194192	0.407368037	0.611624474	0.799906082
0.89045176	0.864917097	0.787411853	0.13293529	0.231853887
0.849492984	0.828056947	0.745582152	0.227645245	0.393917461
0.778680075	0.82080317	0.778819757	0.787493527	0.610294026
0.795880423	0.872023249	0.948884871	0.737000732	0.186338712
0.837187544	0.910144739	0.454133022	0.88015756	0.1043486
0.811582826	0.835322904	0.795042525	0.34608801	0.264123768
0.839742823	0.954203234	0.436312991	0.575062531	0.815823829
0.791273094	0.900062388	0.8937073	0.782651996	0.02643647
0.829011657	0.895547541	0.640181642	0.242320959	0.796666138
0.859835998	0.891516122	0.565142678	0.851346166	0.708765314
0.772179742	0.797544974	0.685130862	0.843766207	0.370939889
0.878646543	0.852697841	0.412230457	0.656596937	0.047878979
0.890623824	0.866342158	0.95354606	0.439677906	0.380751763
0.85002626	0.821069574	0.911149543	0.754764996	0.637695766
0.786000277	0.909945081	0.548475863	0.864565943	0.898787746
0.844346828	0.764514099	0.856248216	0.381476576	0.256070218
0.813995471	0.829656457	0.657366614	0.401437311	0.770910397
0.831072553	0.971164835	0.423804144	0.580672735	0.435557693
0.851557675	0.83075496	0.549621887	0.463127027	0.627608282
0.825332523	0.838219003	0.955503304	0.690459774	0.961525045
0.817761931	0.832571091	0.850545087	0.790810985	0.935598088
0.877445948	0.804418098	0.447451544	0.478139441	0.622698026
0.870548349	0.800103438	0.836574885	0.614145403	0.739842803
0.871375248	0.851601681	0.584256406	0.869508395	0.932261669
0.829761123	0.833286289	0.994002926	0.709484394	0.559715008
0.837316191	0.810518548	0.54941611	0.609348286	0.757783518
0.842456912	0.887272686	0.756718958	0.46222213	0.979949051
0.83310507	0.880885639	0.860161131	0.485310428	0.606262178
0.891062249	0.811255289	0.347705804	0.748156459	0.569239953
0.815749404	0.837558358	0.95000124	0.780675437	0.093664601
0.795738416	0.952687763	0.646280707	0.745291318	0.106187147
0.925010852	0.898976462	0.506616945	0.853808503	0.445984065
0.853214922	0.747198478	0.622412646	0.938456365	0.0954076
0.781773433	0.858172985	0.953249061	0.284916196	0.374354149
0.895558766	0.799117264	0.501111699	0.989174151	0.490830789
0.689169142	0.744094834	0.920054919	0.288465491	0.742120034
0.860550056	0.807312144	0.953203692	0.837412542	0.948557014
0.82246063	0.916852557	0.539239967	0.423558452	1
0.87276501	0.937859997	0.970877428	0.250718632	0.216195138
0.805051124	0.87960728	0.474216496	0.51759141	0.084738998
0.740756359	0.81452682	0.589808492	0.90304135	0.739098736
0.828362646	0.891006994	0.6193491	0.685693408	0.605299124
0.810816911	0.870995784	0.559933864	0.660059841	0.251635238
0.867606593	0.816640022	0.787354179	0.453085711	0.024382506
0.796111145	0.817628711	0.725688641	0.438534256	0.887815183
0.894225007	0.85279876	0.90948602	0.222452103	0.486493482
0.872314867	0.941269034	0.838476808	0.533936459	0.358843916
0.816622311	0.787780028	0.655918231	0.645187562	0.007989623
0.865522041	0.812152525	0.737712491	0.692036244	0.150526399
0.852226493	0.802392458	0.863008318	0.575889628	0.479712402
0.877687539	0.937007137	0.896443705	0.557341157	0.583291244
0.701693249	0.820220898	0.92099982	0.367343614	0.443810756
0.834924221	0.856099871	0.70750633	0.752999376	0.873719699
0.843579832	0.821596916	0.555090757	0.707165978	0.210163174
0.853268397	0.837299189	0.708456896	0.739708349	0.666557991
0.872461262	0.888185971	0.603667918	0.308176873	0.785060286
0.887634048	0.899327018	0.912904418	0.431112308	0.315471359
0.879686822	0.924685434	0.417214386	0.733678271	0.348953969
0.801557966	0.755594219	0.810685845	0.146279035	0.461597254
0.90942585	0.77862108	0.588384433	0.266459441	0.208523598
0.860572458	0.795881407	0.645354789	0.499374533	0.587335022
0.795440093	0.848520595	0.409750718	0.330294313	0.909128326
0.719515882	0.850442018	0.515014993	0.215770322	0.963134499
0.940249477	0.822811357	0.894121434	0.997095539	0.72307622
0.861605472	0.891361283	0.86025763	0.179889375	0.695472312
0.852140306	0.845631212	0.416897833	0.447136044	0.619124385
0.856542691	0.830195537	0.686372154	0.344297355	0.943557079
0.860336461	0.897197709	0.84572344	0.75379983	0.487200696
0.861696814	0.860357817	0.864669752	0.8868722	0.415826913
0.958359914	0.927153814	0.638469078	0.29557677	0.348115642
0.86259031	0.951192865	0.78745743	0.552143431	0.912749552
0.787684975	0.980067524	0.708485493	0.977364081	0.778524081
0.796546583	0.785341577	0.75607576	0.69408148	0.20626852
0.734030088	0.937803247	0.506960482	0.257313373	0.813270073
0.866712925	0.777670433	0.876301289	0.594767577	0.627540873
0.869575779	0.741576682	0.548962307	0.226067475	0.457662114
0.740413217	0.797992623	0.78411742	0.447151108	0.588927007
0.824469526	0.820106767	0.67379346	0.597328397	0.436751695
0.847817991	0.749304561	0.912551174	0.682933471	0.001990679
0.82383043	0.848926124	0.693765321	0.456135307	0.228649312
0.874996957	0.815886024	0.439369924	0.259177262	0.691487817
0.806444244	0.862514918	0.368307413	0.593418707	0.824180831
0.875389514	0.843061612	0.68274176	0.210707317	0.334134791
0.771391854	0.869976508	0.91475062	0.410116271	0.486380674
0.932977683	0.799257666	0.407515245	0.306590335	0.087535403
0.733394204	0.84418581	0.353293571	0.322114888	0.02567085
0.80105537	0.820171468	0.468395743	0.923577762	0.601818336
0.820905731	0.862741339	0.95246653	0.570156177	0.18101219
0.780167118	0.843053774	0.390627572	0.543315442	0.13412393
0.815324367	0.889485285	0.923606286	0.181404321	0.157712008
0.889227881	0.871692861	0.695594889	0.5757414	0.007540761
0.738160889	0.867680888	0.695471524	0.494404217	0.173969142
0.868588453	0.842314023	0.505783633	0.358163332	0.857069315
0.894268168	0.864625792	0.893333072	0.164875329	0.927051047
0.774001823	0.925392194	0.495587288	0.187750129	0.105879907
0.720379156	0.855426787	0.771030544	0.350329705	0.842841502
0.863522761	0.902473438	0.553289672	0.442825539	0.590116525
0.972828363	0.850907919	0.692050622	0.785977515	0.938306074
0.841976007	0.789206111	0.681156902	0.709948217	0.173855596
0.864053659	0.8575453	0.619370404	0.695206812	0.093806237
0.796322655	0.8690219	0.906245579	0.479170251	0.313522259
0.808820111	0.88923034	0.352675806	0.282923943	0.876431513
0.696027063	0.976519579	0.964993629	0.247756835	0.35716652
0.897381654	0.79649252	0.596311323	0.576438481	0.664100623
0.81239213	0.832957858	0.524915577	0.480024625	0.875506042
0.809480937	0.870788302	0.676462857	0.190092085	0.4103638
0.849101554	0.833568143	0.957062226	0.514292217	0.883509531
0.904572358	0.803155324	0.694473194	0.339327814	0.971003391
0.832105723	0.806673432	0.722713265	0.616445642	0.010478665
0.753591288	0.871666549	0.559772588	0.443484522	0.938453617
0.888988715	0.841001001	0.713136061	0.620525444	0.158890292
0.76722208	0.784396972	0.56146279	0.498615424	0.218056904
0.862624459	0.810140176	0.730558441	0.348594904	0.320351002
0.805303286	0.818167858	0.39130748	0.203573403	0.21594063
0.951230142	0.733469432	0.506976059	0.622299825	0.723384745
0.762532877	0.823966948	0.56679061	0.24493442	0.685773622
0.808851867	0.813130572	0.660881329	0.962657734	0.472143279
0.731785455	0.825160592	0.356413639	0.522605316	0.416452139
0.787204168	0.779672709	0.572904779	0.860957109	0.17771675
0.807192707	0.938176488	0.949710494	0.476362958	0.749536158
0.815112392	0.865960382	0.514658175	0.931303905	0.626877415
0.848897691	0.848055467	0.592602794	0.636468624	0.338145538
0.787190712	0.947150103	0.92216501	0.48623674	0.455514601
0.716401759	0.829104643	0.541741294	0.481054917	0.778630162
0.838858967	0.845365331	0.387028251	0.169565895	0.289360741
0.752115846	0.828300197	0.956134225	0.142479731	0.21733639
0.838784098	0.93464525	0.784868546	0.416176435	0.673245488
0.781288254	0.909113813	0.790903991	0.93054577	0.051070215
0.751108815	0.926103162	0.703245992	0.449043984	0.004731773
0.877219014	0.891590959	0.521834045	0.267110311	0.603551092
0.846054941	0.853390402	0.919320296	0.820732411	0.093272519
0.876416764	0.875352703	0.888603254	0.467186496	0.861244538
0.85819637	0.859225539	0.945402574	0.851895696	0.923955535
0.79529376	0.781157225	0.928364268	0.753692226	0.792860141
0.841069622	0.814901968	0.631362919	0.320869986	0.057862071
0.807898698	0.845111255	0.783143633	0.214648936	0.38250522
0.849474811	0.872078036	0.998552587	0.19476811	0.11571239
0.868723393	0.772904635	0.823133114	0.201946015	0.715552253
0.784338746	0.813250407	0.787574825	0.243741019	0.939225247
0.813682453	0.790160605	0.488814717	0.814900845	0.785423999
0.827310389	0.798806916	0.489724252	0.182602461	0.218200785
0.851926915	0.781882794	0.789132165	0.178618508	0.52314169
0.834124017	0.857915942	0.563053071	0.28032815	0.115092534
0.818956208	0.92822168	0.704961343	0.274051192	0.800680907
0.840787505	0.919697191	0.468302776	0.709367333	0.239550871
0.792636601	0.929331435	0.858725898	0.990028073	0.680776519
0.658192307	0.951951635	0.618811147	0.779237337	0.719585752
0.750388658	0.877808047	0.863628666	0.185020514	0.454335651
0.804799809	0.89709347	0.682567945	0.505015854	0.887889183
0.861019072	0.904266136	0.910302821	0.530501905	0.282298711
0.811560693	0.921157874	0.527746889	0.267896098	0.328367071
0.728841467	0.845639783	0.528652064	0.922237697	0.934002968
0.752179633	0.780152138	0.963682131	0.642316049	0.496013014
0.90915243	0.854063229	0.57997416	1	0.484138721
0.817810406	0.876468863	0.618270226	0.346651513	0.56840901
0.776432564	0.778101465	0.411267704	0.625628336	0.002702888
0.925778601	0.792388587	0.776192058	0.885702766	0.012434783
0.70550098	0.913442875	0.891038001	0.93678255	0.529619358
0.8281391	0.963195676	0.431650807	0.236528524	0.885511313
0.892868788	0.950675205	0.552866622	0.135636786	0.128352635
0.823631687	0.845835458	0.408538486	0.877136139	0.194357304
0.768273122	0.83999309	0.736328554	0.831989816	0.860787035
0.844516636	0.799976882	0.521474678	0.163163674	0.50733615
0.802274587	0.856974921	0.948584689	0.342636251	0.274465658
0.85197208	0.860723726	0.441306325	0.96232383	0.768125989
0.816088163	0.846929174	0.599263032	0.346903819	0.878136224
0.750884531	0.872507122	0.922978226	0.477437337	0.458243301
0.740657056	0.7866483	0.470454956	0.885385919	0.759775794
0.814767644	0.868619525	0.584606495	0.484034841	0.539186217
0.818658103	0.857605362	0.599183332	0.56592226	0.700568911
0.773478034	0.788400077	0.643292726	0.58174298	0.692244667
0.867688628	0.849692006	0.888887724	0.693776688	0.094436138
0.873890058	0.86509159	0.993278722	0.567643352	0.289225936
0.882615231	0.791924421	0.622424199	0.473805446	0.102080759
0.793330433	0.827797028	0.87212587	0.796922911	0.375851273
0.810814435	0.916720616	0.914802825	0.816395896	0.770043489
0.7569307	0.861882468	0.791203553	0.587315853	0.28527562
0.824149141	0.862519539	0.514130996	0.455705912	0.832367956
0.822290136	0.869993539	0.756106071	0.432597255	0.187669969
0.834303817	0.879322502	0.697954783	0.174981774	0.583797197
0.871951113	0.906721574	0.808147013	0.822846931	0.33130619
0.766546523	0.860503334	0.432305211	0.21451443	0.190381215
0.864139836	0.918434609	0.893727853	0.776694552	0.105268007
0.864243968	0.823750014	0.841235369	0.613502321	0.345010726
0.945117394	0.970470555	0.49480351	0.697905399	0.073698836
0.910224956	0.890561472	0.98321879	0.600440317	0.349764672
0.788121173	0.88368271	0.929766028	0.489661133	0.455450005
0.847568344	0.697326129	0.660702221	0.923394408	0.593609015
0.805708024	0.897452574	0.720328536	0.370572192	0.316203292
0.876572697	0.812753139	0.747067399	0.922482678	0.374858721
0.90442238	0.777781158	0.716813146	0.864662521	0.096110586
0.736045821	0.7710703	0.626559297	0.891466458	0.626875865
0.802377376	0.775040131	0.943106267	0.792130549	0.916936312
0.955109611	0.892642444	0.966694243	0.754505757	0.927105411
0.767733364	0.832806491	0.555525741	0.900886533	0.489202881
0.926936938	0.813085175	0.745959578	0.243323565	0.266116088
0.846712117	0.761289431	0.714851537	0.585803676	0.053928188
0.876466982	0.83163369	0.93819472	0.932732322	0.522815206
0.804357111	0.934482154	0.395798573	0.723534476	0.779086589
0.874911578	0.785735866	0.468084556	0.758603486	0.267301957
0.879436878	0.87030209	0.924281195	0.987173998	0.32803955
0.780016732	0.800747212	0.952571504	0.247666476	0.95425284
0.845473981	0.836147592	0.646256565	0.89797083	0.181006231
0.78838006	0.771953183	0.618019476	0.503292145	0.238941903
0.890358905	0.930961577	0.653267978	0.868160048	0.243540646
0.774583626	0.80948499	0.583105351	0.39924776	0.401872457
0.924426625	0.791108812	0.961246431	0.336789491	0.088756368
0.827984542	0.823884537	0.64840063	0.73101878	0.772450742
0.899873163	0.852014735	0.984322287	0.893315467	0.727370411
0.902732536	0.765883086	0.399575666	0.68690715	0.321901538
0.90800127	0.90964469	0.849700179	0.188110734	0.665527165
0.89964747	0.853881587	0.403681876	0.253138292	0.363553065
0.809589133	0.764885956	0.679085532	0.587807029	0.748904018
0.802885406	0.817832046	0.799801042	0.207146897	0.938663662
0.85390319	0.924963784	0.448237893	0.452126659	0.151269557
0.875971711	0.756106435	0.993051335	0.382955199	0.770637462
0.916694816	0.879173141	0.464428846	0.967039645	0.49343095
0.826355342	0.875317723	0.725743014	0.461494489	0.824937065
0.823718326	0.881846002	0.67683013	0.433338931	0.260054937
0.843906834	0.855406384	0.790092095	0.75046171	0.753017814
0.763524317	0.942140973	0.847527386	0.868160244	0.085496822
0.839982944	0.890424885	0.535623522	0.753815285	0.644786659
0.869603709	0.887402925	0.568129807	0.158120391	0.604900185
0.792575283	0.804169722	0.96048328	0.362581958	0.656741167
0.892713947	0.998963038	0.539525623	0.305063523	0.678566168
0.956268402	0.773291274	0.96957608	0.72341901	0.737672653
0.904398156	0.805364176	0.728204525	0.457275087	0.122574944
0.754239573	0.9095344	0.346777967	0.93931249	0.827758997
0.852444564	0.809921654	0.471181779	0.201879058	0.565267165
0.90039255	0.937368935	0.81211962	0.395384888	0.958471589
0.820902273	0.821476711	0.515739733	0.732404707	0.95541634
0.810382703	0.876870017	0.654493908	0.797832576	0.25038054
0.843003291	0.912333321	0.350322892	0.371083697	0.810604508
0.781109776	0.904567887	0.608268367	0.379323735	0.215129656
0.768282846	0.883926215	0.578536332	0.784832552	0.062630661
0.904437176	0.80416691	0.675949461	0.266352699	0.809086994
0.862886742	0.89337359	0.974634574	0.562662894	0.832240687
0.795360259	0.80399281	0.588190113	0.176930029	0.423783937
0.871203708	0.813019439	0.715936287	0.133723994	0.951855358
0.870750508	0.935077418	0.439352853	0.94993893	0.946272745
0.894277273	0.859442418	0.346666129	0.777943758	0.113474387
0.858480201	0.92647328	0.593532441	0.173720031	0.6465614
0.841004445	0.856995305	0.806243249	0.472445779	0.177882337
0.792820892	0.846523307	0.954048356	0.753977846	0.365578592
0.792569	0.84953952	0.638741074	0.854911389	0.443855521
0.893115412	0.815852279	0.751471962	0.597373585	0.115881226
0.870226783	0.801338534	0.353625993	0.332153741	0.152018522
0.819295136	0.764613083	0.36925812	0.361653391	0.583460002
0.788786926	0.934801984	0.418285647	0.320127038	0.424137024
0.859521811	0.866949431	0.455877626	0.375916667	0.33301242
0.903170456	0.902320199	0.424983048	0.903394872	0.601909693
0.907587384	0.847414393	0.638740441	0.347535124	0.444956119
0.898001391	0.931047432	0.534532824	0.189651266	0.60364683
0.8354425	0.887821535	0.886059669	0.340337296	0.871700712
0.886082833	0.884878353	0.672480244	0.579006008	0.627388507
0.910733098	0.808086386	0.408830562	0.757859553	0.105012708
0.851298892	0.85414177	0.549346199	0.904534177	0.603815578
0.826939874	0.859959035	0.684142967	0.232783039	0.871316009
0.79445293	0.851015719	0.388769139	0.773700154	0.830561487
0.898783182	0.85761075	0.73847194	0.487189858	0.865137075
0.869954292	0.811204889	0.694298799	0.474266377	0.419196799
0.74919279	0.924310671	0.492916092	0.528292109	0.36015885
0.843998398	0.87471081	0.898220247	0.803283942	0.254177088
0.863416239	0.90506264	0.832425155	0.729333026	0.620485808
0.79493353	0.963418216	0.783847301	0.551166334	0.698419195
0.906767134	0.791658065	0.841054297	0.49809411	0.159303389
0.896324829	0.808714004	0.613477337	0.809183744	0.155423044
0.841640777	0.835937062	0.947591902	0.641579756	0.933595226
0.844907398	0.920127085	0.575233514	0.277224705	0.107044581
0.932848514	0.900111717	0.434755129	0.996987094	0.089595769
0.861275445	0.907996904	0.993918803	0.326716229	0.852398954
0.749750357	0.802045275	0.671293138	0.200874194	0.741026315
0.742977256	0.884743514	0.372964626	0.129511527	0.835964604
0.889028066	0.833430953	0.368775077	0.218223597	0.175241749
0.806417993	0.790434651	0.904377105	0.845918445	0.392810569
0.816372538	0.872374475	0.830910497	0.513724275	0.785641756
0.780707268	0.907707999	0.99730482	0.5358811	0.297449106
0.841424295	0.89311126	0.475868407	0.542357905	0.721675097
0.879728662	0.755598132	0.875472257	0.220636458	0.113381169
0.865452382	0.928650553	0.975127151	0.752069135	0.956534839
0.810992118	0.904064172	0.740845227	0.127591396	0.239828001
0.828198084	1	0.741559212	0.193061035	0.114573625
0.792064424	0.79432854	0.965763065	0.233391817	0.209229243
0.774723519	0.858962073	0.372191426	0.461139858	0.43107636
0.815652969	0.795186101	0.465142743	0.988964871	0.406672929
0.75881666	0.924339988	0.430400081	0.632134265	0.28571726
0.891197616	0.775669901	0.703236521	0.890119033	0.006383733
0.837899383	0.805649368	0.373706164	0.772958305	0.453956372
1	0.843962801	0.653501795	0.485479184	0.117741804
0.825266484	0.798890895	0.652005128	0.647958443	0.235276476
0.94255397	0.830270326	0.826231449	0.240429047	0.65238602
0.830484425	0.88741616	0.571183584	0.657364297	0.142182839
0.917710407	0.872552818	0.686465014	0.955742943	0.93605315
0.877902687	0.802636958	0.447690913	0.550460237	0.050419562
0.810093388	0.822520582	0.777858814	0.343751525	0.970030502
0.846854951	0.820550762	0.936876219	0.339158966	0.261700885
0.899290832	0.829842628	0.420464411	0.312845545	0.751198875
0.856305698	0.798074463	0.668634383	0.992890243	0.091650357
0.897058216	0.918165253	0.467450316	0.552333231	0.236590862
0.185877301	0.242509713	0.11812013	0.594407323	0.786976884
0.151558482	0.022650626	0.118909932	0.333602271	0.579541657
0.190777395	0.051003963	0.05689634	0.528830185	0.601545836
0.132623424	0.21686454	0.183061515	0.831439529	0.019097134
0.1447292	0.387739802	0.115469687	0.732731415	0.187305537
0.110531685	0.022825557	0.116368161	0.602658843	0.86324274
0.161204397	0.149045789	0.132559254	0.445416843	0.365866281
0.255803615	0.243157344	0.115068223	0.352680338	0.95375121
0.086707869	0.507249277	0.115560245	0.339220988	0.625521323
0.169679282	0.024876397	0.102839267	0.163872109	0.461851628
0.209175397	0.515795184	0.08493772	0.284346982	0.153935688
0.01714852	0.295184735	0.111077474	0.789763415	0.664036457
0.249077277	0.407889374	0.155484504	0.322148725	0.486251796
0.146465652	0.204631223	0.10159783	0.681503328	0.421271208
0.114057145	0.456413129	0.138050072	0.213874702	0.064228142
0.208669077	0.547533794	0.14256444	0.977402433	0.391264454
0.179166186	0.357979514	0.121222441	0.611569473	0.33336125
0.150534864	0.34505038	0.1342192	0.548256231	0.314620185
0.160375283	0.41151272	0.089172776	0.715362449	0.930144532
0.139516073	0.314435551	0.135825281	0.294565611	0.058383262
0.158587207	0.25882002	0.085292761	0.706369932	0.89849487
0.111521864	0.429329163	0.126310876	0.879958982	0.794171699
0.14095603	0.27715226	0.125554494	0.872053647	0.081516995
0.166489821	0.208540372	0.102797769	0.317012323	0.230660078
0.086598867	0.447894125	0.163724153	0.26011767	0.764091832
0.171149533	0.04732799	0.104308719	0.769931035	0.507677104
0.06661763	0.301271855	0.086891186	0.909769465	0.280021284
0.059338257	0.315496857	0.108292007	0.219140611	0.430901619
0.197656192	0.158642221	0.131959719	0.684122485	0.809564683
0.179610455	0.122009647	0.075082221	0.498893634	0.124700134
0.239640828	0.263172661	0.138989544	0.873010065	0.21850177
0.205175333	0.137826248	0.141195856	0.490488931	0.620041352
0.300665607	0.085710638	0.142172186	0.258677503	0.346385227
0.166222958	0.376947103	0.063059869	0.924112413	0.202441879
0.194004078	0.268991571	0.122646361	0.254867905	0.445647945
0.101527317	0.441507652	0.084915311	0.688195768	0.664520473
0.152246488	0.075729257	0.204358562	0.62031152	0.188885643
0.142685307	0.479494814	0.054115389	0.775615177	0.551679294
0.11209954	0.426173789	0.110550289	0.38117031	0.974953665
0.189145903	0.208370153	0.090774957	0.944689413	0.797057039
0.195717583	0.067370727	0.167739452	0.612856795	0.24126789
0.059406333	0.424822255	0.228596643	0.47360621	0.632932704
0.222111071	0.175468369	0.047476348	0.998922682	0.608838868
0.095754354	0.129030869	0.176878791	0.232104025	0.616049861
0.156965471	0.105407685	0.134424567	0.429807035	0.189848505
0.210298562	0.22271836	0.092031084	0.566165626	0.107970678
0.192458442	0.423788087	0.117531466	0.43130385	0.74767439
0.210528885	0.46804563	0.071738668	0.952862931	0.129677831
0.212653408	0.522244028	0.155781723	0.539990617	0.884730349
0.124623728	0.089443981	0.154031277	0.997389865	0.58809608
0.181296457	0.522895131	0.105754786	0.320617504	0.191940807
0.155601779	0.491627179	0.129722425	0.72283391	0.260583991
0.21784299	0.429227109	0.112816716	0.906253678	0.487819287
0.039325678	0.139168396	0.138658071	0.193567465	0.559988363
0.101653219	0.271530473	0.126052456	0.632016015	0.557330181
0.210797769	0.154819254	0.067153076	0.871849308	0.935150208
0.217349586	0.543422103	0.070564368	0.670893942	0.045836314
0.175789778	0.289143912	0.084843632	0.459906345	0.762240139
0.081788402	0.468722294	0.125273949	0.465110289	0.266772947
0.19064502	0.391695009	0.055827349	0.806679468	0.932920544
0.142132273	0.142846375	0.130287889	0.167016945	0.216571828
0.192247841	0.186415234	0.081379933	0.554450016	0.605495121
0.223666076	0.400326618	0.123329903	0.228918988	0.456974193
0.220658424	0.189090539	0.120929296	0.481402587	0.914302029
0.151901655	0.211102799	0.128337477	0.752431105	0.906871583
0.184745236	0.529302164	0.134646927	0.719191359	0.266563136
0.288780916	0.079616545	0.169701809	0.90936765	0.97664196
0.097438037	0.488805616	0.153479493	0.228524712	0.465228906
0.172424932	0.349481896	0.121506575	0.912716346	0.256418114
0.150949874	0.383126337	0.154196139	0.736680784	0.052986549
0.178190895	0.026358084	0.107286615	0.66888718	0.81070611
0.086164197	0.136083717	0.048578412	0.63144109	0.609418014
0.066645087	0.150107663	0.141178938	0.959763433	0.522864617
0.167872123	0.497625949	0.082640168	0.827654304	0.791629809
0.093255603	0.009452825	0.125953195	0.243928763	0.572966347
0.138793065	0.013776666	0.131572927	0.937741346	0.775329845
0.135958568	0.000276949	0.072297118	0.435529309	0.248041762
0.161538558	0.362686507	0.085449034	0.287618249	0.439073075
0.154214003	0.25930051	0.058119793	0.534418578	0.602918341
0.163262289	0.400327765	0.093100242	0.855646382	0.722217003
0.168457233	0.330783786	0.118558532	0.731502389	0.406004814
0.035012444	0.074804066	0.121534525	0.280607321	0.065105899
0.121760167	0.112140525	0.091292536	0.736821598	0.328922904
0.181635973	0.049196619	0.112560088	0.33415861	0.612184825
0.226363747	0.044194502	0.113609831	0.944409353	0.277987017
0.159379311	0.495871138	0.146642359	0.280013608	0.04272268
0.296092184	0.277335426	0.115165803	0.626886565	0.204489541
0.169605642	0.303507794	0.145845896	0.625529965	0.637058301
0.156160227	0.285754484	0.135831961	0.87335605	0.666728693
0.171773391	0.541618749	0.129624706	0.420838716	0.658500639
0.22482537	0.445977901	0.110358834	0.561840231	0.92397915
0.10824192	0.016782823	0.076697246	0.409461261	0.328822313
0.202319894	0.402717577	0.111502017	0.662299085	0.932019663
0.030448386	0.318752453	0.153602793	0.437934594	0.133847059
0.110220693	0.083125849	0.057790958	0.991077149	0.156316033
0.1275176	0.213848098	0.162134495	0.444558975	0.045685467
0.204933796	0.256463	0.046848303	0.884426937	0.82032352
0.076919621	0.324735651	0.151136582	0.579706667	0.025664775
0.194783774	0.320259492	0.086845227	0.326467877	0.823265482
0.174802839	0.527147408	0.088160332	0.216584577	0.344182664
0.256238394	0.200001397	0.157154097	0.722666934	0.355091645
0.124789942	0.296025983	0.133404405	0.252421238	0.884530684
0.166906966	0.553372321	0.132202222	0.625429104	0.194657671
0.119303722	0.286249829	0.074993138	0.284661114	0.351594772
0.176998401	0.10758072	0.132893571	0.221866959	0.387777566
0.144846713	0.011431889	0.09658684	0.67971493	0.035433818
0.147273427	0.291376268	0.059524148	0.944454703	0.173566745
0.151225739	0.015291976	0.097866971	0.291822817	0.774543072
0.252258689	0.279346268	0.098611083	0.630109776	0.525575943
0.093961084	0.127736009	0.167398552	0.976938639	0.98084424
0.13560982	0.520260211	0.095185114	0.717555832	0.884084525
0.166707275	0.308882295	0.122811494	0.148537064	0.011654326
0.109092141	0.486675366	0.13832527	0.712180355	0.482465776
0.117464497	0.522058966	0.164939098	0.467695511	0.223253801
0.103048088	0.227798723	0.09300788	0.400124985	0.364125267
0.089636138	0.378180749	0.092179486	0.612134197	0.532537773
0.25309124	0.02525415	0.134596019	0.585366071	0.099648759
0.198623673	0.209387929	0.145541318	0.330323812	0.690370711
0.148844654	0.479421277	0.126521224	0.37472584	0.159861695
0.120191949	0.104617137	0.108435692	0.390672336	0.732219548
0.272164187	0.416600694	0.189934002	0.595344751	0.876007738
0.222721073	0.34035411	0.118879095	0.623159924	0.28165836
0.127768138	0.470059217	0.097023113	0.331693742	0.022468003
0.232542568	0.274827295	0.142090915	0.825531986	0.182556105
0.246597497	0.106858841	0.169742728	0.236862896	0.258861823
0.130168182	0.000427633	0.131620651	0.780876931	0.215064285
0.125164995	0.264582028	0.101708852	0.442111995	0.420298836
0.144170672	0.205173491	0.044590199	0.436446688	0.077376605
0.183805813	0.130311921	0.163730273	0.734668625	0.720847421
0.284570202	0.141618756	0.106509741	0.432862918	0.2646193
0.252050994	0.254992525	0.143231447	0.575430406	0.563913516
0.130753828	0.322756113	0.085785744	0.48136203	0.357535429
0.208921414	0.281790816	0.115742771	0.139241462	0.047544635
0.146095511	0.509257586	0.109607728	0.784293109	0.581584152
0.241538553	0.203253689	0.105820188	0.463808019	0.647775154
0.223068868	0	0.055933761	0.806999758	0.257014559
0.231825362	0.092645578	0.092459368	0.555598213	0.793273238
0.299313427	0.51528304	0.107567536	0.998703268	0.572540432
0.087667519	0.451067977	0.10578245	0.182660608	0.349912793
0.232886944	0.321161268	0.116394689	0.560517351	0.527108163
0.16735714	0.044355388	0.030991619	0.791422616	0.617941869
0.200972521	0.134164089	0.10935564	0.915699952	0.520726728
0.229969736	0.087765088	0.09290587	0.844755712	0.938137959
0.299426937	0.478944763	0.114632196	0.350674574	0.801740687
0.206166362	0.297931206	0.161932051	0.942166164	0.267965153
0.10639413	0.268324679	0.076008493	0.763200806	0.252387958
0.104963754	0.179387385	0.153164092	0.64164878	0.763150462
0.208499068	0.422346622	0.139265062	0.848889938	0.491914822
0.276646745	0.49815585	0.113836441	0.446180459	0.734954253
0.132769773	0.046502539	0.124695025	0.389335697	0.203159695
0.136554832	0.206242707	0.156414493	0.558427973	0.719167519
0.119766692	0.451123192	0.096783233	0.258032283	0
0.042225058	0.005901798	0.124189122	0.937903316	0.295093768
0	0.126216919	0.136590211	0.349394734	0.094749045
0.230358553	0.291430681	0.152309476	0.532940387	0.689304565
0.012647076	0.273191575	0.173690657	0.263492464	0.163022941
0.233670579	0.522817535	0.123741082	0.306322777	0.473612937
0.132034993	0.410458484	0.125997087	0.995950954	0.228203516
0.215708009	0.292348905	0.139540063	0.21682034	0.943970456
0.09614161	0.15958842	0.061984919	0.61102873	0.041314136
0.171746384	0.522390007	0.148283235	0.204849044	0.984196949
0.168441099	0.240038186	0.093782354	0.306019313	0.234716936
0.062304627	0.20354391	0.075174641	0.635088479	0.908200923
0.10273529	0.072492416	0.105226606	0.595651734	0.64594069
0.21038936	0.398564824	0.116097684	0.313255236	0.975904014
0.145228074	0.205443627	0.120829425	0.133953503	0.145798168
0.116519427	0.343355175	0.109159469	0.167256551	0.586186127
0.168339678	0.050298218	0	0.685758739	0.999503698
0.143975677	0.414537795	0.176044365	0.856758123	0.684475623
0.132076584	0.157303445	0.087866202	0.802590458	0.971063557
0.120037789	0.512047426	0.142435277	0.862255541	0.455956709
0.189458214	0.522942306	0.10262382	0.997868018	0.422892841
0.076999298	0.136483325	0.119905825	0.789768715	0.39228263
0.125375186	0.298709387	0.06537559	0.971451012	0.386716853
0.087313116	0.090993123	0.148599355	0.175660719	0.269470929
0.214523872	0.079707854	0.099179127	0.161997492	0.59917881
0.231329244	0.03826009	0.078478716	0.724597701	0.772418382
0.205666323	0.088428323	0.14878362	0.836513952	0.525542385
0.106891353	0.029572302	0.095923961	0.683905804	0.819555063
0.167032157	0.223995754	0.151533912	0.639505134	0.259216565
0.17254294	0.56536833	0.103935756	0.156645261	0.628309522
0.130802879	0.420630032	0.147723194	0.805778593	0.738537421
0.186266616	0.369747944	0.137165775	0.851896857	0.066267971
0.098981841	0.482059205	0.074835422	0.770430731	0.421911231
0.102495847	0.020841093	0.135551052	0.972318118	0.11983007
0.145497468	0.331085605	0.150263715	0.41961904	0.479545167
0.181885385	0.14690376	0.098593959	0.396902707	0.473281127
0.070740447	0.310099202	0.154310341	0.680049941	0.039459336
0.19326078	0.234285556	0.188507734	0.768126826	0.775394329
0.148279542	0.42053224	0.081505238	0.991028866	0.475089295
0.189180502	0.449175038	0.11922927	0.301358696	0.283504395
0.131107865	0.342329394	0.172170734	0.844223145	0.489569542
0.161972712	0.079424279	0.116070638	0.923504377	0.282831977
0.229532019	0.03560734	0.045586203	0.883480664	0.334874563
0.250491021	0.083811011	0.088560763	0.91043131	0.987673876
0.083451401	0.488945625	0.082660486	0.870297463	0.319446933
0.15342103	0.436743609	0.117016183	0.854703539	0.091592444
0.155634642	0.07523822	0.131951959	0.378643908	0.789584169
0.096942754	0.375324813	0.112773191	0.318098874	0.619617709
0.131453269	0.242174786	0.183458191	0.569533824	0.609661666
0.273389503	0.129615541	0.132148574	0.851883368	0.751284038
0.159372349	0.543680193	0.138150769	0.378503034	0.033005546
0.114523154	0.335929845	0.113809725	0.758639691	0.98883588
0.14083611	0.44245049	0.160507438	0.346886325	0.071723134
0.170200339	0.010299227	0.139169174	0.463036005	0.975510399
0.222321859	0.141627592	0.099140072	0.461718847	0.159443965
0.172417377	0.359828975	0.101282132	0.684158711	0.000666451
0.139686107	0.511001179	0.134797292	0.549228195	0.044376574
0.200172759	0.44774536	0.07318987	0.24630156	0.432289482
0.12225581	0.432471581	0.050553414	0.687836712	0.032195945
0.128759066	0.006369846	0.168113927	0.169077118	0.30566314
0.166491632	0.230955242	0.145584932	0.96828382	0.69163316
0.175379278	0.084560998	0.089825595	0.320470599	0.480772231
0.097897617	0.395475823	0.103383413	0.381211801	0.053226656
0.185265262	0.009676526	0.10369178	0.428408262	0.666906501
0.175678112	0.008201702	0.09626016	0.766246017	0.94536583
0.277069452	0.055529995	0.10549328	0.125979216	0.279262928
0.116220479	0.080944672	0.182385234	0.5424233	0.945482782
0.186204714	0.529391369	0.071890917	0.175956951	0.169249246
0.232699599	0.164869392	0.088889048	0.897488293	0.29599031
0.092969836	0.092007932	0.137617884	0.562470397	0.988801087
0.177186334	0.507221562	0.11325952	0.994277212	0.045629398
0.332634472	0.552136541	0.105158826	0.262429897	0.890344047
0.166328758	0.382660233	0.06993548	0.806107618	0.342449222
0.159557395	0.398758316	0.105809102	0.488789104	0.53588581
0.155011232	0.07791713	0.090874392	0.305342813	0.813729244
0.251958698	0.109206561	0.038958931	0.314192834	0.485784123
0.172409515	0.456662907	0.130848145	0.554550311	0.654091993
0.196426174	0.460424675	0.126236908	0.629951823	0.151883554
0.151250834	0.282032815	0.054609394	0.723391424	0.40487846
0.185424471	0.366946193	0.157397847	0.798563252	0.897695155
0.220450088	0.212917823	0.090079379	0.13309372	0.166035534
0.24163793	0.166799332	0.065422005	0.932075468	0.337353092
0.134451695	0.559891725	0.082748571	0.661287501	0.138073427
0.224065933	0.158263743	0.027244788	0.370844488	0.509680827
0.166512349	0.247375503	0.145795575	0.628027981	0.572067955
0.165353186	0.427722526	0.107140014	0.418529906	0.972855012
0.13341215	0.305572091	0.112651747	0.337618497	0.088903522
0.018130019	0.430755889	0.076169493	0.933372212	0.185230431
0.143661614	0.282417865	0.089355555	0.833553591	0.347084173
0.142409273	0.076278552	0.148513635	0.799427539	0.338888854
0.127089007	0.069980534	0.063118573	0.614977046	0.327836451
0.141708855	0.442271834	0.124080194	0.888177091	0.989166611
0.086175595	0.294401374	0.11918218	0.882629262	0.040165585
0.17485315	0.523647069	0.07190428	0.322942462	0.868618091
0.199671921	0.437958703	0.081904399	0.381957229	0.208393185
0.112487116	0.42657175	0.141066543	0.229637445	0.495693156
0.119674664	0.081008614	0.134701319	0.507995859	0.262189572
0.236861154	0.411478348	0.052189415	0.201247909	0.16477858
0.184333643	0.114076083	0.094188366	0.733014168	0.30790936
0.178273727	0.501625819	0.113775185	0.761113493	0.696542709
0.198976384	0.114894749	0.076568414	0.289581473	0.553490373
0.140931157	0.544104279	0.130720778	0.811415575	0.767269865
0.154742603	0.029283818	0.11196176	0.342049047	0.999044436
0.171984384	0.565354286	0.153476333	0.351485987	0.656111943
0.157121331	0.028722314	0.153402879	0.394454171	0.041738834
0.198899953	0.1960451	0.122900446	0.75168529	0.870312946
0.154262808	0.12929074	0.084411984	0.457101865	0.582967252
0.149242007	0.166600734	0.088804871	0.414940066	0.133694026
0.105224287	0.051731818	0.17109932	0.624480469	0.49465977
0.150896963	0.412911665	0.146543831	0.205770222	0.448117678
0.127619548	0.377236265	0.128744173	0.398801414	0.340602374
0.204889354	0.243659038	0.132993877	0.663300638	0.687953254
0.110559098	0.103527512	0.122291582	0.138392409	0.177842225
0.071943711	0.505791434	0.072019523	0.211229101	0.320974603
0.186429712	0.34642581	0.131740264	0.348709537	0.589873164
0.236061703	0.077175867	0.122889397	0.93033166	0.160045846
0.138198021	0.429314662	0.155221013	0.807484851	0.004986668
0.181374035	0.05081449	0.162751678	0.221353004	0.905542053
0.136990582	0.062292206	0.104750691	0.840158106	0.994383501
0.240388786	0.174501808	0.131477421	0.79126586	0.843810197
0.192118834	0.313859551	0.114979888	0.95158785	0.127254136
0.293158603	0.178245682	0.104907385	0.630561257	0.86084894
0.213257574	0.495331866	0.130874242	0.16467055	0.040863624
0.159531391	0.287459737	0.09805993	0.554249345	0.664886478
0.150831893	0.320187077	0.097057964	0.609410926	0.43112706
0.095790889	0.142638986	0.124490099	0.35032606	0.058471437
0.22528506	0.129258972	0.083329305	0.391487865	0.325784998
0.083630176	0.091587366	0.088285506	0.722813106	0.16034079
0.073365773	0.276126739	0.121487231	0.202055296	0.891190912
0.206575253	0.342002549	0.087066506	0.891029271	0.211343718
0.132189354	0.389355729	0.121192933	0.295047147	0.052827817
0.299464655	0.116262596	0.133440953	0.70183347	0.87096265
0.230973085	0.214007085	0.091769977	0.360426608	0.920008766
0.122141956	0.506994303	0.109673052	0.279558409	0.073909676
0.163720957	0.170400769	0.147830208	0.747869025	0.10312462
0.216502965	0.292710063	0.098190657	0.740608302	0.155367662
0.09852013	0.150707767	0.142613145	0.71293194	0.291060874
0.187870607	0.08674477	0.127657887	0.41325637	0.672456354
0.114114455	0.492195229	0.100314174	0.278647717	0.880877139
0.037486659	0.308621059	0.132909939	0.456808019	0.17836074
0.167137375	0.453102357	0.102162729	0.126646994	0.982319689
0.121834724	0.506949588	0.10847946	0.969135131	0.18656123
0.165649677	0.155999024	0.101275137	0.732120302	0.614707967
0.107294203	0.366806352	0.144573313	0.520417567	0.990027204
0.128540428	0.388153809	0.057598565	0.445724448	0.591338219
0.249334896	0.498976825	0.109334914	0.712344165	0.96562492
0.163156948	0.560482309	0.126663706	0.649354887	0.993603584
0.131354721	0.375636073	0.140383133	0.230728154	0.818210326
0.152406147	0.210955347	0.125513249	0.197699506	0.855874542
0.114982779	0.412643518	0.071784376	0.213256859	0.953340434
0.154083304	0.346919017	0.074289315	0.931522929	0.398640411
0.210843302	0.34823857	0.075753681	0.842193606	0.281082475
0.223908177	0.200410924	0.11972767	0.268847414	0.508870463
0.219903295	0.103616516	0.049501335	0.910609698	0.941548509
0.159164857	0.220873106	0.115866907	0.278398685	0.31046604
0.146277391	0.052579817	0.149525783	0.950198249	0.514409273
0.210465804	0.531853547	0.072877829	0.969500285	0.557845584
0.137062536	0.179764524	0.14271988	0.393209941	0.672287214
0.16737287	0.204463928	0.075453378	0.190615587	0.361223971
0.065883888	0.335223466	0.089503526	0.758035777	0.955769159
0.081094873	0.459417511	0.129277583	0.586772727	0.563948778
0.126075871	0.079071925	0.132393236	0.531498321	0.772633493
0.2386416	0.268208039	0.14729749	0.673938455	0.192941415
0.112301909	0.26448441	0.150952029	0.702975844	0.161315281
0.122181923	0.380277583	0.070818285	0.490719489	0.461345875
0.165645928	0.51051709	0.111062928	0.39399234	0.758421112
0.218430856	0.189698018	0.100313436	0.589998061	0.274699327
0.117361314	0.076023346	0.134328538	0.71321809	0.083260845
0.114658867	0.555911128	0.12984651	0.947153162	0.676454122
0.212751358	0.477739134	0.111100748	0.275998947	0.528264415
0.109163497	0.198923783	0.159007625	0.623389052	0.607885751
0.089151096	0.114323775	0.16675655	0.575280697	0.406441406
0.137361599	0.48225263	0.128146665	0.956756678	0.092455068
0.15420734	0.169485178	0.125348533	0.840840345	0.001402073
0.217534075	0.516709226	0.099939918	0.162407017	0.529067491
0.138239813	0.014164365	0.071766524	0.458425555	0.273127006
0.106922537	0.074937271	0.109097934	0.488121394	0.786714128
0.120962092	0.532615616	0.151871711	0.869826627	0.009157154
0.122191067	0.164782905	0.142329482	0.495432	0.885325466
0.196945938	0.386250424	0.154529926	0.305826946	0.144691873
0.143393513	0.461157682	0.127762511	0.208689492	0.385403793
0.201772668	0.385448523	0.097186968	0.929850716	0.106317419
0.102987219	0.321753188	0.102710836	0.347347308	0.165628437