0.754998022	0.943859547	0.172523962	0.102788467	0.573532939	0.720081558	0.778624037	0.481154105	0.505623004	0.876790987	0.443208521	0.880252721
0.676532634	0.146907369	0.354922923	0.994486146	0.005609311	0.487062311	0.492515563	0.089978246	0.533213436	0.323691728	0.415487737	0.859768458
0.7273874	0.121312679	0.32490779	0.583818736	0.777565732	0.517039682	0.758847233	0.233181567	0.74561832	0.724238754	0.592344964	0.896358954
0.691607511	0.76847703	0.308240668	0.676223683	0.620167528	0.941907538	0.404269323	0.029168384	0.5586209	0.629764628	0.359784793	0.846167538
0.787529054	0.395323507	0.289673154	0.673319922	0.092145104	0.564314526	0.399270804	0.332278974	0.586442756	0.652376252	0.050547275	0.832272588
0.799393869	0.421535018	0.250099511	0.585208232	0.37396676	0.736699923	0.844400653	0.957247919	0.651882091	0.642752595	0.481631551	0.854804284
0.699196011	0.682315357	0.234703812	0.941869088	0.888530866	0.540218804	0.490882425	0.279665578	0.552512712	0.491031663	0.31588767	0.948524593
0.674792949	0.812968594	0.278876898	0.586190358	0.220705078	0.941259	0.882569757	0.740510095	0.571281578	0.921766816	0.217914425	0.822958708
0.725336159	0.467468555	0.312158555	0.152047059	0.618318575	0.760626237	0.672173711	0.493631353	0.53539086	0.787434845	0.037099917	0.806305478
0.605976589	0.322919597	0.300660421	0.899860311	0.873101642	0.885533164	0.466912164	0.697053472	0.500742259	0.417738932	0.219941068	0.733028661
0.668253134	0.426393459	0.18882934	0.691287718	0.812159436	0.592033373	0.877374137	0.034818279	0.594745284	0.942244685	0.397544	0.849131212
0.749441813	0.593405394	0.240911262	0.255241247	0.759207094	0.494515287	0.954297106	0.231857377	0.559326747	0.816936114	0.317589514	0.668452592
0.6212974	0.056905701	0.326717772	0.556407987	0.350393845	0.758122328	0.381876812	0.097428964	0.595212539	0.48164191	0.553688163	0.693415177
0.69430341	0.898593133	0.266851304	0.777951407	0.094247634	0.788785225	0.708612019	0.45836399	0.514301901	0.363458448	0.34717047	0.960354325
0.706556847	0.308604434	0.161274306	0.585513228	0.431439698	0.618923043	0.971486965	0.160786263	0.604550264	0.859562807	0.028348804	0.893825161
0.654850492	0.744332782	0.391695397	0.701437311	0.511907284	0.915764581	0.579898104	0.717916883	0.654796412	0.189207618	0.214802121	0.911310636
0.642517142	0.892566022	0.285036664	0.509712604	0.167678555	0.859745993	0.971522309	0.32045486	0.689889976	0.473901563	0.02624554	0.841761297
0.75553382	0.658285468	0.282687613	0.721745516	0.667682395	0.88226425	0.558552626	0.227732061	0.517112049	0.900542311	0.482387469	0.719810927
0.696392697	0.11641516	0.225440457	0.914733033	0.181894061	0.649403669	0.896621614	0.45081615	0.631053745	0.284489233	0.201825644	0.803557855
0.633370044	0.469060256	0.382463191	0.496475513	0.952480938	0.821862903	0.445795308	0.697014098	0.610309827	0.307797601	0.47793193	0.860363399
0.654744308	0.5723006	0.275570161	0.293229055	0.704618764	0.811978855	0.61321532	0.632348016	0.585211705	0.766674279	0.276554754	0.944590108
0.703808731	0.829637487	0.185471989	0.164787014	0.093383597	0.779993719	0.75350969	4.68028E-05	0.66757277	0.300852646	0.019864944	0.807026686
0.663566056	0.104113894	0.28782556	0.17830192	0.08902563	0.529576898	0.96013947	0.040036962	0.616612238	0.853710609	0.048424521	0.728882173
0.624554924	0.345887901	0.288164414	0.638533566	0.154871605	0.641309497	0.729151838	0.486544516	0.565652464	0.899233721	0.542309772	0.734580089
0.662860483	0.135089237	0.1861213	0.208623282	0.783093195	0.707620879	0.343125087	0.249239705	0.551376571	0.828770609	0.048807726	0.857169318
0.760168563	0.63397977	0.24123667	0.64525269	0.673198918	0.750719478	0.750250571	0.788380936	0.532465625	0.543750359	0.389388847	0.842048977
0.639037142	0.664468012	0.255793662	0.991259865	0.761716226	0.55198862	0.678156991	0.851844303	0.664023583	0.503838103	0.016476201	0.804866078
0.665545753	0.306729798	0.212671397	0.14174146	0.397067426	0.506465573	0.999950042	0.671026934	0.597383345	0.596619875	0.347162199	0.724574919
0.684392917	0.70267686	0.33915029	0.337967969	0.486621308	0.824560726	0.662354961	0.689940418	0.608326454	0.450248468	0.195504183	0.878991248
0.823218855	0.241666664	0.375750305	0.081405147	0.343928902	0.577248602	0.872847841	0.285194413	0.566308788	0.533949962	0	0.87538735
0.552767281	0.679104861	0.302695289	0.159306154	0.316638197	0.554456087	0.809329215	0.9010857	0.595522341	0.44868371	0.551581596	0.697225791
0.728395759	0.795500201	0.125992681	0.82460248	0.489578666	0.964233487	0.731442678	0.372052469	0.534093671	0.397985389	0.364769703	0.950257002
0.630104902	0.832801916	0.264336627	0.647154214	0.325235069	0.905391632	0.705090776	0.97972834	0.592654072	0.512382502	0.01851586	0.893694545
0.556849048	0.983798275	0.122303087	0.090339007	0.378883947	0.782400706	0.421404908	0.958015531	0.602685225	0.499312897	0.511550171	0.791362045
0.725110266	0.654329876	0.254375956	0.268018581	0.071955775	0.768246358	0.425360682	0.105986225	0.615630892	0.035231882	0.049833275	0.812482255
0.687861813	0.189244148	0.190266183	0.679035984	0.946944831	0.807412398	0.586762555	0.123666047	0.517978852	0.557492344	0.027016172	0.771946502
0.719433317	0.059345275	0.256619061	0.25376672	0.353237672	0.605147304	0.796967067	0.886139983	0.581807957	0.026406783	0.203161687	0.601102139
0.590718924	0.869812571	0.143726516	0.017833934	0.845397764	0.689750646	0.349706192	0.295056894	0.59260197	0.74268492	0.181998644	0.88703609
0.714601504	0	0.276262891	0.985601193	0.418524327	0.783159253	0.770519428	0.564589928	0.615307104	0.006697064	0.517102399	0.720019152
0.676907815	0.701337714	0.232539335	0.933203869	0.91983483	0.907142949	0.961426206	0.457272468	0.57816498	0.120672162	0.060782832	0.897347624
0.658037235	0.841114984	0.388844177	0.32959636	0.234183168	0.598500304	0.923945733	0.297890643	0.517772568	0.185553013	0.266093119	0.795227156
0.708787474	0.106038305	0.26087599	0.451749771	0.663894411	0.850692282	0.885409491	0.687986674	0.601897423	0.862269222	0.051652338	0.801982368
0.639463573	0.354708607	0.261772589	0.574595909	0.463596154	0.507121461	0.379430531	0.848748002	0.636371383	0.411582685	0.381125863	0.882821609
0.606280691	0.80043481	0.270648348	0.938246676	0.933584645	0.58278839	0.447217302	0.751307806	0.563332984	0.399932236	0.220672797	0.934134103
0.593371168	0.536664427	0.222125615	0.201497266	0.73640084	0.754936132	0.802063355	0.039502644	0.409837843	0.983592877	0.149641947	0.885587043
0.591124049	0.008013872	0.283371346	0.547600197	0.100594655	0.938941352	0.571384021	0.65894531	0.639369385	0.492500244	0.459520583	0.967711112
0.700664653	0.229918021	0.142845373	0.134565705	0.176897028	0.57609618	0.374285876	0.275914441	0.481545071	0.146125212	0.167732744	0.915522229
0.666295056	0.659624419	0.319395908	0.458626806	0.88795183	0.833453575	0.776200954	0.096181938	0.53752106	0.461284172	0.271042871	0.817285888
0.788338137	0.605061457	0.185929353	0.758039685	0.636343419	0.50400067	0.468352235	0.393800434	0.655595639	0.437399892	0.111019259	0.777743704
0.707696994	0.112578193	0.289825801	0.368272962	0.34892656	0.785534775	0.617028228	0.111920972	0.517196771	1	0.024891158	0.87127283
0.651579211	0.417963518	0.147290484	0.742322425	0.457353451	0.94567867	0.704179764	0.671273526	0.570893151	0.202304334	0.015073192	0.847991039
0.666997203	0.731311681	0.278443985	0.951306097	0.139054342	0.97226589	0.870381245	0.852437491	0.582493249	0.429466744	0.026902101	0.885390367
0.782484937	0.879265861	0.127226886	0.880944339	0.615846026	0.529984285	0.556829945	0.671030184	0.475122895	0.936621911	0.395114387	0.835126787
0.558862655	0.565218752	0.364191539	0.786399023	0.809598557	0.509210961	0.433350408	0.030949609	0.605795046	0.681748495	0.524638046	0.823658267
0.623551341	0.594027278	0.228303481	0.473013993	0.788364877	0.806158677	0.400372783	0.622535839	0.66541368	0.413212706	0.322539148	0.781859228
0.723004611	0.310878106	0.217882552	0.284484412	0.750016876	0.865871853	0.565621274	0.194838223	0.587167406	0.927951921	0.166079417	0.816291146
0.704466942	0.198644841	0.208206196	0.071006874	0.809954847	0.617716167	0.594853273	0.489923366	0.557784703	0.613995347	0.592072816	0.791689167
0.668074625	0.298648245	0.285525155	0.147993402	0.874652733	0.667975564	0.90140338	0.408100451	0.670315192	0.235301684	0.590822968	0.874168782
0.58902624	0.697635971	0.176932432	0.423465148	0.130170362	0.545096505	0.9105838	0.73470434	0.5984783	0.322094043	0.343674507	0.843388067
0.639278227	0.524930236	0.375578297	0.422627028	0.999824958	0.757875942	0.337119227	0.209109012	0.608233472	0.167524824	0.392820508	0.922480448
0.661020624	0.244329979	0.275830297	0.210963431	0.077583354	0.871672456	0.883175341	0.369513633	0.603691431	0.921755226	0.346647875	0.814402681
0.683027408	0.982705879	0.284299804	0.894998955	0.261507058	0.948719499	0.823795995	0.326614872	0.673681542	0.741160651	0.605220477	0.906766246
0.633463799	0.913984247	0.142794322	0.410478248	0.298708095	0.723245692	0.659428079	0.702748875	0.531787385	0.953547204	0.348432881	0.757104436
0.683475647	0.368083045	0.239341099	0.596235156	0.473867963	0.834335129	0.443711163	0.686690061	0.632449868	0.446722457	0.221597142	0.781722213
0.566835953	0.660790104	0.216815641	0.400616126	0.507128698	0.566086883	0.764717753	0.498079665	0.601889422	0.698805141	0.150605192	0.646530621
0.649799521	0.813506649	0.241790561	0.254689033	0.641193715	0.60805379	0.735396035	0.146513157	0.513303792	0.891905677	0.408793954	0.887369894
0.685312677	0.112957055	0.313344845	0.479183676	0.335191231	0.658421901	0.324475937	0.386064109	0.599276573	0.166596927	0.372938791	0.681656773
0.527230995	0.300936456	0.293146932	0.170155182	0.530389894	0.840361872	0.577978557	0.186093532	0.576405261	0.928483965	0.369594029	0.945395576
0.69691353	0.173263849	0.199700466	0.55269208	0.438803652	0.966464646	0.356742561	0.949126545	0.650719582	0.546027235	0.202293629	0.926142919
0.727578698	0.81029764	0.293658529	0.598979556	0.682227475	0.826975941	0.986857064	0.245794522	0.593705484	0.16307265	0.533943563	0.811530202
0.771317805	0.913624252	0.350981578	0.659040973	0.882318078	0.518668176	0.739053353	0.872953921	0.588437075	0.045799019	0.484520632	0.764237309
0.659902406	0.629610864	0.014373784	0.101908814	0.407102705	0.796523769	0.553338449	0.81243888	0.540723547	0.518175515	0.174123805	0.847587368
0.600708478	0.006989164	0.238823213	0.278935058	0.893179524	0.991665975	0.859717232	0.770160495	0.597247072	0.39907722	0.364104111	0.930047443
0.705164915	0.669222719	0.358242727	0.420175926	0.555363449	0.748105555	0.998252503	0.961648564	0.65712881	0.73670101	0.45888754	0.889797789
0.662418546	0.258186414	0.309082751	0.680760712	0.94918843	0.623309926	0.960866707	0.786884219	0.535892652	0.483173213	0.131905565	0.849449109
0.623435933	0.135421977	0.165685139	0.832849756	0.113628217	0.632908981	0.748614697	0.691127579	0.567763	0.691779649	0.150533885	0.852779727
0.638363753	0.123323677	0.23531111	0.445869063	0.365974591	0.98240683	0.373382582	0.50729973	0.513988491	0.468718943	0.101381136	0.805636526
0.620492152	0.845301575	0.280560956	0.944648361	0.993383041	0.664831609	0.352545813	0.716156433	0.528271675	0.238313557	0.151610801	0.894582471
0.696292713	0.242234215	0.240192143	0.583146743	0.912886945	0.787732768	0.450269257	0.068339039	0.536433298	0.934122129	0.085866249	0.805607128
0.696168168	0.665639999	0.226125085	0.663566285	0.425091239	0.943114799	0.750199425	0.333688233	0.573729463	0.943910637	0.18735679	0.853421409
0.634069747	0.266299444	0.154887829	0.827922141	0.354959967	0.503250102	0.683272784	0.871095024	0.467106741	0.7585375	0.494128402	0.745383608
0.637992292	0.369044129	0.292453893	0.72412872	0.922048807	0.887085791	0.403540601	0.484194594	0.56224375	0.859768299	0.196726022	0.816646529
0.753123685	0.370747101	0.282709564	0.740240967	0.757314105	0.556524614	0.409764478	0.534272335	0.745912531	0.564760219	0.22639686	0.770061604
0.608629479	0.922559434	0.104913994	0.325874569	0.106466911	0.957337958	0.652771275	0.610997832	0.624903239	0.765554632	0.244821259	0.89369083
0.664641701	0.575224366	0.255747967	0.228848698	0.195003831	0.718060968	0.630101208	0.6924743	0.552235412	0.403057037	0.541163521	0.810015378
0.703509102	0.974817018	0.341501275	0.132929765	0.098130417	0.605237265	0.67066064	0.660901	0.452114541	0.151871226	0.382764018	0.990442749
0.545737987	0.404324082	0.275719596	0.152035413	0.724825414	0.716876435	0.612690024	0.232805329	0.482551009	0.205079724	0.02770907	0.826135535
0.748756142	0.686368914	0.268351128	0.171978041	0.071582613	0.625252239	0.482117127	0.084366516	0.546190704	0.201483794	0.02632539	1
0.670401351	0.598946372	0.251213356	0.531995403	0.132875419	0.642895936	0.511836055	0.033630781	0.644204572	0.001054827	0.465669042	0.776135008
0.627215711	0.907656626	0.320042782	0.061540189	0.328760263	0.521318846	0.63785852	0.011396236	0.537551955	0.768251317	0.146032051	0.736239782
0.639800209	0.991497481	0.342974799	0.486100918	0.891202672	0.786095623	0.879317381	0.610168885	0.661084711	0.873996899	0.218217154	0.797884145
0.666530197	0.554897758	0.193882675	0.008463264	0.630562108	0.869330715	0.658700628	0.017747569	0.53571425	0.994012923	0.442187924	0.70720504
0.669568291	0.509132541	0.298004326	0.869820726	0.168639707	0.569290926	0.649834272	0.539385512	0.496711573	0.348249185	0.33890921	0.824322749
0.637884679	0.387793347	0.161084384	0.917811717	0.725776955	0.576824321	0.733874196	0.688393583	0.532692622	0.459362911	0.36937662	0.799011818
0.604104947	0.97500473	0.254912343	0.71809008	0.404711882	0.98050622	0.844687177	0.226857686	0.549816293	0.57166352	0.144767318	0.737013194
0.549654084	0.064705821	0.302831656	0.048632491	0.735201058	0.731223884	0.341459171	0.292927197	0.522678109	0.862389866	0.429973236	0.875177191
0.744951799	0.878870523	0.227222473	0.690379451	0.697628622	0.970942708	0.891746469	0.001842593	0.455107897	0.819524269	0.519118106	0.823020985
0.672422307	0.684899396	0.183968489	0.931864793	0.922450822	0.851501334	0.576972843	0.746758126	0.607170384	0.700376927	0.356525302	0.873321524
0.679096486	0.25733633	0.193513429	0.358511518	0.271622934	0.962749478	0.381541876	0.808087892	0.49489525	0.364141727	0.085006187	0.892075413
0.698140309	0.471113395	0.211965507	0.970551704	0.531475734	0.909333365	0.747877168	0.535383629	0.56921783	0.191881076	0.135899411	0.825286459
0.769454177	0.568288867	0.332075944	0.936083841	0.122013732	0.883522	0.976447804	0.897448353	0.539661786	0.263872531	0.112088988	0.83299628
0.674453224	0.009707301	0.189250276	0.903993355	0.26421593	0.961653316	0.98390338	0.485149049	0.557462232	0.784231947	0.360409249	0.756546274
0.660063845	0.167660719	0.258955351	0.497505249	0.920895535	0.618755882	0.857941768	0.119207166	0.520402895	0.317718723	0.421573115	0.85523151
0.766862199	0.334712381	0.217817781	0.939424298	0.18926898	0.654138093	0.978574636	0.055631795	0.600120731	0.452583651	0.220263812	0.891340818
0.756048732	0.687913024	0.120772723	0.381076332	0.507169311	0.977871002	0.89019411	0.112441089	0.665473022	0.534211938	0.215110088	0.761371861
0.628398388	0.473309514	0.279029012	0.365435381	0.011649773	0.834748324	0.974421414	0.794747036	0.483411257	0.137912485	0.264841063	0.746802614
0.617455505	0.152144163	0.239387557	0.9917149	0.542719922	0.524982827	0.733960563	0.800400732	0.627495287	0.240260563	0.440038197	0.765487167
0.712419817	0.040086888	0.288244259	0.026001395	0.162346938	0.807864891	0.852889276	0.413355555	0.524417333	0.829466424	0.389060692	0.876057395
0.613166368	0.00135205	0.15338867	0.875994232	0.866245487	0.907199743	0.445179296	0.904288334	0.645844827	0.678957133	0.226616532	0.851574011
0.611608128	0.895033283	0.29684197	0.764066917	0.995944108	0.922373952	0.5565423	0.425647331	0.517386226	0.708972911	0.092571346	0.917346475
0.706082374	0.63448882	0.220398404	0.913253409	0.468320368	0.663524436	0.429805596	0.064733907	0.622274824	0.201722218	0.028620279	0.640242173
0.642481243	0.633137712	0.204895684	0.726655345	0.83779998	0.927382068	0.937051033	0.698724048	0.499257621	0.949241144	0.046917238	0.726127253
0.841755945	0.804337686	0.175775309	0.906345046	0.00424515	0.969953351	0.735036738	0.175710926	0.4877564	0.223835004	0.458877786	0.860733437
0.662033139	0.985986342	0	0.357597435	0.551363151	0.875297185	0.956215464	0.135670268	0.59373205	0.477509919	0.250064549	0.697788435
0.685547983	0.568715475	0.160234365	0.529587073	0.716259279	0.875456242	0.54882317	0.128361865	0.639764361	0.780414618	0.466499452	0.723583519
0.777248343	0.018839255	0.128713421	0.500491842	0.253336731	0.632419954	0.420123918	0.889814612	0.63747571	0.286737228	0.448935393	0.750418429
0.667626759	0.822518508	0.155820004	0.646129548	0.552020457	0.663297892	0.32437435	0.831912595	0.513471571	0.80548576	0.121398755	0.798512682
0.683775672	0.836319067	0.159396078	0.263303226	0.017860793	0.859099064	0.399701395	0.721912431	0.515119572	0.751998693	0.113363619	0.872725895
0.839170893	0.522796611	0.181588144	0.354364702	0.983862038	0.870324178	0.474023984	0.342910301	0.612281267	0.19758225	0.00344296	0.880348699
0.72773118	0.758748189	0.294784056	0.755057465	0.254929566	0.755327803	0.895893926	0.082592636	0.549659107	0.129214828	0.406041466	0.757126131
0.658339081	0.215550422	0.124711946	0.0703322	0.305222019	0.530902905	0.934391098	0.022245042	0.410397906	0.376229636	0.422893938	0.880625
0.577072487	0.982056189	0.334028488	0.30703994	0.911650216	0.496769169	0.498974857	0.567047081	0.57857244	0.404209716	0.45915773	0.939399523
0.61387759	0.346151038	0.277857053	0.564266184	0.396704306	0.968779239	0.730188379	0.593435776	0.50638905	0.289395153	0.287962736	0.824816515
0.623765655	0.878365791	0.306514175	0.960568754	0.05977428	0.67757903	0.465048957	0.647328782	0.517566079	0.17144597	0.514581436	0.913041098
0.573854139	0.016772276	0.234341262	0.036339538	0.03109424	0.870848421	0.558236966	0.938983682	0.704680731	0.843360672	0.328986089	0.809867238
0.642861819	0.912300091	0.243751583	0.738873836	0.679879741	0.74890262	0.409855863	0.796559492	0.468065016	0.354932763	0.212570644	0.808898965
0.670502487	0.530615809	0.107453746	0.850254526	0.480448297	0.92389954	0.600676374	0.6215332	0.610165177	0.172717518	0.515376068	0.78475365
0.574061911	0.407766975	0.396810796	0.720880835	0.100207641	0.782193602	0.565215163	0.875783969	0.604072054	0.275810359	0.065113694	0.811748668
0.607355186	0.203112524	0.290720977	0.286247066	0.611543817	0.682356005	0.698894268	0.66329899	0.684053294	0.710471495	0.113511688	0.822354964
0.699241357	0.663617974	0.192084015	0.180264602	0.389314971	0.83603556	0.652655366	0.922034619	0.645633461	0.832593161	0.296803954	0.739557651
0.736113502	0.87792778	0.297395677	0.39461745	0.051575863	0.866535161	0.377810996	0.25719431	0.571508679	0.001635267	0.497503179	0.756144326
0.601990534	0.081168105	0.260691069	0.624468911	0.715737587	0.594341472	0.859465886	0.235757318	0.642870713	0.49495927	0.389608293	0.847196234
0.579660029	0.018719166	0.27077417	0.518442814	0.681077299	1	0.761452113	0.960943246	0.594649064	0.349233828	0.427023038	0.738818816
0.70679532	0.750982087	0.229656073	0.268117638	0.768965812	0.548996861	0.459529622	0.01102933	0.619366385	0.268317801	0.07699359	0.718956747
0.707388348	0.036467754	0.209788054	0.71058438	0.805430406	0.823015736	0.708293307	0.660932839	0.643895829	0.60169289	0.086872726	0.740819573
0.630096646	0.220047301	0.153329111	0.60491871	0.351268299	0.837387397	0.457228964	0.858072446	0.553923243	0.082832419	0.542903199	0.771028249
0.670291575	0.587709812	0.248996073	0.701239589	0.23160277	0.847552994	0.388455975	0.351613419	0.635765163	0.509457864	0.466538944	0.877335921
0.66124632	0.268896737	0.400037336	0.334522256	0.876895684	0.857499566	0.36731383	0.108815169	0.546070981	0.934756712	0.119817553	0.982732357
0.686938818	0.266568246	0.140912756	0.041169436	0.366883551	0.895293527	0.864588956	0.845517495	0.606212247	0.740907424	0.23330379	0.825649445
0.695695307	0.009894307	0.213047495	0.976814869	0.786815872	0.64485693	0.914007902	0.197602475	0.535817535	0.622844025	0.317069662	0.904988778
0.524546065	0.799639044	0.189962802	0.409710975	0.481624276	0.629660099	0.49463099	0.165823718	0.527269636	0.861261461	0.40222486	0.846706172
0.751336083	0.020333139	0.443265428	0.014392341	0.671822061	0.82693476	0.512234529	0.387121934	0.50163922	0.614015529	0.237994711	0.611238063
0.731944662	0.985712114	0.257403393	0.351598498	0.915821655	0.802664492	0.845484168	0.954565142	0.640997725	0.145519402	0.503009097	0.755196558
0.68671919	0.244492114	0.130215624	0.101729677	0.851533171	0.54107414	0.951236545	0.264283629	0.533411358	0.264479413	0.268531944	0.783160008
0.620002181	0.001514756	0.316453796	0.534783504	0.172303036	0.959891316	0.507810648	0.847020108	0.748240057	0.239423345	0.193852672	0.854224377
0.626613693	0.552760172	0.297466998	0.775261017	0.32529545	0.896128984	0.851284393	0.927603607	0.564219051	0.799792873	0.053220758	0.842690489
0.694816949	0.287010569	0.123980048	0.620403143	0.015265685	0.786700223	0.659864334	0.661258946	0.575395601	0.849762654	0.425133784	0.887666577
0.608470653	0.719077658	0.266411225	0.54932954	0.203746534	0.583014868	0.352808476	0.044347276	0.549717345	0.549691176	0.0362205	0.922745437
0.678106078	0.011684562	0.218964619	0.007099026	0.264160958	0.914883881	0.973989249	0.04715584	0.587398849	0.204950419	0.501929106	0.791163969
0.733902718	0.958366041	0.123539521	0.334057974	0.083414182	0.828425783	0.961563712	0.51843023	0.563076569	0.597110048	0.155771843	0.895148406
0.64532784	0.833774304	0.287809302	0.140323208	0.90748941	0.761764907	0.331667204	0.810041068	0.489932392	0.691542507	0.08272067	0.740219691
0.684219174	0.663543406	0.245547947	0.966720737	0.538662352	0.719961538	0.507072667	0.467639547	0.559028784	0.507046375	0.294187432	0.790172969
0.656317119	0.12562546	0.134720421	0.15369638	0.009624369	0.557326277	0.67884705	0.417748086	0.519484992	0.017834162	0.074183123	0.806137799
0.652849505	0.055176304	0.224093783	0.626628466	0.888120621	0.87556547	0.520950566	0.033208552	0.606666337	0.525399416	0.339742742	0.743676324
0.609901032	0.128911912	0.174679164	0.709632066	0.470686347	0.803622209	0.770764529	0.928594707	0.554167481	0.729941315	0.250172123	0.966727146
0.74272929	0.121238134	0.255536271	0.585996342	0.391618294	0.539596939	0.449250152	0.013122515	0.468561569	0.197912768	0.57194212	0.810238979
0.661920537	0.664854018	0.144641626	0.623883947	0.507875845	0.826714082	0.445047791	0.432709725	0.601592754	0.461267114	0.412503528	0.890693022
0.683526418	0.613561993	0.304628345	0.977036483	0.780909634	0.765841864	0.917050983	0.208855741	0.53327345	0.767444633	0.144952877	0.823272995
0.719738068	0.823875495	0.368167163	0.335884255	0.237973785	0.792593096	0.388199879	0.508416	0.512698706	0.85987431	0.337428143	0.726365466
0.55505911	0.164718734	0.258600817	0.386331956	1	0.917267724	0.950628703	0.968540187	0.586069752	0.4008559	0.129741289	0.803934276
0.631287131	0.759794149	0.279590653	0.485741814	0.941013344	0.989185475	0.521910557	0.996051839	0.657566937	0.355817111	0.038954128	0.830207668
0.65640276	0.275542961	0.425185055	0.673262635	0.675386029	0.585114563	0.574595207	0.904016884	0.502320967	0.624057987	0.471307278	0.825360553
0.631545283	0.661042024	0.182840145	0.697548969	0.377279652	0.714116522	0.901196039	0.16879181	0.567205751	0.037306954	0.548495669	0.934000849
0.786415526	0.536248732	0.16330546	0.294645744	0.154158644	0.9384392	0.62269822	0.19089384	0.610758381	0.750875415	0.333356458	0.915898591
0.65602038	0.27196553	0.153905147	0.970472529	0.826981553	0.797749131	0.583743797	0.565437463	0.486670653	0.249103657	0.187290348	0.872312144
0.794198511	0.649044496	0.331582372	0.087726631	0.755708245	0.740766411	0.557201261	0.319908177	0.525278691	0.479913254	0.549487495	0.874436981
0.948950574	0.113317633	0.569301353	0.252666362	0.018658531	0.806272797	0.901705178	0.469529804	0.917497724	0.17225823	0.551272924	0.553099064
0.815818873	0.173908832	0.6884366	0.511533883	0.209964926	0.80199907	0.751531381	0.505533193	0.79227991	0.456295961	0.546509202	0.455303814
0.729669092	0.58761526	0.750037042	0.73857481	0.879587286	0.744469648	0.90199364	0.887390248	0.931492801	0.323950758	0.53485547	0.106241398
0.979127223	0.505744298	0.533811316	0.928975036	0.290151544	0.763332734	0.426902157	0.040930329	0.783278425	0.825710994	0.492381093	0.219664611
0.944226407	0.424981113	0.616865837	0.588041739	0.042888224	0.70770257	0.541384972	0.288329989	0.855980259	0.225386997	0.643939704	0.639570006
0.793122391	0.807191947	0.726781274	0.688541537	0.644052406	0.775097417	0.65744262	0.886865413	0.826584964	0.258156471	0.637593039	0.172517644
0.693827846	0.825296599	0.667030626	0.620429705	0.163563599	0.793449564	0.798438163	0.307577309	0.89108917	0.089105691	0.309983525	0.339803945
0.782119245	0.735621519	0.672444439	0.03136995	0.280117804	0.710712168	0.844104227	0.609682607	0.808394687	0.392891562	0.517919371	0.433286567
0.755185329	0.910877867	0.533927473	0.242907963	0.554541164	0.69509385	0.471987527	0.124178649	0.743014045	0.056760936	0.815789571	0.130612956
0.679967527	0.496022569	0.542167451	0.855425067	0.231669123	0.732236208	0.345596722	0.212875857	0.81623318	0.272343563	0.637890793	0.176922224
0.889081234	0.764955757	0.537181995	0.417331847	0.69192517	0.66048124	0.859738801	0.534502317	0.748358383	0	0.654943788	0.766522373
0.805330183	0.944331772	0.57657772	0.156603407	0.311603458	0.699127342	0.569647051	0.078370936	0.792176127	0.969220232	0.518183056	0.182761808
0.980772041	0.114167944	0.538663397	0.235140295	0.496453831	0.781731194	0.942662864	0.257184908	0.888786076	0.613692996	0.520439307	0.505630817
0.939330845	0.648958761	0.526161507	0.198881829	0.769030947	0.734595592	0.943296412	0.570350834	0.790623604	0.056022946	0.608791796	0.373321953
0.731143082	0.335646411	0.462913935	0.741112011	0.600281432	0.754716212	0.466819643	0.813064776	0.923763239	0.448944639	0.597365647	0.227802877
0.720383619	0.269775793	0.590927429	0.820708595	0.951568844	0.741637499	0.652488026	0.461502591	0.977498717	0.869543519	0.739322409	0.119390198
0.948684936	0.93781825	0.622820902	0.456036354	0.965364336	0.811729272	0.986211701	0.551899825	0.860171674	0.12747414	0.630413576	0.372691933
0.702293367	0.01247233	0.606890211	0.131565464	0.591183158	0.649150557	0.978720759	0.633187963	0.768699331	0.542937634	0.522100315	0.57241204
0.76716324	0.284670132	0.577252273	0.636468994	0.471368453	0.792002826	0.512176089	0.75127668	0.816369678	0.911652176	0.741563021	0.175584895
0.757624244	0.959073279	0.545166524	0.070337585	0.229810254	0.695792341	0.777769749	0.334752516	0.835658152	0.760869422	0.522319205	0.360425433
0.84358753	0.379478998	0.590349689	0.817606218	0.95368406	0.766785589	0.376518247	0.583835496	0.777158421	0.296444398	0.647736948	0.251753813
0.807967994	0.789473828	0.548864896	0.483532621	0.986498701	0.714460039	0.586925163	0.575930188	0.780738944	0.896478366	0.526234602	0.40803694
0.910118195	0.090241398	0.545689544	0.359648745	0.116959658	0.776582274	0.529320616	0.025058593	0.815420806	0.974373587	0.611440985	0.432542692
0.805744525	0.347553896	0.686077049	0.773683044	0.922893708	0.751920946	0.845184818	0.681243772	0.764975592	0.904667479	0.476275911	0.58544222
0.754168012	0.587435461	0.569796252	0.333369348	0.271452918	0.757630172	0.755472567	0.955357603	0.948011264	0.47108254	0.337576283	0.209311025
0.790545834	0.667434919	0.698499235	0.724983721	0.802221435	0.781711065	0.449441994	0.064502062	0.80630405	0.751206439	0.47153025	0.672720077
0.699066591	0.001423977	0.607434923	0.461547707	0.747294139	0.647025838	0.59551081	0.459578246	0.825923073	0.608758196	0.436684446	0.613845271
0.820871219	0.123363849	0.656232134	0.271669811	0.755703593	0.824610086	0.62785749	0.024625035	0.915878301	0.188609541	0.697957844	0.193879071
0.857957533	0.616222894	0.530295992	0.981691091	0.406532692	0.707282255	0.360000633	0.197712559	0.82398246	0.593528856	0.67259298	0.357470245
0.787650524	0.671565214	0.669424617	0.406255281	0.263763354	0.825497821	0.777471478	0.694368611	0.859158531	0.712959341	0.574486905	0.130451192
0.966662804	0.401699282	0.776381308	0.055118457	0.2503232	0.684558628	0.868512418	0.150140158	0.867568465	0.512981119	0.685036195	0.558765906
0.837597206	0.177113089	0.7303517	0.312054845	0.672697938	0.809797735	0.664093213	0.744148954	0.848930962	0.017795157	0.825601171	0.458029297
0.904827621	0.135016463	0.567304476	0.505250556	0.988238325	0.677428872	0.877351586	0.401971558	0.861225244	0.408737689	0.42977904	0.476118501
0.8641396	0.032768272	0.597633569	0.24919226	0.879785494	0.763283712	0.852277527	0.605891324	0.864554373	0.750946574	0.418982012	0.457610427
0.872575751	0.613210233	0.627893661	0.074825912	0.997718446	0.814152215	0.896753813	0.342179911	0.874221593	0.514575307	0.427886337	0.606923192
0.738961013	0.81505943	0.610791546	0.37129894	0.180673377	0.873543605	0.784503348	0.633901677	0.929895817	0.621020683	0.656958591	0.111193278
0.693727896	0.411849276	0.552131041	0.018217072	0.409284702	0.822876842	0.76973996	0.844104244	0.773770453	0.055005791	0.712999585	0.785193581
0.96061463	0.595655209	0.512834425	0.309006082	0.958157823	0.721262461	0.675303832	0.44236946	0.859815845	0.217647809	0.478900908	0.70932947
1	0.66803132	0.55755603	0.08522252	0.784895334	0.787882724	0.904509803	0.227198213	0.810668935	0.377116345	0.792739151	0.50493642
0.860845772	0.908454572	0.529783853	0.862302138	0.498806516	0.719836519	0.618373487	0.024631095	0.825998445	0.019054457	1	0.625543035
0.699076683	0.930362686	0.672774405	0.759437902	0.697701234	0.713838265	0.899103212	0.828385025	0.797394092	0.040691432	0.351226444	0.216880653
0.697448154	0.827659516	0.610299341	0.886863415	0.721967643	0.753301058	0.56241356	0.435411423	0.975489645	0.527544234	0.758863237	0.669015793
0.893266401	0.972778147	0.735388415	0.753596937	0.122958284	0.734459685	0.589105586	0.900800558	0.925416713	0.533169583	0.78632469	0.747293217
0.929752134	0.849923073	0.658997004	0.961836515	0.111996463	0.832156274	0.559003292	0.811109332	0.909150528	0.93489396	0.806680114	0.111590324
0.754324773	0.482144055	0.66670263	0.353463781	0.450422675	0.756000638	0.863890828	0.48262494	0.858985171	0.00897745	0.666722773	0.326092582
0.868580981	0.355268342	0.730636841	0.390475791	0.761198375	0.64898551	0.552682999	0.324203702	0.901893488	0.951383884	0.627270422	0.260439621
0.851470047	0.771824572	0.590721795	0.008445377	0.848657477	0.660915284	0.528469731	0.62765885	0.906815312	0.084300059	0.697864203	0.32930132
0.728077185	0.781442813	0.547477762	0.283729889	0.035234468	0.794275827	0.786599564	0.851585761	0.865059195	0.223593599	0.696357783	0.661574811
0.961946446	0.767270462	0.440821806	0.516310859	0.728626502	0.799930684	0.459180462	0.729652766	0.851516357	0.175110655	0.614707792	0.736610416
0.708373347	0.317729787	0.600958402	0.05833828	0.955925302	0.674827778	0.555450692	0.026040321	0.901284396	0.398810521	0.630362121	0.345851347
0.836039699	0.225059004	0.605184352	0.377105932	0.84709355	0.716021446	0.486385941	0.083132803	0.7651463	0.414888442	0.586795716	0.310181562
0.777439252	0.323233701	0.594975715	0.078083509	0.264306691	0.745944005	0.555045755	0.488636175	0.861399323	0.790607299	0.60437088	0.123685117
0.751932597	0.083657584	0.689331736	0.577768638	0.96078802	0.734920293	0.413556452	0.129563151	0.935558168	0.241811026	0.565329493	0.762672196
0.905135842	0.077656027	0.622423679	0.408983224	0.81887757	0.853320939	0.962376616	0.922090487	0.823548692	0.72951196	0.761743246	0.584039666
0.860450188	0.294289698	0.488364602	0.711495237	0.940372218	0.790564951	0.334955678	0.479656678	0.835352719	0.801268133	0.75681989	0.113344431
0.769513816	0.319359509	0.589130491	0.781970216	0.217217479	0.726751209	0.695806633	0.719511321	0.842336141	0.143366427	0.513358688	0.689735857
0.768397359	0.413093295	0.59989347	0.870852573	0.835767195	0.733223733	0.598368552	0.317532713	0.91375601	0.997151829	0.590516784	0.560519501
0.926838469	0.320220664	0.552160198	0.962998422	0.844228743	0.75498392	0.422902191	0.98207377	0.919522629	0.693126186	0.776047521	0.2036014
0.893812074	0.812758781	0.644061499	0.752586101	0.893698729	0.76406875	0.417294219	0.869191315	0.879045018	0.584163227	0.548558908	0.493091455
0.782941885	0.500823968	0.631156077	0.465180303	0.785065039	0.865335431	0.34726376	0.617743769	1	0.505817793	0.574178178	0.718712496
0.809511884	1	0.668544422	0.114495312	0.784363744	0.801707237	0.586459476	0.595120686	0.868089658	0.191523275	0.503089681	0.115951382
0.712078918	0.566638502	0.66365955	0.323961096	0.494663583	0.806575706	0.484819173	0.087394422	0.774349519	0.370909566	0.526521678	0.720631019
0.940971473	0.316509549	0.602060847	0.933305955	0.920344849	0.797279542	0.454053014	0.021428695	0.930486284	0.3280065	0.473794736	0.098112085
0.803944384	0.837172125	0.442988454	0.768810503	0.88017834	0.744935003	0.744286299	0.583703529	0.711925565	0.123955042	0.606689202	0.231958729
0.862775318	0.388520047	0.54177336	0.208175744	0.806357909	0.773042474	0.372520586	0.040047984	0.870994512	0.848753688	0.582254276	0.743789496
0.874576733	0.463296644	0.61322129	0.495197489	0.646091573	0.784684314	0.344748289	0.526168795	0.786275528	0.910798478	0.660846994	0.182719438
0.92291613	0.836341091	0.782795858	0.721247497	0.952775321	0.737902007	0.784107165	0.187269156	0.782909889	0.632830558	0.627544229	0.831956383
0.805793839	0.310705605	0.796218041	0.863035807	0.231329202	0.792061698	0.322041709	0.322425394	0.778177087	0.892781564	0.40153639	0.475862034
0.97428867	0.012702881	0.572934535	0.297448862	0.972463422	0.751650892	0.705181348	0	0.900647917	0.078114981	0.50493191	0.361170959
0.885894829	0.64679782	0.57484937	0.810366206	0.673057696	0.704649122	0.694255212	0.764030058	0.914103268	0.210012476	0.604911976	0.25947296
0.775634427	0.020686713	0.641970537	0.445192623	0.14087834	0.751145181	0.635360717	0.034619488	0.878350725	0.102805613	0.587126145	0.694922853
0.79410801	0.815519109	0.612262943	0.650686056	0.37473708	0.729017648	0.831761375	0.776850312	0.850736677	0.071717067	0.765852378	0.615232855
0.81601525	0.649715307	0.676912139	0.88538345	0.602687566	0.708033052	0.524376321	0.055494825	0.751926344	0.177055125	0.483672368	0.118696381
0.92035096	0.408605558	0.657786726	0.608399553	0.567126163	0.709639654	0.462886778	0.248702091	0.879245217	0.650734359	0.496963103	0.418892745
0.718439686	0.777632195	0.659878971	0.68685034	0.54650761	0.69810457	0.368120683	0.842024064	0.761291958	0.98814625	0.681707895	0.707777002
0.701363482	0.651089375	0.691718627	0.276950444	0.589728292	0.760194317	0.617214102	0.238541587	0.925475086	0.769230669	0.463960066	0.125278456
0.877192562	0.511981748	0.547527615	0.429896295	0.190652112	0.723191185	0.967781993	0.079373501	0.906019676	0.85003567	0.720360939	0.132363424
0.807039334	0.996092663	0.569973209	0.399140816	0.117968111	0.748540083	0.745728091	0.90825718	0.811425567	0.12831796	0.498051259	0.490028634
0.74217367	0.270945996	0.631630063	0.750574953	0.000134134	0.826536834	0.889464439	0.624417767	0.975015588	0.590282449	0.666267176	0.129823223
0.969774291	0.728938604	0.558597932	0.641905867	0.171314177	0.805468549	0.449596295	0.696475584	0.789174964	0.350611831	0.664020571	0.51762812
0.678115875	0.228368949	0.587598715	0.824567946	0.010257524	0.734341618	0.82937015	0.295263124	0.789881039	0.534401083	0.703285628	0.653666616
0.854499315	0.711970185	0.580134331	0.946797826	0.859001383	0.809570871	0.863066103	0.15679078	0.898079508	0.791599507	0.535673261	0.366305813
0.774927897	0.639433507	0.630084339	0.451312969	0.762505504	0.791294203	0.537541583	0.321226777	0.867149203	0.788688574	0.74086784	0.306406168
0.943240212	0.615253088	0.552746789	0.936285761	0.237107757	0.773201699	0.829322354	0.043986709	0.832531896	0.272163532	0.387366852	0.402586604
0.925267915	0.16775237	0.678660078	0.386230303	0.468383343	0.749395791	0.402341106	0.250006096	0.915892481	0.788504813	0.46380301	0.454227982
0.706192484	0.610291655	0.597125662	0.234741074	0.290581507	0.754638199	0.674415659	0.773233278	0.850506519	0.089698111	0.668448354	0.129572418
0.796976854	0.747849957	0.639033893	0.507968264	0.63765791	0.742411524	0.526367949	0.314668786	0.85066667	0.217253198	0.390029449	0.532693837
0.874885915	0.402543849	0.435573486	0.032249813	0.460026349	0.775357462	0.969693938	0.614745982	0.84933284	0.305006634	0.432802114	0.152225729
0.857732879	0.427813702	0.683910018	0.2536774	3.89366E-05	0.680815402	0.340055182	0.860242125	0.881579367	0.550090382	0.496032962	0.802495536
0.770800419	0.983808575	0.62481429	0.877336117	0.561924915	0.779126979	0.83841952	0.940063966	0.871762334	0.718585596	0.625911684	0.290203794
0.920004333	0.440495114	0.493627541	0.281885299	0.652501993	0.740124823	0.898981518	0.164593198	0.865773859	0.561777429	0.806508766	0.633115151
0.821913113	0.097754729	0.718668486	0.889853774	0.833869754	0.868379104	0.536686067	0.592670699	0.923662939	0.068412776	0.68636719	0.211157862
0.782422602	0.846789607	0.653037414	0.963696593	0.929842833	0.818979465	0.968768769	0.988769261	0.94290586	0.348465577	0.44198291	0.789108524
0.834996752	0.133427569	0.716564316	0.272810817	0.569671652	0.660921055	0.486503438	0.859649821	0.940492423	0.1002163	0.61942946	0.763396762
0.963553607	0.694144379	0.645638562	0.864231092	0.013837245	0.693239294	0.334733663	0.785868736	0.813514487	0.428804908	0.645229609	0.646849355
0.85659354	0.89203406	0.620226132	0.43082353	0.269692139	0.73296411	0.432458828	0.97867028	0.871073167	0.039460141	0.689864693	0.318152192
0.680833007	0.593723821	0.552760281	0.786907182	0.64556648	0.695298241	0.957711919	0.408692948	0.830462353	0.134064383	0.674333859	0.140875312
0.990008879	0.719787839	0.699700296	0.093096868	0.952873014	0.754125223	0.498097193	0.815746975	0.809130153	0.285817624	0.678242967	0.624908214
0.680227168	0.409485677	0.658564098	0.355907072	0.323029478	0.83298564	0.733891558	0.933671263	0.773877455	0.464409527	0.894637514	0.613941119
0.839605538	0.568841081	0.555822764	0.78764829	0.068645018	0.735546487	0.618085647	0.233533437	0.895816514	0.60497522	0.527689474	0.130767854
0.785381146	0.78077107	0.568337948	0.886327852	0.270249978	0.79087513	0.756889984	0.152154644	0.835385198	0.929915123	0.670564023	0.495532684
0.969889029	0.26102797	0.761745109	0.213052501	0.394013729	0.75444756	0.392711487	0.409532352	0.854535731	0.064714253	0.751407439	0.809324953
0.866065776	0.518222871	0.700124212	0.464703947	0.495102185	0.660977614	0.41410817	0.260010931	0.825902475	0.198677432	0.403074932	0.646974546
0.89819327	0.231499986	0.587167698	0.856247239	0.511848182	0.755553355	0.372637985	0.237028384	0.88831009	0.90311367	0.660637628	0.067129435
0.95193569	0.438825574	0.505356885	0.212508264	0.193774463	0.742417373	0.96335446	0.935602129	0.913476464	0.856056754	0.574551083	0.433155377
0.835130086	0.16378253	0.567896851	0.027372222	0.323431054	0.675898573	0.697823715	0.313375394	0.887225739	0.101093929	0.691634488	0.455149019
0.798557875	0.999508345	0.615469501	0.324981469	0.526000699	0.733932703	0.996686815	0.796595262	0.870137187	0.205639148	0.855381592	0.776117644
0.883646251	0.517846308	0.575886507	0.169085344	0.82711179	0.690455882	0.969512248	0.793924073	0.822620476	0.283179084	0.459089915	0.695341905
0.7689459	0.408961155	0.656167357	0.835835509	0.771258616	0.786519554	0.457151293	0.867161315	0.932668463	0.739654547	0.712676741	0.259435259
0.781055869	0.807359395	0.684909893	0.620698219	0.472527242	0.767949835	0.581004862	0.962971598	0.850087956	0.797794164	0.741581178	0.548629213
0.966922866	0.87697272	0.674837868	0.76961017	0.525339247	0.684535942	0.330792495	0.712027637	0.859499242	0.979862852	0.72394687	0.591718896
0.885592848	0.710334022	0.74012994	0.114904975	0.650162875	0.734424759	0.755706946	0.76364202	0.867348231	0.950717844	0.982091532	0.645976749
0.937997427	0.09552466	0.66641108	0.181062401	0.02037648	0.775602679	0.420418604	0.219193319	0.849863549	0.91750676	0.689158038	0.542413178
0.700865467	0.265594009	0.601450593	0.463657026	0.598540578	0.757152218	0.777127062	0.468006195	0.891736492	0.041373125	0.543397013	0.353334231
0.920031989	0.496152986	0.665120102	0.309021586	0.671707837	0.841394488	0.730027469	0.036787924	0.818518834	0.853449881	0.732454355	0.324270861
0.863871042	0.819040172	0.680213455	0.944971663	0.687770481	0.838093229	0.941681385	0.253164541	0.85735707	0.717320007	0.790990229	0.08945559
0.736544948	0.224783087	0.527950409	0.826766998	0.094805714	0.749885638	0.803211052	0.49570676	0.814628642	0.725201045	0.610221228	0.818451098
0.775927866	0.245295972	0.594056325	0.203847873	0.356021813	0.711452572	0.716377958	0.36345821	0.880924681	0.838676208	0.824464883	0.125804783
0.916253919	0.317983455	0.600027589	0.030141586	0.588290951	0.682090585	0.63623631	0.156305057	0.925098688	0.424684535	0.479515834	0.547923919
0.779609794	0.660908446	0.43518637	0.530455636	0.212771367	0.681179935	0.701081648	0.748982911	0.785489696	0.102071543	0.473811157	0.680513601
0.924367441	0.051603695	0.644246962	0.187541466	0.237539734	0.71320979	0.379017659	0.553856167	0.891029286	0.594606765	0.667860991	0.505191603
0.85479012	0.761024705	0.607557276	0.87066898	0.871412396	0.700818335	0.400000528	0.263324499	0.873872121	0.838391313	0.618829379	0.74419922
0.938198906	0.874385885	0.657804167	0.027481245	0.906508524	0.749907205	0.852713542	0.303356953	0.789577299	0.805839884	0.694446498	0.118166515
0.797783695	0.20011625	0.727576102	0.121187412	0.374424611	0.697940958	0.819028131	0.363882702	0.818693891	0.115155756	0.73105527	0.426823394
0.768506238	0.676701493	0.62873805	0.494206852	0.404834396	0.768523338	0.868601631	0.550848822	0.884750337	0.277088259	0.505074333	0.40983225
0.804495919	0.247723117	0.541723673	0.491960631	0.813852916	0.741212456	0.88516376	0.347351371	0.810797612	0.872005399	0.813126063	0.17714464
0.957002659	0.236519213	0.687629292	0.041675496	0.645779253	0.791502204	0.775897007	0.496062693	0.859574435	0.101558004	0.532632342	0.762928346
0.750203008	0.019210053	0.682837661	0.074214568	0.398574481	0.838213095	0.532968141	0.075899784	0.797848221	0.710705705	0.479903553	0.463376791
0.680481462	0.862594844	0.526757669	0.455174613	0.785393435	0.7623347	0.763205876	0.261309204	0.831250025	0.266263802	0.474134024	0.074757332
0.818445854	0.637503283	0.671120095	0.679798721	0.126478514	0.806481297	0.344489804	0.776160205	0.911522416	0.967284163	0.642925277	0.586948077
0.814330255	0.129797483	0.751032282	0.082452087	0.431148631	0.743282837	0.747505209	0.395753691	0.926658414	0.858969016	0.477297012	0.444123443
0.693266234	0.963304206	0.693623682	0.438017495	0.109102101	0.686399257	0.519639265	0.125685441	0.895620409	0.413431325	0.672496551	0.637864516
0.690937414	0.69005414	0.609767346	0.219412656	0.485510341	0.651385196	0.785743828	0.933878336	0.816703579	0.768250929	0.6049262	0.772507841
0.773108697	0.976838228	0.645827342	0.095525652	0.33053284	0.741136056	0.943599999	0.001207758	0.876397449	0.079040012	0.472836931	0.448761132
0.865598993	0.438651256	0.644884892	0.423222115	0	0.68497754	0.736207793	0.677064367	0.821814256	0.171905488	0.867506102	0.326288435
0.701140332	0.036192035	0.689783287	0.107388736	0.312697161	0.73324717	0.353018698	0.865149249	0.847417671	0.395515282	0.484984277	0.593732913
0.922589731	0.024209768	0.476607362	0.882016536	0.678613172	0.666852597	0.871318974	0.230885047	0.911181651	0.567840937	0.676953645	0.368203778
0.827839294	0.442857243	0.681745074	0.802319362	0.286417499	0.793032667	0.34150787	0.814474247	0.790605588	0.217416774	0.63307718	0.523529751
0.927283328	0.698860149	0.657511114	0.392416276	0.415711417	0.748394702	0.962098619	0.640015992	0.801833043	0.305568133	0.679136434	0.560800134
0.953439258	0.55075176	0.692652955	0.260903696	0.573568808	0.802657464	0.619084925	0.309396584	0.951056332	0.738764511	0.620282162	0.23699353
0.991116565	0.370898113	0.582387248	0.067257077	0.726568012	0.764642773	0.928188202	0.615999148	0.903214606	0.008633779	0.629370455	0.143287054
0.855881439	0.291782832	0.694798614	0.626744432	0.003327679	0.718526282	0.839884566	0.45257788	0.755101661	0.42713239	0.614653544	0.585654499
0.762373713	0.624528902	0.562480333	0.440407715	0.996662062	0.808879738	0.873521515	0.374554061	0.789910607	0.689056682	0.716681451	0.7356234
0.706713075	0.928617869	0.714925367	0.004961998	0.702893149	0.74145874	0.394936392	0.386392081	0.855231963	0.40405738	0.76008079	0.063960563
0.815911456	0.240786566	0.612502349	0.651835907	0.713971225	0.746055923	0.657542453	0.658298188	0.91196729	0.777045267	0.733532497	0.600677749
0.824705473	0.97561725	0.607273533	0.747529208	0.397742879	0.796167774	0.36359054	0.047016033	0.872914311	0.134217141	0.43797301	0.303532703
0.871663738	0.357682616	0.634408405	0.96787933	0.204403182	0.728442567	1	0.162924513	0.805508966	0.846915194	0.603954613	0.557897976
0.678963937	0.228272975	0.662855192	0.871129122	0.02772558	0.794991406	0.884980526	0.373162113	0.96590136	0.932968278	0.440087793	0.427566447
0.756502699	0.500491014	0.493660233	0.9502776	0.713000974	0.861566288	0.3694935	0.76836021	0.853256165	0.506227403	0.473260424	0.346881733
0.772553814	0.894539807	0.599123976	0.939414609	0.06984912	0.808790726	0.641112968	0.602585132	0.833769588	0.581605309	0.753060507	0.104775319
0.8625366	0.469923844	0.639180634	0.486121971	0.223667975	0.71551862	0.91272683	0.962135912	0.872602114	0.998101529	0.725006467	0.165634269
0.915791322	0.700499356	0.626722555	1	0.018053137	0.739968565	0.571005536	0.514674694	0.805653784	0.370567454	0.533191208	0.289779133
0.997209804	0.387780765	0.424191835	0.607071554	0.231893904	0.854674912	0.628380472	0.251501321	0.959499977	0.648235874	0.8772126	0.805920308
0.766771984	0.013428674	0.648899853	0.232181655	0.168817084	0.707470219	0.736669965	0.812194046	0.917140673	0.296121775	0.468558638	0.656102384
0.693726494	0.6930525	0.575887292	0.914623139	0.28334189	0.673010117	0.349785259	0.729053077	0.867471989	0.788743121	0.830338748	0.653559389
0.745084734	0.429632558	0.646331125	0.18537903	0.302845433	0.714845727	0.962141259	0.088617788	0.680736102	0.69989771	0.755534646	0.480153883
0.81783472	0.076445491	0.671690984	0.391226459	0.286263421	0.77127185	0.786621227	0.555154183	0.778175886	0.636880419	0.571373248	0.713442512
0.983963599	0.540221588	0.685176615	0.321446049	0.32938161	0.684067545	0.743804098	0.815239939	0.890272206	0.588431799	0.563059845	0.472596248
0.820016463	0.904849196	0.669895955	0.796019907	0.441980994	0.750269797	0.39304978	0.911232227	0.928093162	0.184356289	0.62748199	0.357445984
0.747773837	0.494690077	0.510385783	0.596682327	0.268270083	0.829656654	0.444644666	0.17559936	0.87027181	0.514636482	0.566400224	0.552500565
0.950499083	0.716808091	0.599063176	0.492543072	0.650191853	0.706195399	0.832824052	0.687434628	0.960869804	0.858175043	0.440769233	0.341005179
0.999207772	0.975946894	0.592877494	0.230232852	0.296183911	0.724568539	0.69505292	0.011079623	0.96243253	0.805743305	0.783373129	0.275338438
0.857027673	0.451206221	0.615136745	0.523907883	0.076107995	0.783249742	0.91170614	0.151105503	0.851969108	0.35333922	0.720290412	0.190297583
0.732223282	0.361984045	0.575041887	0.742577631	0.544260606	0.824399875	0.415276813	0.509150752	0.839497232	0.927869006	0.731055089	0.629672199
0.851993027	0.751218127	0.665343011	0.663355471	0.802133023	0.699809505	0.901189425	0.889810531	0.855339981	0.532669028	0.571678177	0.457514512
0.928304581	0.900031165	0.623592054	0	0.31527835	0.664724393	0.68709902	0.640748386	0.887212899	0.692961099	0.606304502	0.326928899
0.806964914	0.77498783	0.721884277	0.914514085	0.764592159	0.73654669	0.451355836	0.877825069	0.862792839	0.131951445	0.584304556	0.81401102
0.17070283	0.193229186	0.910503117	0.322080347	0.997696709	0.103196376	0.133829227	0.466625694	0.364491518	0.109481757	0.3821821	0.170319846
0.224316376	0.890160054	0.479699911	0.466391854	0.777750376	0.189793152	0.033018439	0.66798063	0.206614469	0.92179672	0.519885104	0.312534514
0.131779474	0.864060578	0.748774612	0.624069605	0.752007988	0	0.063965904	0.441557453	0.425366316	0.65830688	0.44871406	0.249295885
0.205011627	0.394260867	0.509418913	0.004662671	0.964539356	0.148893827	0.092530046	0.904685323	0.285824553	0.573334743	0.2319092	0.205136897
0.255089394	0.50926135	0.254314202	0.872126444	0.90631875	0.172029537	0.077285391	0.884193447	0.071115924	0.724080556	0.176966589	0.336496703
0.13007336	0.869216961	0.954081913	0.879754106	0.160274693	0.139105693	0.124421889	0.088723283	0.49269617	0.080455111	0.516970262	0.169931671
0.255355052	0.26555563	0.260872269	0.993611449	0.21113979	0.139695008	0.087702565	0.680174598	0.318331291	0.685127091	0.120343565	0.174564984
0.084439919	0.762730916	0.909407865	0.005462824	0.532181266	0.1219741	0.10028421	0.66807804	0.411331044	0.453559549	0.553130001	0.284102517
0.326215056	0.767685057	0.659644113	0.890484662	0.679682887	0.177617218	0.070618781	0.143337873	0.101245589	0.405451682	0.439600924	0.372986976
0.258842422	0.069163694	0.597319271	0.383522614	0.923645876	0.110777891	0.105975039	0.625599949	0.081732328	0.70552827	0.195657983	0.307454827
0.216107131	0.472875657	0.352157366	0.281465646	0.237243524	0.207452676	0.114089167	0.293850569	0.403431441	0.889804569	0.253661722	0.166702475
0.219926543	0.932559147	0.687814037	0.624009461	0.510168616	0.088708802	0.060818414	0.451358089	0.408085242	0.301995142	0.187667629	0.381149969
0.206137379	0.97541015	0.936315574	0.658471131	0.502183032	0.214483262	0.101373046	0.483941301	0.033417976	0.344096391	0.205987006	0.28189533
0.239904614	0.656189506	0.734541024	0.231891067	0.093892252	0.122394334	0.035712113	0.738581598	0.153530496	0.559952466	0.026135723	0.340872031
0.051111565	0.706086998	0.937972277	0.639467781	0.11720063	0.043324642	0.047313664	0.662508006	0.086208514	0.862164753	0.059281604	0.296389884
0.114997494	0.397982395	0.67960268	0.427116786	0.704580938	0.135338784	0.087045641	0.405587917	0.061024208	0.216001477	0.575597298	0.233346757
0.240495266	0.351178071	0.726294845	0.241256669	0.016078403	0.171237811	0.041412084	0.432933088	0.432496705	0.637273967	0.337137277	0.303079911
0.4116537	0.650279027	0.787638402	0.052597372	0.003468977	0.157136853	0.087382657	0.56497582	0.302181681	0.151422253	0.271871332	0.324146493
0.242368415	0.952636204	0.897281245	0.814046082	0.796858309	0.100726874	0.085057266	0.068362098	0.419139156	0.406257572	0.56881128	0.20436123
0.262699634	0.354515298	0.627008065	0.431016229	0.418200018	0.149896083	0.034590298	0.026920268	0.141132795	0.680546102	0.584358022	0.241888307
0.276693388	0.681592713	0.922455418	0.541070824	0.738443199	0.093802255	0.095989482	0.329296433	0.555254789	0.462604365	0.471634909	0.339032321
0.198738462	0.260842034	0.601786905	0.081549487	0.041934123	0.126672664	0.100342947	0.103137268	0.287862421	0.382302737	0.26648666	0.280115094
0.315790737	0.701706316	0.470865212	0.536772845	0.025384441	0.11177978	0.062811759	0.447106212	0.405173867	0.248637003	0.573268761	0.181252705
0.182621769	0.594405641	0.920304424	0.481218996	0.401022124	0.08662295	0.116141007	0.268358767	0.111752407	0.495271708	0.267751861	0.196387539
0.297510953	0.090062687	0.720293774	0.18258377	0.643000749	0.080564731	0.05131419	0.73402578	0.515030365	0.645015758	0.505230232	0.477956979
0.200090577	0.774310657	0.710565032	0.658611251	0.059769868	0.173521153	0.09876928	0.104724419	0.165147071	0.209880535	0.233997266	0.23575268
0.268395253	0.939208115	0.726804389	0.365016251	0.439048221	0.161077633	0.101725954	0.381338185	0.519308475	0.450495728	0.063293531	0.287715454
0.147924125	0.723036236	0.968105652	0.399210889	0.785078641	0.151440127	0.044844287	0.262373684	0.129219414	0.289907659	0.192936852	0.334039861
0.278229114	0.459406849	0.471243568	0.64381611	0.349201342	0.090455036	0.04653553	0.612604026	0.313531879	0.034732322	0.341193283	0.264785694
0.254016622	0.465847017	0.747671022	0.124569902	0.308966024	0.136033207	0.071595036	0.067101422	0.508705836	0.348914061	0.373216904	0.296752021
0.169811131	0.862564361	0.674139842	0.355795291	0.398584853	0.078578378	0.123151206	0.968195156	0.069375457	0.277541873	0.430438378	0.3544922
0.284361001	0.963134113	0.381653786	0.846382062	0.710366536	0.074589036	0.140085464	0.589243292	0.075227999	0.728203876	0.047343995	0
0.225704691	0.458642003	0.747149845	0.014099424	0.58543742	0.137618647	0.127352584	0.198993783	0.346906703	0.404812164	0.031030551	0.310396221
0.197771092	0.955009746	0.292760206	0.204722424	0.596693807	0.142509025	0.084864265	0.626695191	0.464519746	0.178779636	0.210585982	0.381887053
0.148026838	0.73139464	0.884242019	0.176519087	0.370906229	0.180706782	0.040754244	0.517504967	0.190188603	0.488519319	0.484748573	0.183768982
0.2075536	0.073345739	0.71463201	0.445886681	0.995968819	0.22774194	0.090806975	0.985660116	0.291021313	0.748317477	0.232768925	0.277435905
0.259535946	0.498093802	0.263344907	0.341298053	0.716440371	0.108208446	0.121173217	0.884910268	0.109833323	0.358398691	0.314005125	0.185840166
0.198406542	0.645535996	0.418257123	0.991069556	0.738264798	0.037969574	0.096071593	0.093624298	0.369713365	0.418746232	0.099832681	0.263869365
0.213042414	0.188017279	0.360941844	0.904476841	0.666868143	0.119634179	0.100905931	0.737567883	0.241764446	0.586399581	0.222914588	0.246828029
0.211587085	0.629937965	0.860200761	0.828443511	0.211968154	0.096116662	0.06669976	0.052727665	0.491219074	0.469586014	0.515844482	0.31970121
0.214708478	0.908811712	0.335042364	0.107456885	0.378243597	0.066021641	0.141684842	0.810679352	0.149802246	0.796484045	0.261030225	0.277075207
0.221494045	0.257891471	0.552057596	0.546775448	0.047441048	0.050678093	0.10167598	0.151475321	0.081926881	0.571723686	0.082532663	0.278507585
0.259670415	0.948552794	0.869394105	0.129276394	0.966294935	0.175159209	0.042859056	0.338087401	0.254258476	0.736162243	0.541838882	0.249357357
0.251516303	0.711609491	0.608730338	0.30861413	0.86489656	0.063251435	0.098503962	0.607806069	0.533242492	0.942256299	0.174513758	0.17688672
0.229949656	0.748846061	0.674083112	0.605189896	0.869135186	0.012816516	0.12081422	0.771490932	0.08816901	0.532171034	0.163082561	0.413356025
0.228092613	0.26361787	0.917307368	0.722924472	0.824864738	0.141981323	0.121327992	0.91792458	0.29517356	0.998047426	0.278704922	0.202448599
0.269261151	0.544370534	0.293044135	0.337070177	0.810913336	0.113000609	0.090312061	0.672850324	0.523238165	0.555622015	0.170233976	0.239179996
0.156824664	0.760400639	0.931581871	0.325612769	0.893711015	0.208509176	0.076665464	0.806422579	0.05830471	0.255133118	0.32539992	0.220252646
0.221219244	0.338098052	0.297764489	0.179531702	0.160746907	0.186747321	0.110807203	0.303824917	0.076292015	0.146676827	0.341245945	0.212192405
0.243578444	0.526971709	0.585683484	0.039047258	0.38826326	0.128039369	0.097972035	0.787629537	0.137159479	0.099196288	0.020712019	0.228157843
0.104492916	0.211269819	0.80137614	0.537995509	0.567682829	0.146378228	0.00498433	0.500478141	0.507515447	0.973293343	0.034460808	0.389386754
0.312770182	0.97523532	0.480712349	0.823515049	0.67153688	0.146120349	0.08922525	0.596744017	0.094478853	0.297182171	0.458780832	0.275899568
0.240699728	0.186605294	0.980191786	0.434560177	0.511849344	0.18985284	0.049587218	0.414270572	0.447567006	0.625375678	0.126078007	0.399105359
0.24931166	0.675636822	0.386464308	0.918962345	0.704290984	0.189252804	0.114292941	0.035081371	0.483160293	0.896384918	0.168111503	0.279875111
0.100735639	0.977503828	0.949586727	0.210895083	0.49184256	0.17039862	0.090280057	0.029304599	0.172557746	0.661231854	0.505711644	0.247624761
0.180093203	0.953161873	0.872636351	0.573468942	0.461206282	0.139830201	0.092925094	0.383193177	0.531023097	0.681083296	0.585756435	0.3711288
0.265701873	0.858037841	0.96815015	0.543493309	0.195145945	0.223452237	0.078469257	0.942454952	0.245925609	0.141619238	0.491078197	0.339791675
0.210102218	0.838912056	0.98343881	0.810299716	0.879949108	0.139254623	0.053553942	0.477500352	0.567590626	0.913575553	0.230888457	0.286318706
0.201698225	0.95089602	0.743273245	0.669052184	0.669904342	0.166151556	0.089025539	0.079954618	0.069227461	0.155914053	0.299471278	0.068555203
0.31941167	0.60563082	0.65317455	0.312231105	0.398068093	0.020200488	0.103096096	0.046103275	0.013415467	0.764675699	0.468580598	0.239760316
0.237394061	0.667702723	0.380457023	0.456181819	0.066129229	0.094375279	0.02470814	0.672201011	0.561658736	0.244607112	0.341011814	0.479352885
0.235070035	0.635937177	0.970538913	0.378453745	0.946805837	0.129381455	0.055344463	0.321158765	0.142347628	0.749717792	0.120452194	0.334947771
0.338153582	0.406442811	0.747590188	0.761221099	0.846399024	0.122542985	0.030328036	0.776985346	0.133784069	0.557001319	0.403828176	0.260440416
0.125186148	0.463189321	0.77801795	0.041252948	0.95889657	0.157534413	0.111484089	0.480561341	0.329928977	0.561633658	0.133663671	0.362034208
0.359626228	0.750132055	0.930680275	0.01893252	0.671022937	0.082411257	0.087936122	0.764974113	0.254817993	0.65566443	0.05455231	0.238916385
0.294067284	0.631863182	0.896598843	0.413984384	0.202584295	0.12581233	0.151810418	0.800071054	0.325979152	0.908474659	0.603290834	0.252746961
0.128919022	0.643471056	0.669073362	0.890233377	0.143246158	0.066487871	0.106630961	0.969208154	0.412368532	0.535642073	0.208079988	0.190433769
0.309067812	0.304395955	0.28965555	0.601989739	0.694082352	0.064577848	0.118702189	0.487384297	0.122150131	0.718962568	0.154270788	0.39930799
0.243058634	0.253246973	0.330574551	0.214334256	0.967720815	0.117464589	0.041033912	0.183833694	0.381069379	0.396031226	0.487098291	0.23112583
0.22385216	0.406153664	0.947627696	0.18740724	0.242818888	0.197366731	0.085923364	0.180757839	0.142219734	0.310396651	0.054962115	0.286765671
0.308182905	0.217086589	0.551143856	0.55139316	0.269768629	0.108464771	0.09088164	0.959744236	0.331490344	0.535523144	0.23396117	0.370332995
0.118937764	0.462884351	1	0.058045845	0.611111655	0.106219332	0.080702726	0.021393531	0.365307898	0.63220247	0.250192923	0.134660402
0.193518084	0.581028374	0.491805847	0.287889011	0.901383435	0.088623231	0.020521856	0.255317742	0.532644205	0.614111761	0.295328108	0.468086258
0.206291378	0.805733656	0.726209034	0.993886206	0.813555926	0.147233676	0.027623554	0.186816079	0.537468485	0.836049514	0.332785822	0.225491954
0.150095378	0.904594885	0.24738645	0.222412611	0.655987036	0.169175327	0.075627452	0.951253141	0.562228077	0.795808059	0.383654519	0.298548905
0.186093812	0.743927364	0.644973567	0.167225382	0.93756725	0.192721673	0.138633656	0.502553146	0.15458937	0.361542299	0.134010753	0.373005092
0.200184955	0.261441567	0.627740126	0.67164357	0.370301957	0.126744948	0.049807928	0.672356383	0.568839455	0.243224237	0.249822587	0.40806418
0.129358242	0.128278376	0.263860679	0.851657658	0.355729701	0.132821347	0.154710166	0.384421667	0.12298457	0.521198799	0.155507876	0.297139043
0.189932922	0.278349668	0.934488429	0.277120537	0.070756125	0.021342403	0.008325732	0.51367111	0.072871754	0.461579382	0.179019721	0.278182346
0.075063999	0.247719123	0.802732074	0.934264404	0.724905759	0.147069846	0.043351968	0.259168517	0.188674049	0.906735875	0.336024	0.21875721
0.309919406	0.022979323	0.933901658	0.59576582	0.642964521	0.096743075	0.028432944	0.969252211	0.19536715	0.491009181	0.43702421	0.191322515
0.021854498	0.761794061	0.440464707	0.755036768	0.077364868	0.18916997	0.058993811	0.295681387	0.165751749	0.947868873	0.280192018	0.134406821
0.242329494	0.217250903	0.486152901	0.441008142	0.431232711	0.116825813	0.084950307	0.289813308	0.208166581	0.707983996	0.166317801	0.401747825
0.29098402	0.154390862	0.379020593	0.544778558	0.157492313	0.098895995	0.088847155	0.643526893	0.264845933	0.984470028	0.342881633	0.39645753
0.18284691	0.669686633	0.393496038	0.11327034	0.367653126	0.19787733	0.0727954	0.062813791	0.381573822	0.867841625	0.096418245	0.301234216
0.291142656	0.215541705	0.920179661	0.620505062	0.349823706	0.189346033	0	0.006929127	0.359334852	0.254623974	0.075991548	0.339022648
0.170738676	0.574570955	0.577310468	0.199284183	0.073124561	0.103114401	0.084399759	0.587300411	0.257143624	0.598744521	0.003792062	0.294885868
0.191718464	0.597242324	0.488095007	0.863164206	0.250939583	0.055749294	0.062907066	0.103580425	0.007931102	0.048884695	0.204580732	0.290092754
0.315947394	0.643379651	0.809596908	0.402373087	0.338300908	0.061390192	0.079213616	0.492689318	0.005054869	0.025986599	0.223682374	0.270356556
0.180308106	0.231371884	0.980654662	0.188960578	0.362673449	0.124832879	0.046759972	0.159192278	0.529659867	0.225014203	0.552316586	0.277732354
0.272636608	0.953188036	0.948904792	0.754646971	0.505705766	0.224958384	0.071178668	0.378922346	0.568345456	0.920849382	0.320505218	0.198117205
0.228980137	0.912577398	0.56232764	0.31514744	0.41956604	0.201278921	0.143492614	0.66728533	0.423370104	0.409499561	0.248344165	0.331364853
0.271488989	0.174534266	0.432502786	0.014657415	0.112472905	0.05492167	0.068856818	0.088073886	0.335360206	0.283509568	0.425850568	0.372093557
0.234693416	0.32726919	0.808576341	0.45807558	0.094142964	0.112230817	0.103853059	0.558859591	0.399195797	0.964401167	0.092387283	0.225171101
0.129479779	0.537374986	0.526184017	0.815460604	0.306911322	0.09986063	0.071782722	0.775485295	0.401176256	0.054194975	0.539279303	0.306522345
0.190301439	0.998607258	0.990941358	0.50438452	0.967071578	0.164974304	0.05622269	0.00824196	0.28104324	0.03713109	0.005371235	0.437654511
0.253635519	0.201952548	0.288223384	0.949277457	0.206296274	0.148821282	0.061442904	0.410857885	0.038868375	0.05686816	0.232466796	0.281969931
0.116220789	0.287291935	0.515941226	0.553625625	0.528015721	0.159062421	0.107330622	0.143238923	0.229947864	0.085404279	0.472859747	0.184867094
0.205964183	0.520929134	0.665741541	0.611125084	0.982839847	0.169536993	0.074005604	0.871669222	0.302701727	0.200327187	0.226449597	0.467626662
0.178596144	0.221784741	0.384097847	0.340307976	0.507688437	0.20704933	0.105110519	0.833981549	0.441140193	0.80197932	0.303156661	0.16327525
0.256349842	0.569969288	0.364161518	0.036088739	0.533986452	0.194590886	0.004244524	0.984281138	0.175475637	0.348111915	0.563672719	0.236798676
0.204228776	0.084563246	0.682015315	0.567153131	0.875377761	0.091741898	0.092603133	0.758685167	0.256684535	0.882173753	0.568078135	0.31968482
0.172547125	0.812080579	0.714225381	0.490708597	0.674952086	0.135137533	0.08065864	0.042032627	0.089568642	0.760167711	0.373710657	0.290388971
0.344913744	0.975155179	0.805106029	0.157997239	0.611476395	0.109819857	0.041378018	0.512339995	0.377231892	0.598538927	0.399199101	0.264243292
0	0.374443491	0.971594527	0.437219895	0.438921452	0.110533587	0.119835074	0.602868438	0.341597735	0.740157539	0.259331742	0.328715144
0.121746929	0.27675725	0.670192407	0.67540731	0.385931277	0.070618101	0.069048654	0.026869735	0.136366064	0.501270779	0.597118456	0.205381717
0.262645942	0.027149956	0.398312621	0.598365123	0.757726406	0.263795271	0.021311506	0.381775897	0.558219084	0.846832542	0.265761822	0.314118604
0.135430642	0.556384815	0.852410505	0.166675117	0.126875122	0.105199959	0.133800558	0.741182844	0.157151559	0.501635022	0.308268465	0.207878644
0.253929317	0.859582639	0.443846808	0.380266497	0.032030192	0.164576789	0.106799301	1	0.485431361	0.039545465	0.045749113	0.317355397
0.201527441	0.287463135	0.597650274	0.092636697	0.22016853	0.146441225	0.063038799	0.800760576	0.008145859	0.892027959	0.183681815	0.434307052
0.180337453	0.063512182	0.847688422	0.412687073	0.086282901	0.181154802	0.025296253	0.764333815	0.069835148	0.987533376	0.407071016	0.464200499
0.172522145	0.631417832	0.517281733	0.155545931	0.098542737	0.180322038	0.097765317	0.16411812	0.438311645	0.131005602	0.288173466	0.327840557
0.180256304	0.578284137	0.476066836	0.987505267	0.357154772	0.053023939	0.031235581	0.285594358	0.353244861	0.930381045	0.124080599	0.435262402
0.263328662	0.064791344	0.406147541	0.34822428	0.374806956	0.132718153	0.041799067	0.500823865	0.4353475	0.808678698	0.117218084	0.417774499
0.301856167	0.955718636	0.277025778	0.135615331	0.414469619	0.087029358	0.099577769	0.705445001	0.345466092	0.774677693	0.390929512	0.340357213
0.132331295	0.024563957	0.736787979	0.578088673	0.544182971	0.122514685	0.093814912	0.088076491	0.361278049	0.166948264	0.113072775	0.34811133
0.251251938	0.013034245	0.68951329	0.840111503	0.885540306	0.126924162	0.031349334	0.812913789	0.323476688	0.046046146	0.395625339	0.255264238
0.267403346	0.936982998	0.280530716	0.090735819	0.432035661	0.1636294	0.076257903	0.136936115	0.49288522	0.891502886	0.548297981	0.332463747
0.192666171	0.935064553	0.577890506	0.310588159	0.33769996	0.201568518	0.059433044	0.989076533	0.552039803	0.309675701	0.315951502	0.291649546
0.305487498	0.729477283	0.478209709	0.726878478	0.71111431	0.231989287	0.085578037	0.740811487	0.392999133	0.681718122	0.510578994	0.327849067
0.24001445	0.625287086	0.251945134	0.95922469	0.398272112	0.193924976	0.076440696	0.332845735	0.2350818	0.559934273	0.391577675	0.337808188
0.241572744	0.000273211	0.446087545	0.954916141	0.936387479	0.014337695	0.090309261	0.307293961	0.498154472	0.665297246	0.394564961	0.377328956
0.263450914	0.124208137	0.251030554	0.101082368	0.614993245	0.099450498	0.089226839	0.730466992	0.185481214	0.586804266	0.487687558	0.343626483
0.192749818	0.732796462	0.744586343	0.425130455	0.336102614	0.128213937	0.11208777	0.913802984	0.530148088	0.703817282	0.09439571	0.144492071
0.253077563	0.214889425	0.375693711	0.057582811	0.11989811	0.175012731	0.077258724	0.029627914	0.450647888	0.843105765	0.5395554	0.22826825
0.183491544	0.807232533	0.694383355	0.98811855	0.360454452	0.160203087	0.083138903	0.717368674	0.156902451	0.343248551	0.565422012	0.276278031
0.238469217	0.574039128	0.588872378	0.546284306	0.931006116	0.117975613	0.060559365	0.70049518	0.287119988	0.330433064	0.336910066	0.296925445
0.293118644	0.963320577	0.292412437	0.384255035	0.592762301	0.125606806	0.104196059	0.881322344	0.565173071	0.18003553	0.475611946	0.210904836
0.209993619	0.868597152	0.998230652	0.098851211	0.984570917	0.006579349	0.056168424	0.386629976	0.013454914	0.852049962	0.044994267	0.267610254
0.211057498	0.309351172	0.459400259	0.718833926	0.330985976	0.158181671	0.085765552	0.947722248	0.302233973	0.167582223	0.164918615	0.316463949
0.337332054	0.152916114	0.637727087	0.327753091	0.450675532	0.090703634	0.051725038	0.820206854	0.137980624	0.126624288	0.205351342	0.247193461
0.281796081	0.016518049	0.250544492	0.363125196	0.007767306	0.159118149	0.168321955	0.432419832	0.097202154	0.878087507	0.03505137	0.371952774
0.366108687	0.387557009	0.561813948	0.826852723	0.483485918	0.123156222	0.065361788	0.375675268	0.471802728	0.746309879	0.497961545	0.37334024
0.223616472	0.918910345	0.32427147	0.050205579	0.849622045	0.215812921	0.127950398	0.721263037	0.081481569	0.424888644	0.363369678	0.300365928
0.262810711	0.928860285	0.680534171	0.48359748	0.038628296	0.133807091	0.056158485	0.269348463	0.516861038	0.25634092	0.12777247	0.335956049
0.176532011	0.169312431	0.80542863	0.575071315	0.039206137	0.071595544	0.055574311	0.929460066	0.233381661	0.250415408	0.424711244	0.271833368
0.026625881	0.317156481	0.432038167	0.837733281	0.142537563	0.122266052	0.028791463	0.622017186	0.265836114	0.795604504	0.479858375	0.301111782
0.181141072	0.009566345	0.780194146	0.784869068	0.952942055	0.142150405	0.127401405	0.804155549	0.200615296	0.112760637	0.277157708	0.367866606
0.014941843	0.729633637	0.808191944	0.245610613	0.644591037	0.137010854	0.10462746	0.395321576	0.17141082	0.722155285	0.267965728	0.230049083
0.314574327	0.218146117	0.959295768	0.190079048	0.607583416	0.128614797	0.019250175	0.947215013	0.1621967	0.606553144	0.591644704	0.26226299
0.232129133	0.994790248	0.588473085	0.770197064	0.793447681	0.155790067	0.072445789	0.08197357	0.225833814	0.426600274	0.41032858	0.2752003
0.333527506	0.613938336	0.4673258	0.248230987	0.45341616	0.072145224	0.130686773	0.427842543	0.360923526	0.711052301	0.59890297	0.233764855
0.322031915	0.34119525	0.605861813	0.747144967	0.926013419	0.153160899	0.030148528	0.434025129	0	0.207808502	0.441214577	0.272311689
0.183625975	0.452865155	0.740406716	0.246395447	0.102705326	0.229173111	0.029364414	0.387652602	0.178012625	0.963316903	0.145045661	0.407860566
0.254352869	0.106700459	0.606703171	0.667240964	0.024202763	0.125333357	0.075404393	0.03344575	0.356520914	0.081592021	0.116618256	0.420295155
0.117035229	0.847705373	0.893846863	0.607059565	0.535739851	0.16412539	0.083854617	0.721905307	0.379135717	0.05541817	0.313902175	0.216280235
0.153182513	0.284244046	0.775836418	0.081804228	0.879411479	0.184238548	0.089292182	0.619588308	0.452615563	0.822037177	0.604616475	0.189997919
0.23452645	0.272201046	0.466198768	0.455101871	0.122698126	0.2281149	0.090529685	0.891314375	0.306370144	0.918668181	0.2507542	0.412063563
0.133570815	0.675801877	0.999602119	0.11584526	0.593374079	0.201199047	0.099417719	0.590389197	0.300344989	0.899445891	0.543290936	0.259829043
0.229866093	0.04614143	0.262243284	0.662712866	0.012884323	0.197498712	0.102777355	0.757966869	0.137101689	0.957606846	0.536594449	0.357197241
0.21320034	0.080198007	0.462556542	0.76568275	0.568138269	0.140945046	0.063684168	0.638926122	0.160235926	0.187011235	0.33923443	0.201516237
0.164678651	0.343640484	0.248925513	0.469708347	0.472313738	0.08069201	0.11404052	0.333697121	0.085246838	0.957677205	0.503567479	0.219216298
0.311787183	0.574014159	0.600629564	0.471855872	0.996812193	0.10754555	0.101697714	0.588507153	0.273169988	0.719026965	0.474561817	0.217061211
0.233749474	0.216654064	0.427862974	0.188006791	0.666791387	0.108573876	0.136529414	0.398546187	0.23755531	0.906674827	0.568861116	0.28431793
0.177152103	0.384323891	0.945579048	0.356896063	0.799323267	0.219323312	0.074646538	0.800643669	0.30279453	0.487238582	0.456711421	0.285238971
0.187684765	0.266541209	0.315531807	0.355506162	0.134562385	0.151575567	0.11161504	0.425922507	0.135507157	0.891146433	0.398486294	0.252443747
0.129627754	0.010903346	0.48860945	0.479754734	0.453515292	0.183911815	0.1061416	0.303105764	0.449700897	0.880697634	0.430812062	0.290738216
0.141960044	0.856739044	0.417881138	0.832044466	0.945374063	0.062336005	0.136369392	0.980122126	0.012333051	0.959242349	0.179368448	0.280725177
0.2034611	0.438607096	0.651358984	0.471383928	0.821226899	0.19112463	0.147290348	0.217355799	0.023589375	0.818758264	0.389338561	0.255618763
0.238196057	0.850264019	0.422825798	0.037085149	0.45378258	0.173891558	0.0514558	0.258232179	0.246421037	0.015283793	0.388850471	0.187351994
0.08622499	0.282042388	0.511236678	0.443564768	0.109389105	0.194968549	0.01385283	0.201352952	0.466807874	0.814630121	0.489403789	0.279835384
0.265419473	0.797639213	0.881129831	0.445328618	0.941565249	0.120166665	0.03321163	0.167948738	0.008153391	0.140743128	0.591699202	0.269294219
0.140531651	0.098933687	0.291689483	0.263858398	0.468665178	0.096917189	0.088674214	0.399629759	0.400163822	0.252498603	0.11004759	0.248858521
0.32178636	0.394015534	0.465363228	0.3373325	0.527216154	0.122027893	0.101502957	0.686607025	0.535590191	0.282077531	0.315198851	0.254436761
0.30887778	0.415521406	0.976612719	0.730207843	0.171665211	0.144981859	0.115328732	0.620952529	0.051339791	0.418137551	0.555529793	0.300954787
0.18150874	0.162322429	0.761771006	0.527960777	0.312130349	0.121110633	0.05057155	0.995072392	0.014818554	0.85111541	0.320652669	0.26695853
0.248653162	0.095371382	0.770998629	0.3909703	0.000779402	0.144789301	0.089771803	0.207907458	0.120946084	0.002344672	0.18595238	0.126299246