0.804281022	0.68841499	0.569280733	0.197746053	0.013788751	0.398609846	0.109178877	0.344023609	0.342260384	0.10766561	0.65331722	0.898845035
0.905843939	0.897047827	0.472526294	0.207040312	0.889210826	0.060282729	0.068551215	0.628432396	0.843460209	0.841418746	0.597968523	0.068965103
0.425026334	0.214957627	0.734885903	0.315575056	0.636578052	0.202263639	0.096397218	0.343355083	0.686457097	0.023122155	0.682098284	0.139217546
0.007056863	0.219908805	0.107394944	0.26756046	0.083149126	0.169933267	0.093060355	0.738752774	0.025547181	0.8968113	0.739793146	0.030032619
0.368518452	0.078552916	0.426679667	0.27475926	0.809842237	0.784358935	0.083994263	0.542972747	0.991250187	0.819641937	0.753169752	0.021365579
0.566515182	0.120212329	0.739153731	0.31263819	0.147518744	0.990746593	0.093984845	0.915747323	0.655403964	0.849261778	0.80536264	0.902231986
0.525090992	0.072797437	0.345985843	0.206436922	0.211786747	0.142669479	0.14936988	0.425339168	0.429095768	0.77541274	0.767491527	0.218606323
0.406748582	0.27321177	0.882109973	0.196420439	0.669677592	0.533668748	0.103345804	0.28404765	0.609027322	0.096988085	0.602706628	0.206188342
0.83733205	0.990933045	0.25731675	0.171221166	0.587646117	0.847848304	0.121292759	0.807988179	0.205129292	0.899163898	0.745177921	0.084729503
0.761164059	0.447147928	0.645701798	0.128349706	0.418668728	0.050425773	0.18864749	0.197606391	0.508975661	0.978015434	0.789245915	0.510750286
0.762973357	0.657963091	0.911073529	0.160763407	0.963409473	0.403298851	0.193865835	0.559405916	0.187962353	0.659932896	0.589301317	0.889773081
0.402110415	0.112348497	0.075126703	0.278584862	0.15320288	0.264525718	0.149583609	0.366442137	0.449698656	0.892678662	0.746952613	0.776575913
0.390190838	0.785505252	0.938442476	0.285802532	0.056812436	0.215615071	0.127902727	0.115883738	0.049825149	0.80063332	0.808309813	0.56056535
0.95294084	0.772465558	0.66764448	0.235892163	0.062032432	0.418923359	0.105125686	0.525582444	0.141051902	0.364411037	0.640303739	0.621067725
0.903934039	0.536208824	0.734988624	0.491492141	0.244805313	0.205936366	0.083617489	0.666994789	0.542219854	0.313284067	0.687173212	0.87615503
0.479308516	0.076424201	0.478179494	0.261120457	0.172212687	0.101149935	0.149186362	0.042807033	0.677578487	0.132340842	0.575708565	0.460384128
0.488366465	0.808724557	0.477979639	0.144264335	0.267763305	0.728725962	0.097747063	0.162650809	0.130935958	0.303262979	0.646660212	0.273904353
0.423967937	0.484926807	0.05152364	0.348467601	0.256118643	0.971929308	0.022302134	0.968539713	0.397799965	0.976149993	0.675029423	0.889561787
0.808816553	0.455775051	0.050813092	0.364820645	0.725191603	0.569429129	0.140274466	0.351275772	0.926202912	0.8014686	0.803201161	0.447778977
0.251160243	0.297182162	0.391074865	0.163413377	0.565311399	0.848701019	0.111186122	0.292289645	0.614731696	0.073331899	0.643219364	0.637982747
0.9431005	0.298715561	0.796498735	0.199800929	0.74252041	0.747901368	0.152108858	0.28406316	0.220055505	0.77176507	0.847929558	0.379722764
0.635598342	0.807942195	0.377656057	0.267708556	0.522290903	0.766920131	0.177315457	0.657677593	0.601089015	0.662443652	0.659600133	0.021578024
0.52265494	0.999152932	0.858217051	0.192427412	0.201375988	0.373343016	0.110409865	0.152993008	0.883328471	0.334330461	0.629058223	0.574413256
0.248584422	0.433441533	0.441568214	0.273357915	0.13458542	0.582249434	0.060101024	0.280091646	0.533254254	0.578086851	0.794554971	0.413998334
0.145783087	0.200251978	0.92073765	0.180859895	0.62044719	0.719230309	0.105120788	0.178865503	0.78081683	0.609106444	0.709101755	0.55188176
0.919052445	0.908032341	0.68842079	0.27268575	0.756671233	0.248892905	0.118088349	0.751181263	0.348977743	0.976819716	0.701084536	0.945737434
0.973171885	0.703448787	0.695331133	0.327464313	0.041384294	0.236321344	0.109485696	0.380327487	0.054917102	0.74064164	0.823075482	0.853336285
0.542364576	0.422880463	0.651881256	0.129054363	1	0.783666972	0.082689239	0.880775863	0.129075381	0.875971026	0.799452033	0.413452272
0.110856663	0.57847563	0.628242789	0.249849662	0.653381084	0.924554179	0.148010935	0.252361393	0.171865676	0.302938071	0.602501129	0.344909584
0.337747214	0.324681688	0.380732248	0.344976708	0.860645131	0.477502179	0.187835921	0.40299692	0.912529191	0.487856207	0.810187138	0.638326933
0.826410153	0.867908034	0.405622118	0.419394636	0.803920703	0.239553967	0.159723451	0.232502002	0.994303089	0.325327039	0.666671288	0.484790378
0.896846638	0.065328184	0.551642873	0.15962509	0.424560679	0.764594396	0.147006263	0.160720863	0.75586117	0	0.666678031	0.955329144
0.852454286	0.673603141	0.501523556	0.286957151	0.320150961	0.36984134	0.115570136	0.025386916	0.773192563	0.216965619	0.768056124	0.2326661
0.874911885	0.713636543	0.359299296	0.239585818	0.041361938	0.024062673	0.103181852	0.176112686	0.125617119	0.434308077	0.680352321	0.708953822
0.864558455	0.418573834	0.102393359	0.232769115	0.747476237	0.073448931	0.14969481	0.405032992	0.695097461	0.26709076	0.824583007	0.34520404
0.054075099	0.408018894	0.680585417	0.241958643	0.44733564	0.729483342	0.139880261	0.371710697	0.192775169	0.315684055	0.573299335	0.55752708
0.866031692	0.267978588	0.064699344	0.333934195	0.987720537	0.001578524	0.042280207	0.318759452	0.155296777	0.4193182	0.589666071	0.629157631
0.023548223	0.724156322	0.750972382	0.1217129	0.663718262	0.858852135	0.137512449	0.907016591	0.131039521	0.684161232	0.562427338	0.150788817
0.944697556	0.640549266	0.252896868	0.148838739	0.40006405	0.963263908	0.096220299	0.721371752	0.704281547	0.2195378	0.700402146	0.348242768
0.027124771	0.092040826	0.399126571	0.280314912	0.517141474	0.896163055	0.052951766	0.33581702	0.532713191	0.580422371	0.568717888	0.559425757
0.530270131	0.202151834	0.468631862	0.27094256	0.642808068	0.282048552	0.14166477	0.806756028	0.855440985	0.12869025	0.647888502	0.742675156
0.410273609	0.554015425	0.676254572	0.197743762	0.928025739	0.712530062	0.041227245	0.033995717	0.270943778	0.451792695	0.797307499	0.240126635
0.355307967	0.722970984	0.313555949	0.379624122	0.865607137	0.327853721	0.107877633	0.074739322	0.604711881	0.885586341	0.602078616	0.718409504
0.159722762	0.917653836	0.325540929	0.237944549	0.42177761	0.70764997	0.12192056	0.81608983	0.629892494	0.308998449	0.781295442	0.907458638
0.285828381	0.036831897	0.902367187	0.210184162	0.966999107	0.670304907	0.087735324	0.685799092	0.112643746	0.19965829	0.770362044	0.054932572
0.208565587	0.749217586	0.195611077	0.347574475	0.331864243	0.862792264	0.080791362	0.24787173	0.876973508	0.106325655	0.7289159	0.759520028
0.142445538	0.301847293	0.515483952	0.134992762	0.598533289	0.414529522	0.0712917	0.053310703	0.957435355	0.775707982	0.743658882	0.273690395
0.791223719	0.662025525	0.62278404	0.351893402	0.071594022	0	0.145724952	0.456646616	0.983566364	0.093713787	0.653677958	0.105013041
0.602193477	0.318746329	0.409423097	0.187657756	0.369125298	0.282206282	0.065593731	0.375311846	0.029677087	0.867138237	0.753150496	0.391855497
0.672618294	0.723864704	0.279852032	0.2482901	0.038842049	0.707201404	0.110941465	0.039827404	0.439896782	0.374719225	0.573240104	0.563262242
0.345177948	0.677616255	0.318274597	0.115421203	0.876567442	0.22698833	0.141361469	0.011390332	0.351614844	0.237230055	0.665349459	0.804072752
0.785663774	0.371491748	0.141272649	0.278888856	0.315635688	0.088559199	0.110292361	0.338634381	0.910340465	0.995609747	0.712972982	0.156008744
0.532452319	0.969602996	0.647731698	0.436405282	0.333986327	0.916037285	0.145320716	0.222303641	0.079303683	0.108256067	0.634578657	0.702178728
0.760731361	0.483705242	0.605005934	0.245116733	0.393306111	0.84008799	0.077179257	0.51635528	0.864450395	0.740439757	0.847784862	0.417582599
0.718481137	0.980071044	0.903371265	0.322358721	0.192233755	0.676471813	0.126211515	0.212088874	0.549720208	0.750279882	0.643140946	0.902821279
0.965089635	0.099784482	0.468205867	0.145932464	0.328136583	0.359486596	0.082303435	0.296660342	0.089550534	0.051155604	0.570237613	0.119089748
0.793665755	0.082660578	0.874133767	0.207595568	0.706486362	0.90011181	0.11318946	0.700664256	0.118003997	0.645134856	0.713748038	0.401164139
0.646409767	0	0.571653786	0.367529751	0.550948736	0.513437697	0.148134242	0.815496403	0.402115524	0.410642599	0.583037583	0.414767032
0.016807648	0.88689169	0.750494312	0.185459238	0.311481115	0.603064361	0.069734731	0.750639703	0.976606008	0.697485651	0.778817109	0.91423683
0.475868771	0.872548195	0.662242367	0.104801746	0.823449933	0.444603961	0.125142692	0.638830696	0.399963211	0.236977519	0.73423232	0.952700709
0.710498216	0.729529837	0.102585976	0.290687262	0.891996909	0.617819372	0.067345306	0.175425209	0.856591417	0.168759086	0.764530706	0.912229918
0.49514763	0.697482243	0.475458052	0.162790985	0.209190169	0.743439657	0.041582104	0.699416485	0.36403602	0.455802469	0.756947772	0.566750818
0.766630647	0.651685773	0.989715131	0.214136529	0.048721619	0.944654981	0.128498946	0.974810436	0.936660033	0.07478025	0.630570568	0.972137431
0.983277591	0.71283392	0.608794339	0.324848687	0.974129993	0.238238636	0.039637569	0.357400906	0.041576991	0.946347944	0.738463863	0.018909787
0.68332923	0.665699825	0.978910405	0.223100818	0.16077397	0.951486876	0.104987289	0.836603783	0.254482307	0.699784665	0.822426521	0.754713827
0.52033306	0.188428501	0.709461168	0.285937186	0.801355743	0.08374523	0.154256894	0.121555325	0.776386876	0.928470408	0.572328971	0.162381029
0.041015359	0.579615249	0.366355392	0.445101238	0.076545476	0.0606284	0.06065642	0.995322609	0.054356847	0.587123703	0.788357177	0.428445726
0.512161021	0.41723242	0.735733192	0.377271006	0.730236026	0.215460501	0.086402429	0.712257125	0.976569401	0.394722948	0.665362585	0.101557165
0.955455826	0.352194867	0.672558785	0.241453444	0.694762148	0.074383253	0.034566899	0.840810457	0.466000768	0.853709473	0.789165034	0.881466072
0.545272258	0.529418198	0.472450972	0.236877658	0.686358975	0.267024805	0.013011974	0.841357279	0.057862321	0.980594944	0.675319521	0.589377114
0.535610895	0.927968205	0.372184049	0.182124532	0.189597812	0.595184261	0.137070603	0.363545739	0.666040133	0.029558879	0.837460066	0.230319993
0.76342492	0.662126173	0.218341896	0.150479316	0.125107051	0.649471578	0.042652579	0.329498847	0.57488424	0.661443548	0.78826752	0.410511358
0.222675403	0.170512587	0.391766398	0.280297737	0.295078547	0.293943767	0.05908865	0.578586977	0.849802461	0.954268119	0.571427653	0.145924205
0.687169917	0.918524624	0.552904827	0.361839645	0.522687232	0.171347542	0.109631267	0.109597429	0.51813987	0.941927117	0.676019069	0.576815295
0.95957082	0.179586134	0.737159038	0.338374355	0.381418269	0.169335244	0.173885804	0.428659651	0.635505309	0.36894759	0.743028573	0.49255882
0.518956363	0.766692204	0.628785312	0.328550658	0.364089656	0.202405833	0.072835237	0.044296209	0.654141981	0.06709796	0.599227182	0.754825671
0.974683408	0.094798827	0.150054127	0.179697293	0.124039177	0.831240356	0.049684559	0.584570578	0.08097065	0.04502475	0.575974632	0.866755985
0.125852519	0.857976507	0.585253424	0.194047341	0.154397884	0.076514855	0.153743511	0.233885962	0.285209893	0.483534532	0.653352889	0.598689215
0.70628983	0.556927347	0.778784816	0.194407937	0.067718118	0.672333567	0.102031111	0.527432667	0.52869191	0.378100448	0.687373567	0.65116782
0.976173471	0.820701153	0.557441953	0.315182187	0.17237339	0.642889626	0.177722653	0.956279295	0.675525141	0.596602066	0.667047673	0.504951302
0.234612372	0.476988824	0.029871215	0.282485328	0.611124029	0.17092962	0.043353596	0.676832899	0.440924685	0.87477694	0.666610902	0.51134718
0.446545342	0.596236624	0.700958093	0.252130261	0.592709326	0.72709384	0.180144204	0.921611743	0.47715462	0.035410781	0.667472755	0.631855348
0.787056238	0.85226106	0.483433832	0.33181089	0.819842288	0.767896651	0.145042442	0.655347654	0.852212151	0.022959136	0.843016307	0.958520761
0.718742008	0.427010959	0.062765292	0.248431082	0.614325782	0.55704543	0.123975462	0.127115711	0.896904021	0.761211418	0.663561607	0.447095051
0.121599595	0.911603534	0.686590406	0.30383544	0.498826544	0.765808671	0.175056856	0.10322612	0.394404956	0.341856935	0.774514763	0.539981439
0.601316206	0.455975594	0.739186039	0.315843423	0.315643383	0.827860981	0.214854174	0.893825585	0.154260481	0.147679613	0.708625033	0.907752127
0.797827799	0.758704104	0.771334474	0.220560608	0.523039014	0.369479785	0.134570731	0.518267397	0.165221671	0.865384828	0.744146579	0.329030523
0.010485072	0.158268772	0.946892297	0.392566787	0.369835091	0.498362447	0.07683222	0.038127591	0.688842974	0.1954019	0.571333088	0.710727685
0.064060178	0.396363284	0.74867402	0.328736308	0.979209831	0.291204636	0.14540464	0.44888125	0.457969117	0.314700138	0.700689699	0.221081209
0.681249829	0.545410349	0.183351409	0.215590305	0.343014191	0.882678324	0.11846952	0.382747723	0.287386254	0.866875031	0.697938866	0.24154928
0.914497316	0.314654602	0.426993831	0.270568004	0.355931473	0.3020212	0.14112538	0.513126386	0.627698788	0.970326316	0.731063342	0.77194526
0.813877768	0.224605502	0.059067636	0.353444239	0.385572006	0.205246793	0.073799698	0.652883746	0.892480436	0.736640566	0.627686329	0.935052234
0.662063949	0.462110725	0.166095198	0.203173745	0.240887879	0.584356355	0.103740557	0.893335339	0.079716294	0.729045654	0.753183182	0.493524695
0.532676844	0.064468294	0.975913549	0.289225882	0.8972422	0.182470998	0.106086029	0.528567524	0.864103417	0.239675678	0.654189818	0.076381769
0.782843707	0.359783599	0.507924849	0.285461827	0.872418905	0.15137796	0.118952484	0.913306728	0.418292533	0.523116514	0.847967246	0.236479795
0.579566128	0.471799805	0.483550695	0.277829471	0.761856598	0.005765118	0.135252542	0.800273408	0.862103976	0.269845167	0.760405635	0.92645803
0.088651167	0.66759761	0.862520953	0.307747483	0.156835766	0.914820574	0.124562008	0.843334703	0.60871294	0.141974513	0.671337858	0.604454381
0.261658627	0.9854337	0.768235547	0.138423046	0.675422581	0.866091696	0.106248264	0.740890238	0.241401082	0.898752039	0.660398084	0.039472195
0.898558653	0.874714808	0.265801103	0.249465645	0.336641819	0.71625519	0.183495538	0.702691139	0.28208183	0.058019822	0.744761138	0.084338572
0.152093238	0.711671322	0.087440943	0.282172318	0.676194165	0.479741736	0.079542343	0.076784347	0.02639223	0.741478581	0.726787998	0.140064051
0.356966903	0.636520004	0.539913075	0.266927673	0.753122624	0.39102702	0.117629492	0.13725256	0.684041007	0.408937947	0.777882374	0.669448446
0.185251438	0.368115614	0.412145255	0.164164082	0.961744483	0.960887634	0.02637648	0.04039124	0.163499551	0.414740991	0.625487502	1.11022E-16
0.518025959	0.949918691	0.880204195	0.303065542	0.409769046	0.355621705	0.125748011	0.434464867	0.062181119	0.977134577	0.71048179	0.367057062
0.21361238	0.639534132	0.243466304	0.210558097	0.16584088	0.39604677	0.15401757	0.548993218	0.645533807	0.016938848	0.699639961	0.507472974
0.795142852	0.273657412	0.833871488	0.281042844	0.513563116	0.824471139	0.13812926	0.077736347	0.889399905	0.456266332	0.58717109	0.957284819
0.218377787	0.125507528	0.344476556	0.217667379	0.146773519	0.946335471	0.084137906	0.279470129	0.937879702	0.590090988	0.80114046	0.116097304
0.466310623	0.015608848	0.44708837	0.216057201	0.506051058	0.068789726	0.182001858	0.985314833	0.833490155	0.063579091	0.60446948	0.322908837
0.961117369	0.848276744	0.652680296	0.282991297	0.169890947	0.41685267	0.089027602	0.100723561	0.162915876	0.191375778	0.840067283	0.61307866
0.20190093	0.804457988	0.630341125	0.311517269	0.092866624	0.400901144	0.16262299	0.993976311	0.477402637	0.225068346	0.736390453	0.095232302
0.260631467	0.475234071	0.368777233	0.310117519	0.924853763	0.695846304	0.079000176	0.768156667	0.931217756	0.478918043	0.588887463	0.949568722
0.871281545	0.999437553	0.501590053	0.23165296	0.740445502	0.001118214	0.095905047	0.635530193	0.119420556	0.098665528	0.754345186	0.463437472
0.156914088	0.565383415	0.624878985	0.409520115	0.499387928	0.749490846	0.108007699	0.543487125	0.576373316	0.933091064	0.848817849	0.001184793
0.200425459	0.718464903	0.842895459	0.200851063	0.247018807	0.946768401	0.16431307	0.261737918	0.397595396	0.310288228	0.588657988	0.579131102
0.085048417	0.503969852	0.550871019	0.198418106	0.914468748	0.780042964	0.057745183	0.215900528	0.881854512	0.389347701	0.723886045	0.007865011
0.733384137	0.289651388	0.367147752	0.300664626	0.459261801	0.493590122	0.103894134	0.39116639	0.782087147	0.164319721	0.69472489	0.837483871
0.76808226	0.354906707	0.352440569	0.277337916	0.678731592	0.096838008	0.007167593	0.801064087	0.434557888	0.705844611	0.656302709	0.572900491
0.206958367	0.376809032	0.577861246	0.272487475	0.84710263	0.260667842	0.139661072	0.905094122	0.50898612	0.604798875	0.76150072	0.783644968
0.928692035	0.488911524	0.071033772	0.305420055	0.442527672	1	0.162080425	0.890763506	0.014836053	0.595965702	0.631066856	0.744112015
0.445588842	0.241929868	0.16569148	0.216796478	0.415067182	0.557611293	0.013986417	0.485149647	0.848710188	0.271522946	0.755991621	0.847553374
0.874415787	0.232477085	0.821164079	0.255368058	0.618609671	0.315593012	0.197641046	0.887326431	0.387880462	0.145740995	0.820638069	0.531938689
0.188286847	0.121136892	0.810176554	0.289747029	0.426668512	0.052630176	0.084711494	0.519295957	0.839966498	0.765029871	0.766121049	0.955223483
0.755654305	0.413268461	0.2295614	0.290287006	0.866881523	0.601919818	0.121882179	0.56804255	0.032786721	0.589647517	0.65244483	0.235635497
0.369271236	0.216269113	0.065844377	0.273817389	0.446043461	0.36088811	0.098012192	0.118459841	0.660651667	0.995748808	0.593116167	0.516609802
0.761763171	0.389831707	0.071337587	0.245013355	0.132471514	0.134089751	0.085269861	0.496242154	0.955786632	0.030391637	0.612386824	0.995223054
0.938782323	0.84139239	0.064978515	0.256580263	0.775500274	0.381387654	0.162701526	0.344046258	0.393158792	0.142721195	0.68924828	0.973891574
0.568322997	0.662856699	0.242237448	0.240277567	0.738513159	0.967786489	0.103817169	0.910688267	0.057994495	0.450666574	0.816307786	0.318314486
0.450112425	0.315813957	0.861822006	0.142699627	0.552476322	0.975543949	0.024007845	0.239210716	0.60689185	0.248197409	0.707737917	0.580256531
0.502485622	0.622530658	0.708738554	0.28716916	0.405370163	0.827188726	0.05497458	0.754136879	0.90306387	0.665564347	0.727448884	0.727178665
0.377063058	0.915348468	0.44518316	0.194532854	0.25799997	0.146298977	0.098031928	0.080165298	0.883849751	0.107937601	0.818920302	0.267233759
0.25915933	0.150782183	0.959044703	0.14867028	0.585273871	0.437564094	0.018892423	0.713008377	0.551835991	0.140639403	0.821173597	0.04624707
0.781393316	0.807924927	0.35524386	0.239007266	0.453556639	0.428210671	0.035475711	0.926722173	0.344063316	0.175485409	0.746078933	0.544245669
0.124307081	0.292871837	0.978654322	0.222747168	0.314191744	0.56382084	0.075381051	0.778082002	0.679637775	0.452375679	0.723712442	0.013870129
0.795086506	0.30000277	0.392874897	0.15227608	0.547858987	0.862893831	0.140023938	0.08814377	0.664740538	0.000838191	0.761549202	0.464991194
0.128605817	0.355901889	0.212372754	0.328739861	0.12982937	0.332241551	0.048458011	0.758963768	0.68209501	0.492143084	0.673368028	0.795053669
0.545766749	0.783811104	0.751715892	0.223099411	0.330905914	0.443605932	0.123485118	0.229552456	0.395122194	0.008635151	0.689680167	0.578252807
0.759732361	0.973437869	0.483338253	0.267404057	0.975130369	0.523035438	0.076793924	0.270354354	0.040913176	0.966301759	0.731134846	0.066269986
0.716862978	0.850582205	0.41050885	0	0.895414668	0.026359973	0.157284059	0.52749108	0.952639969	0.405520783	0.621023507	0.812901349
0.904570757	0.315011845	0.896814425	0.277503558	0.089639967	0.228312997	0.147744627	0.814701807	0.069244811	0.322477784	0.758983532	0.863117486
0.272350169	0.917667465	0.903298535	0.286826943	0.512469827	0.304462073	0.020334434	0.705714189	0.460993936	0.481782672	0.645554135	0.971380569
0.761746665	0.788696031	0.619037533	0.322935455	0.916989973	0.513575982	0.170838116	0.189701839	0.750646251	0.164452535	0.807028517	0.064842384
0.937617045	0.170535304	0.122533757	0.323176035	0.157360108	0.927591301	0.048614891	0.393504732	0.411339483	0.622969789	0.631654248	0.634228288
0.501098028	0.545947379	0.367556499	0.347891431	0.967579639	0.949703581	0.06513571	0.334752572	0.011887007	0.512527474	0.562439091	0.413410288
0.256223745	0.173215377	0.442035991	0.130495956	0.643788058	0.091739306	0.162271566	0.324952345	0.720605932	0.507093461	0.662044706	0.093475751
0.815230149	0.274505554	0.387717921	0.305044788	0.050534975	0.787147219	0.096786022	0.524285342	0.893842784	0.203858627	0.809142553	0.688357659
0.445483569	0.621336525	0.75141483	0.126307816	0.982471007	0.141507639	0.07360107	0.947065691	0.340830171	0.662192462	0.670188282	0.380576683
0.192037974	0.003728625	0.75359686	0.230069611	0.30829779	0.995413776	0.048156897	0.171893574	0.669462268	0.629791061	0.587274494	0.29862459
0.75279493	0.425475441	0.219904806	0.156925495	0.5893424	0.287813967	0.1226424	0.039094909	0.841538259	0.971961699	0.678854922	0.529180357
0.570675593	0.50614073	0.406871781	0.146244723	0.61242142	0.077592555	0.163505465	0.019121498	0.293536931	0.1187278	0.706800468	0.132295243
0.552661021	0.508653817	0.451793892	0.143618093	0.432328017	0.006452044	0.058569673	0.526586402	0.676438523	0.980445034	0.624158205	0.185786024
0.791685109	0.00088661	0.323868573	0.250177121	0.739097276	0.569477475	0.122836889	0.085711262	0.128004789	0.249444043	0.810007447	0.507355265
0.143860384	0.772594697	0.274482581	0.32237656	0.245968153	0.546867574	0.092279298	0.89613142	0.689403232	0.243948771	0.841092345	0.834139336
0.650769215	0.307298209	0.799923729	0.33258683	0.641244679	0.686926891	0.111085844	0.413952766	0.430526393	0.67737226	0.801019955	0.028056809
0.000189472	0.244095279	0.577016473	0.32162756	0.348776514	0.910994221	0.103092188	0.861279362	0.725005686	0.662252733	0.581859822	0.772035215
0.185860093	0.20091055	0.708121501	0.213109802	0.042765751	0.43145734	0.107051221	0.317593683	0.201315547	0.563245235	0.839993441	0.463862605
0.112350062	0.395135277	0.100186615	0.325917629	0.226135044	0.99638188	0.150263265	0.185197284	0.554928964	0.87975652	0.575958465	0.318880697
0.989454827	0.060860256	0.422448384	0.431897056	0.961101908	0.892325459	0.183238366	0.435098519	0.314635364	0.058588011	0.832181875	0.016887649
0.791067063	0.469140362	0.905110186	0.28338972	0.180602284	0.31215637	0.150289043	0.877792106	0.295086547	0.319695971	0.713810219	0.336713405
0.153193873	0.621330938	0.294472516	0.091345076	0.088758654	0.795246962	0.099396784	0.931159557	0.728873812	0.973761432	0.614413053	0.946163315
0.238969299	0.69404412	0.337521501	0.383602027	0.779514654	0.979274901	0.099789776	0.4652067	0.709191392	0.543271908	0.65871153	0.188082721
0.502241282	0.553506929	0.132459725	0.233317797	0.83257588	0.926613516	0.108110384	0.857474625	0.579688863	0.483241529	0.788007983	0.19171591
0.989091764	0.792248286	0.710177158	0.14094577	0.278809658	0.581245371	0.12198094	0.492089944	0.257260579	0.804587147	0.712601708	0.039140653
0.11936497	0.962932541	0.95770204	0.291167678	0.458856435	0.348357401	0.154755334	0.993562411	0.095255904	0.837121399	0.667663643	0.944434386
0.217113883	0.561089439	0.633805637	0.235634165	0.850081306	0.139185505	0	0.18094143	0.28025216	0.464290694	0.651116073	0.248623936
0.537206105	0.057629506	0.246948654	0.3500785	0.538322382	0.840503245	0.126973328	0.189347392	0.607403749	0.704301626	0.76315096	0.974699326
0.02564092	0.770891387	0.267536011	0.234058196	0.48063096	0.9497743	0.196725795	0.925151885	0.302043368	0.903294162	0.661365933	0.930369525
0.012315888	0.654900419	0.005909518	0.319073778	0.60574489	0.905973279	0.21610078	0.510005798	0.442742073	0.938192445	0.664033604	0.241644997
0.524428767	0.539375784	0.418107578	0.55107331	0.878849047	0.680853806	0.124844747	0.894090023	0.044966899	0.362780584	0.807328886	0.018501872
0.129786991	0.836104889	0.323956052	0.801589331	0.324983527	0.173570422	1	0.827935261	0.225486428	0.457347188	0.874364377	0.536874737
0.771460228	0.112086379	0.0183592	0.306288615	0.615831366	0.199868486	0.617169163	0.520900103	0.274488705	0.259098099	0.846484677	0.675695656
0.500032625	0.412632895	0.743396315	0.386716608	0.059018855	0.869440597	0.622803057	0.278928711	0.258690779	0.373132478	0.755696347	0.866068831
0.023770958	0.184478788	0.268943205	0.907303609	0.701857147	0.012804971	0.953695813	0.782508609	0.283614246	0.006819694	0.878136305	0.344566876
0.50645735	0.918771884	0.090934634	0.85046219	0.92006929	0.326242538	0.782077925	0.465217716	0.382380511	0.483849578	0.894708148	0.733184004
0.962496018	0.331346166	0.541472183	0.885327604	0.11397286	0.390373231	0.404185941	0.955108492	0.217778425	0.986675881	0.90872291	0.82230161
0.559500609	0.908324883	0.20920391	0.334318015	0.84608692	0.84795501	0.330587622	0.483664432	0.184051143	0.157812442	0.793373285	0.453430222
0.589647131	0.258243029	0.472996621	0.386995729	0.356567202	0.463547921	0.708000109	0.602662114	0.3407353	0.077627933	0.879747997	0.336788359
0.140590103	0.031431433	0.034694277	0.958966828	0.334429868	0.279423596	0.87211055	0.392963519	0.330230823	0.259555557	0.760175531	0.381692971
0.953763175	0.482555381	0.712367432	0.915505601	0.534114279	0.45488734	0.687297049	0.265472676	0.237831218	0.851558637	0.85728106	0.081953082
0.401190672	0.977001506	0.675469005	0.268610465	0.522104476	0.126306981	0.259043685	0.385184641	0.278261893	0.549606231	0.863416546	0.08493078
0.913692264	0.778405564	0.442616134	0.684500199	0.308833141	0.949292282	0.144935975	0.115752371	0.254683172	0.255198546	0.81059662	0.758327386
0.99802189	0.118427906	0.375259384	0.280929627	0.647963641	0.727995046	0.840091343	0.972625798	0.201454012	0.947720108	0.860133742	0.402604604
0.77397646	0.664971212	0.248440071	0.45463545	0.269724198	0.656342698	0.540019216	0.427857786	0.307260135	0.576453846	0.854061641	0.944170542
0.971536054	0.104795714	0.691982925	0.508747973	0.58252581	0.263772745	0.835572296	0.33955594	0.346561568	0.897254609	0.871434361	0.104992997
0.070106074	0.902266748	0.754836443	0.273745302	0.094596204	0.154384641	0.872668952	0.096522643	0.293567447	0.43230841	0.878581642	0.446530982
0.493317153	0.559469719	0.604710194	0.519291626	0.029541601	0.949093505	0.897210436	0.302055427	0.227239039	0.861443069	0.796516753	0.127525079
0.349428437	0.783266944	0.606530621	0.736110997	0.751703402	0.56261659	0.938714521	0.187338118	0.228677286	0.926796198	0.673424629	0.511074457
0.477041847	0.583966239	0.972552818	0.405639656	0.666630004	0.460323213	0.378265405	0.676360226	0.219616616	0.16196383	0.842281175	0.898227026
0.589628182	0.314152128	0	0.667092213	0.98553589	0.052604072	0.54267298	0.356290062	0.272256612	0.474803271	0.928215994	0.014571015
0.822853581	0.791036795	0.232330667	0.753016321	0.789621474	0.525659777	0.841071182	0.120555524	0.300493289	0.342611957	0.894382285	0.467545538
0.879358428	0.512197023	0.441864624	0.255116683	0.190220926	0.247590844	0.88927934	0.320312026	0.303626379	0.742618927	0.800475801	0.471859269
0.144959503	0.429587322	0.167298493	0.541258773	0.22136163	0.96378037	0.525208029	0.564202275	0.245807362	0.818922049	0.945249849	0.915725961
0.38108264	0.667846925	0.124294187	0.833624427	0.062759119	0.977437445	0.489786387	0.561049173	0.263308464	0.594626416	0.848655782	0.989272266
0.363090202	0.330419085	0.748088278	0.607889983	0.694065109	0.182901568	0.865606889	0.051312216	0.264106169	0.192279014	0.87235115	0.676400895
0.252664122	0.958700534	0.157532093	0.433485564	0.901328934	0.123055761	0.694346112	0.948501009	0.209925355	0.62964823	0.782017773	0.036869608
0.702686696	0.077636589	0.094069514	0.405494008	0.981239643	0.816523078	0.131578185	0.223927607	0.34857242	0.430934104	0.791039868	0.189390642
0.972595498	0.365536084	0.758146907	0.825279091	0.943404479	0.589256112	0.286211898	0.665502589	0.252730751	0.004166565	0.817311573	0.561057309
0.899503298	0.242187895	0.432874081	0.331934478	0.367529954	0.82488751	0.820693327	0.705078996	0.21475967	0.83960629	0.853673401	0.610154313
0.714737737	0.071473614	0.657101584	0.471252327	0.531477792	0.52150132	0.462758384	0.36402488	0.254307397	0.457871387	0.852975928	0.92015215
0.321563979	0.874239578	0.297873104	0.987857794	0.39962093	0.301124933	0.749494241	0.401114433	0.236096776	0.402601866	0.816069038	0.887752165
0.552909402	0.660268985	0.414358757	0.489644119	0.829362208	0.94677025	0.547608038	0.612946088	0.259733785	0.366740571	0.783193438	0.482811383
0.550747551	0.094631814	0.04013206	0.274542423	0.583325361	0.896988665	0.431534163	0.694175207	0.277720353	0.345415442	0.864611576	0.959649394
0.753731089	0.229737605	0.09473259	0.68346764	0.833692911	0.983303153	0.319851656	0.278624442	0.268007947	0.621015573	0.83573494	0.446051411
0.894515508	0.086522722	0.596871796	0.546718086	0.265940251	0.533844437	0.267828708	0.48938384	0.314760593	0.902011928	0.841609576	0.545699564
0.689968077	0.304618289	0.323454739	0.697975681	0.67229133	0.245090154	0.969429644	1	0.207611184	0.91014706	0.795140807	0.445764175
0.860022592	0.537730109	0.722081798	0.70080989	0.753451136	0.218790615	0.918809185	0.634471708	0.286911501	0.049251082	1	0.279405978
0.516025557	0.158558622	0.488066154	0.488092752	0.805043957	0.004887736	0.455624873	0.657997419	0.231653068	0.344564962	0.887779267	0.571339513
0.026469151	0.952951923	0.795452123	0.990649444	0.533022804	0.657312038	0.719868324	0.731730484	0.154484786	0.747689896	0.769619619	0.917298189
0.241874485	0.382505198	0.780206275	0.857344069	0.412582605	0.485049708	0.846726298	0.890531217	0.28892728	0.184221311	0.901110074	0.012450805
0.458859196	0.512167985	0.750717582	0.341124135	0.106474672	0.993436439	0.21504842	0.851626219	0.268468414	0.469719333	0.746296541	0.528790147
0.851745031	0.672792236	0.119979159	0.547542945	0.541278694	0.194807794	0.555523327	0.948055468	0.303750117	0.010948097	0.827713718	0.570203065
0.99076446	0.366345938	0.102357841	0.611312151	0.694110585	0.190704784	0.712862558	0.736113684	0.26251152	0.18916801	0.840994585	0.189213947
0.062952998	0.098108716	0.210063894	0.341522627	0.496781007	0.705684854	0.455730471	0.824474979	0.262444523	0.072623812	0.744407069	0.593392531
0.678645897	0.210044493	0.787185624	0.62485299	0.973671825	0.232039061	0.588333123	0.247060069	0.248603521	0.231087579	0.73829768	0.417516573
0.601074697	0.055008449	0.584003993	0.609754183	0.520767357	0.981866777	0.404098188	0.170400086	0.30759894	0.674942974	0.791016687	0.460704107
0.970184464	0.421147035	0.454161165	0.872048482	0.262597321	0.329583888	0.905509046	0.623116248	0.257400124	0.71221647	0.839300592	0.200008359
0.26942399	0.549439402	0.934298175	0.970853754	0.156633921	0.883517333	0.550576865	0.1693931	0.31276402	0.593099735	0.838287558	0.895408476
0.936720055	0.846383956	0.730594109	0.98630979	0.964235786	0.742786115	0.287209367	0.64312155	0.185053985	0.417726211	0.829654265	0.43500125
0.756253059	0.057194573	0.698630086	0.571581627	0.426180527	0.860533377	0.419411353	0.561474445	0.258801928	0.799198204	0.875613535	0.026527136
0.121527149	0.683184933	0.380256091	0.877494486	0.737491762	0.892031285	0.840389833	0.351803123	0.15064744	0.595027826	0.805895733	0.864926613
0.171266615	0.999321725	0.496164502	0.637802867	0.078738318	0.698449879	0.365475711	0.03976407	0.209088864	0.230479231	0.79816645	0.325848932
0.638870413	0.077047276	0.311518164	0.964061847	0.098029372	0.473185025	0.599990947	0.244115732	0.328441585	0.154714738	0.826049661	0.002857184
0.20240703	0.495994857	0.70591889	0.478929356	0.44915713	0.104587645	0.493892932	0.04693079	0.312027461	0.250353326	0.927286426	0.667317417
0.673435118	0.843557563	0.403811905	0.408528125	0.315108974	0.574126923	0.387673369	0.513075966	0.27908249	0.664951034	0.846802129	0.391847224
0.21307229	0.912058108	0.441755434	0.84303908	0.484727175	0.246426987	0.167474049	0.688200993	0.243462088	0.370974179	0.734290579	0.25337512
0.459099754	0.093427142	0.161406516	0.629873138	0.163116738	0.875394071	0.238256663	0.895417698	0.193599759	0.40720021	0.780328499	0.980636882
0.51653895	0.898215362	0.066685374	0.531970224	0.197435627	0.70327846	0.612758143	0.613525873	0.17368958	0.235268705	0.788228554	0.747222917
0.219900049	0.745684627	0.161562523	0.656256127	0.028066759	0.636948974	0.777373035	0.600115282	0.227101497	0.744892672	0.875609896	0.707282042
0.20103476	0.552165718	0.248956874	0.866294272	0.879872713	0.885380893	0.608276957	0.486276191	0.188981968	0.9600221	0.863079444	0.948260634
0.133867478	0.762338807	0.340763626	0.832610055	0.902944484	0.239061519	0.59083839	0.006256608	0.291149771	0.219239254	0.767675932	0.903713867
0.118829374	0.40705676	0.036823725	0.605463427	0.882873376	0.468721801	0.543902019	0.400901898	0.223901757	0.432961795	0.952223447	0.489447291
0.759971797	0.123784034	0.76018081	0.452964934	0.148647669	0.972393426	0.948617602	0.532078967	0.175478683	0.292846315	0.768861647	0.637240895
0.772472395	0.064478682	0.76260905	0.904476354	0.307009585	0.947035229	0.593899845	0.750486765	0.257632553	0.380456409	0.866133758	0.599111039
0.604495388	0.000404688	0.350478485	0.774413994	0.954585615	0.089564684	0.642931029	0.034443934	0.170214917	0.510836106	0.838673308	0.43822488
0.724665211	0.904423586	0.581841152	0.925140668	0.188754711	0.485621522	0.457603335	0.224843651	0.21362687	0.114437766	0.854029096	0.226976005
0.050110618	0.53399591	0.649634476	0.425234927	0.899543516	0.86428973	0.245744987	0.134789557	0.182801047	0.846579241	0.803123382	0.186294836
0.934748635	0.762512293	0.550404277	0.363207415	0.057204694	0.980294788	0.227807165	0.049645025	0.225593163	0.165837917	0.778491213	0.811215384
0.296800785	0.695737612	0.748039824	0.548720981	0.98401538	0.299912718	0.702663753	0.877807723	0.18777025	1	0.893648704	0.502668208
0.663061517	0.842532705	0.357880263	0.583375718	0.231025432	0.20412928	0.475347005	0.04457235	0.192759197	0.401937888	0.876643245	0.563364354
0.724338167	0.734976978	0.106312677	0.633544976	0.757831477	0.189636516	0.22174516	0.697014458	0.227470239	0.268384538	0.869396951	0.699685963
0.819226809	0.194031394	0.853110129	0.550490532	0.040883556	0.356288745	0.854453885	0.157647104	0.26323755	0.484185193	0.866998073	0.76205926
0.57037725	0.894796273	1	0.435225425	0.058565005	0.196404326	0.524878314	0.321717445	0.311971316	0.024967846	0.785696945	0.921521871
0.180265601	0.957457109	0.263976108	0.509139854	0.997109346	0.761509369	0.191547883	0.35184207	0.237803272	0.354609399	0.898666764	0.434057454
0.821047204	0.902886059	0.377294613	0.469783879	0.182115348	0.440912682	0.403121636	0.874471258	0.255688574	0.703841018	0.977778077	0.579912613
0.32338532	0.912577847	0.957646729	0.544342883	0.11308152	0.377199989	0.7858144	0.511370992	0.224193251	0.897407959	0.925097935	0.045219271
0.921643259	0.157405982	0.916461953	0.725511611	0.87998773	0.271383681	0.779425916	0.068457772	0.218782054	0.060815171	0.767212508	0.443483723
0.752652997	0.060444375	0.893623879	0.801346699	0.977481402	0.627196216	0.153747571	0.939302744	0.214446828	0.333061106	0.879278083	0.095827907
0.269087369	0.918252706	0.344560487	0.590680553	0.315605318	0.987076977	0.585521385	0.843158098	0.271944556	0.152778753	0.828876606	0.473794853
0.898602612	0.420041539	0.089922263	0.617063476	0.667831071	0.326610251	0.635826031	0.286642866	0.274737278	0.219071606	0.811478775	0.475916251
0.193872534	0.44495586	0.535098904	0.443499581	0.959616079	0.941609367	0.373782302	0.236458987	0.260267754	0.209572397	0.854149507	0.48422484
0.544292802	0.639281353	0.332959851	0.467125845	0.54980524	0.580533653	0.536071644	0.568078474	0.209965928	0.39778386	0.836054299	0.265152432
0.633893398	0.625110352	0.462119642	0.540046362	0.240758624	0.282975313	0.295613822	0.109267211	0.207536729	0.391472994	0.860447557	0.805006228
0.047096029	0.326641068	0.145427065	0.418087305	0.69274984	0.249516139	0.234950446	0.819381767	0.265467576	0.679319575	0.865101495	0.668248021
0.109113458	0.547080162	0.893530737	0.664700877	0.40481392	0.663704939	0.319925551	0.776606734	0.239660848	0.339429874	0.863571123	0.624578752
0.553763547	0.985565052	0.650493897	0.334345651	0.11264085	0.030373786	0.282575232	0.030204815	0.210364393	0.962204822	0.862776675	0.78496833
0.216298358	0.299682706	0.022055872	0.869284035	0.939396924	0.426634601	0.320677404	0.217718749	0.266617915	0.26851205	0.897261008	0.514511084
0.462143669	0.743530699	0.063023256	0.544257992	0.141301898	0.729180188	0.588469279	0.261409557	0.31578345	0.589885796	0.909325799	0.467239245
0.974655087	0.951887677	0.437460916	0.993642584	0.757664573	0.897212123	0.938278549	0.913717364	0.271876959	0.583527336	0.745511023	0.091729216
0.444432473	0.926227742	0.081772511	0.341353343	0.55209261	0.945100199	0.209769953	0.889607719	0.270294686	0.769882797	0.834601443	0.818942933
0.677147755	0.147877144	0.751171851	0.890202112	0.726974087	0.808133779	0.434990514	0.444750416	0.26289957	0.238572544	0.83642066	0.908466348
0.042362218	0.748218603	0.9699068	0.594331435	0.536223176	0.293637674	0.715149122	0.75798006	0.216104592	0.685512351	0.851796045	0.178471941
0.826588636	0.012899624	0.936023754	0.765836574	0.385038951	0.980895909	0.372922116	0.742160218	0.180419664	0.613593933	0.814637086	0.212772322
0.956555068	0.145961799	0.624565742	0.999532287	0.785063596	0.451046747	0.932186572	0.494741636	0.190419778	0.563923199	0.863649934	0.950879336
0.678601965	0.503581881	0.271769859	0.381924623	0.689558379	0.732856239	0.706867575	0.983561646	0.247566421	0.929775785	0.853116808	0.568879735
0.514495338	0.473559398	0.851344103	0.663774653	0.664208269	0.302278379	0.985018314	0.72754237	0.328024423	0.231492819	0.842680033	0.38439199
0.108521732	0.647180446	0.677314592	0.981262222	0.172601883	0.442840865	0.825822158	0.696618946	0.264223389	0.712791248	0.930846221	0.214592879
0.600987932	0.989880998	0.315322901	0.690557032	0.812928373	0.093675324	0.801901286	0.431614584	0.284510683	0.624400089	0.871754221	0.662863506
0.772459179	0.04040281	0.655574194	0.484632895	0.503678289	0.363887762	0.779834167	0.084205284	0.19916613	0.855336498	0.923679228	0.021990718
0.484118946	0.87186052	0.759254646	0.779762093	0.158420036	0.106185453	0.976533149	0.539190629	0.145081968	0.882672324	0.829776401	0.137915822
0.725218612	0.165860734	0.477141753	0.937503881	0.968494542	0.780237541	0.256426624	0.181387713	0.238828858	0.432167835	0.877756952	0.320404648
0.01476455	0.478025894	0.437851386	0.615372388	0.359131075	0.270117085	0.966364422	0.271982302	0.171531367	0.317378662	0.78944477	0.042875075
0.47856033	0.559263108	0.346964635	0.970489679	0.717696037	0.866153299	0.757758877	0.113969646	0.191515566	0.018967994	0.722889119	0.896806339
0.934247955	0.088772842	0.23718053	0.925587822	0.324663155	0.029357303	0.740333412	0.191727543	0.255194691	0.899405492	0.88192673	0.415470049
0.816230302	0.909678359	0.71442192	0.603327267	0.773129468	0.744903571	0.395212926	0.208953464	0.259014717	0.776263913	0.842801275	0.113157814
0.896680417	0.258485138	0.907549845	0.359742332	0.046270807	0.909629474	0.203234912	0.8252924	0.251753688	0.066741049	0.870629755	0.225941073
0.349490166	0.51763507	0.77235023	0.635103561	0.390008034	0.306153391	0.373341468	0.96794729	0.15847678	0.396043323	0.831373254	0.568790197
0.39429867	0.013526146	0.181834313	0.555954659	0.322749658	0.467232224	0.609577987	0.40815654	0.199227771	0.416556507	0.849673871	0.259268979
0.591223105	0.754842156	0.16016723	0.390263556	0.905320061	0.815127153	0.712554842	0.114082817	0.259843608	0.872867088	0.91497288	0.929920708
0.334857642	0.804369336	0.583749915	0.759146888	0.955930332	0.176075484	0.180780933	0.098792894	0.237067638	0.417283038	0.782748513	0.872239736
0.443789832	0.424546434	0.463616034	0.805371658	0.722919327	0.476984966	0.295592808	0.466163857	0.273280818	0.978122991	0.881171245	0.528114141
0.138149751	0.253273854	0.634923256	0.679132076	0.95053055	0.886559207	0.609602769	0.875105473	0.207440828	0.233576525	0.766084931	0.803459376
0.891224216	0.474734972	0.305493758	0.620995444	0.784448593	0.772813046	0.970969493	0.870949242	0.307126243	0.897777555	0.886510047	0.967088183
0.279599072	0.663797089	0.896092528	0.496724353	0.703222763	0.30834391	0.266195094	0.091426041	0.267680724	0.115484441	0.920812185	0.54142767
0.961636506	0.89242197	0.734409334	0.745232903	0.138588878	0.705088982	0.596756713	0.411267467	0.218046377	0.634120659	0.847961368	0.504686115
0.641567187	0.63003674	0.760065337	0.302351984	0.933304153	0.800414039	0.663377654	0.231732162	0.310401549	0.338422781	0.850385056	0.190455797
0.298608811	0.953467694	0.38299464	0.702730065	0.058058385	0.720504944	0.461161999	0.235853677	0.265538221	0.736196365	0.926533835	0.469926894
0.900459477	0.426419964	0.351571295	0.436865533	0.779584631	0.566626221	0.330961454	0.596306495	0.308702172	0.946070385	0.828385447	0.709632666
0.423195136	0.37608101	0.06413781	0.580847691	0.821472494	0.508272678	0.352279877	0.144935497	0.218478462	0.406782611	0.737113642	0.810970439
0.161177517	0.727991533	0.660698068	0.420364037	0.358176137	0.155925509	0.653402885	0.193091139	0.248102802	0.957777658	0.944299218	0.741182183
0.641935231	0.568429422	0.056195803	0.902954132	0.30561951	0.942139868	0.855889061	0.770215888	0.231780002	0.704087835	0.781167182	0.648426885
0.845945699	0.406851206	0.104879136	0.364760145	0.414663015	0.223218403	0.646843356	0.567321291	0.28874623	0.604482045	0.906107379	0.095147825
0.693253511	0.020181642	0.881672622	0.913368077	0.124038041	0.458456051	0.171181194	0.039608243	0.218434256	0.383384349	0.872318203	0.283067946
0.289646231	0.212590735	0.170639655	0.727642028	0.623727658	0.798692014	0.14124538	0.04014125	0.221888918	0.793735142	0.782049767	0.511352125
0.250435313	0.901912282	0.164094048	0.684872713	0.400913855	0.43999904	0.412849499	0.595769286	0.274266534	0.382443343	0.881781537	0.922984197
0.443981882	0.01788902	0.367575434	0.908359527	0.21306731	0.655293446	0.176461716	0.095737533	0.250914289	0.257596291	0.737244911	0.266874515
0.333768927	0.936503355	0.446981249	0.695190183	0.365179159	0.006782585	0.594689488	0.43445936	0.365766119	0.81590268	0.879896222	0.731047269
0.99769453	0.213463121	0.597155776	0.9796866	0.235049083	0.33535469	0.365726721	0.809794885	0.280723443	0.422981162	0.809599042	0.241229
0.403177371	0.040472869	0.931616182	0.894934998	0.525670677	0.811052337	0.473153086	0.359000234	0.205400501	0.729192185	0.865823974	0.783599739
0.265111677	0.166810994	0.32523402	0.855194498	0.601975169	0.602748219	0.180464784	0.15663481	0.265959904	0.959284014	0.822416256	0.505618949
0.535046878	0.814128874	0.385048308	0.619697085	0.789441477	0.218544012	0.916257306	0.155148147	0.248201841	0.170829982	0.894969487	0.181878889
0.822218351	0.676082215	0.867847205	0.35819843	0.228416009	0.137800085	0.955471223	0.070626738	0.213049795	0.01329949	0.865160203	0.666003276
0.944898127	0.588669907	0.928358607	0.270984109	0.825853962	0.581592449	0.746321719	0.874054593	0.175322251	0.205926292	0.811678685	0.991798449
0.351229343	0.543835448	0.807481989	0.711793933	0.952580572	0.170498843	0.507196096	0.55341924	0.248030262	0.55315022	0.898198453	0.757781392
0.122209037	0.291718646	0.851060849	0.844893912	0.232443937	0.519780441	0.659639336	0.622077835	0.178438312	0.666507826	0.856444745	0.901918307
1	0.809195591	0.286364155	0.984173836	0.70995309	0.289989959	0.702890694	0.332209278	0.266164696	0.721172768	0.911138377	0.033901463
0.03826521	0.562211964	0.355071198	0.616467339	0.908370782	0.017817094	0.449324917	0.733494127	0.183909297	0.306508249	0.810048115	0.907587222
0.344070721	0.040417212	0.923733885	0.877954742	0.238012082	0.76034916	0.433249652	0.048650632	0.318528252	0.925896205	0.912533471	0.306131769
0.803548637	0.325582338	0.419822767	0.841261672	0.485427525	0.732511316	0.314936678	0.831311441	0.184962211	0.170749677	0.906276813	0.779209468
0.239589834	0.945284712	0.77716498	0.73498886	0.392927723	0.29613593	0.845851303	0.648473173	0.284748554	0.889175224	0.889064768	0.703416859
0.90044344	0.886561541	0.009166613	0.516019624	0.918067545	0.848618542	0.308115409	0.143590141	0.329545782	0.49212766	0.885827414	0.749406316
0.824999245	0.675550048	0.890828289	0.750929579	0.019557104	0.289560379	0.549541352	0.965317378	0.264586105	0.577280418	0.802733154	0.993568703
0.734169372	0.100521952	0.039776193	0.618341435	0.035009912	0.740269691	0.241925345	0.218629379	0.255717908	0.51016155	0.956606535	0.560769486
0.543311901	0.285111845	0.350091949	0.374780551	0.106791535	0.451571141	0.365875571	0.609899423	0.24869577	0.497009976	0.952543234	0.950669816
0.496447161	0.636281293	0.113811666	0.483615239	0.136476503	0.453578674	0.994910723	0.600622794	0.320732573	0.348931931	0.882821308	0.710847376
0.848484198	0.002356927	0.477455192	0.970828415	0.724531058	0.787989628	0.72089421	0.403982646	0.187480742	0.980750048	0.867403326	0.358434594
0.214494933	0.205954594	0.188223574	0.401745766	0.781204958	0.733445446	0.998584523	0.978672989	0.161403004	0.735489159	0.871122862	0.742494798
0.009141394	0.746515901	0.596586469	0.708392985	0.594089095	0.360127608	0.132269649	0.022863229	0.270563569	0.466170572	0.889753725	0.679524589
0.126566476	0.630723881	0.653433946	0.649019898	0.572696264	0.163012773	0.743387015	0.752998091	0.257688267	0.951126743	0.798670546	0.324759921
0.067806252	0.518082547	0.131902767	0.633972969	0.465431431	0.254358876	0.729980459	0.996617041	0.139370484	0.643681327	0.793871182	0.954996056
0.346260971	0.525678288	0.820264004	0.511539585	0.746199114	0.394831076	0.999823056	0.706375021	0.231587776	0.336457248	0.666625571	0.116326468
0.21100136	0.04441424	0.545819883	0.396363773	0.681483073	0.41339599	0.594070343	0.017069751	0.272566551	0.473172489	0.868812563	1
0.859438083	0.079795707	0.882108392	0.284009322	0.683148973	0.953304649	0.659152375	0.665586692	0.179321392	0.414512129	0.884682449	0.176306358
0.346183458	0.196380598	0.229388497	0.529073981	0.084671546	0.09259041	0.978651114	0.427405271	0.285013163	0.331407082	0.868245448	0.678227431
0.480100608	0.349959178	0.913388347	0.575136737	0.562760486	0.381524826	0.642128245	0.989122813	0.35358623	0.115721598	0.861495374	0.854258378
0.686919047	0.630397084	0.996035642	0.654657843	0.048669982	0.28294202	0.619236376	0.717916942	0.257279231	0.320589719	0.824867034	0.887293427
0.870477533	0.111119369	0.903528474	0.533799813	0.535469327	0.648769804	0.878477127	0.995802337	0.307192176	0.919603364	0.84841101	0.37778353
0.71496844	0.322141865	0.135379875	0.981029914	0.766275444	0.607305668	0.152994005	0.134940531	0.258567265	0.998818643	0.881078951	0.310281916
0.712412505	0.349181415	0.382702007	0.270663311	0.917171354	0.567055009	0.86850594	0.74907907	0.364484094	0.164608521	0.923131292	0.567542879
0.833392152	0.449933333	0.130250682	0.657314663	0.467762117	0.793590019	0.623981741	0.801418497	0.230634761	0.122268682	0.839942375	0.853949597
0.553159052	0.527642112	0.97485575	0.633972334	0.452324967	0.420694727	0.67083436	0.350665089	0.180633267	0.514628454	0.842521195	0.523715126
0.438680024	0.788714885	0.528925855	0.415194414	0.58029591	0.469178656	0.726771245	0.548773702	0.29142589	0.736176271	0.836350197	0.82552371
0	0.451227329	0.847597094	0.451559392	0.20659962	0.516098535	0.515782411	0.014156335	0.173575892	0.502469416	0.806428457	0.707464915
0.70810476	0.616842088	0.115006052	0.671616902	0.166540717	0.387372297	0.836296046	0.235485756	0.258367797	0.589242093	0.814876474	0.786158245
0.324476623	0.779782908	0.854271846	0.484924804	0.02250063	0.413786145	0.692801432	0.332696766	0.34389108	0.787210051	0.853244832	0.903225658
0.877039463	0.626170795	0.776115673	0.892636658	0.000384217	0.8607831	0.673128868	0.664134304	0.193636573	0.457214606	0.822754344	0.690427283
0.208420738	0.733164328	0.782790955	0.700181191	0.616148573	0.337293002	0.203343016	0.463382253	0.980263645	0.001441746	0.216933128	0.267775784
0.37565222	0.243570272	0.851182236	0.804643412	0.845414357	0.050793277	0.458954667	0.273421769	0.933511103	0.425323198	0.25563206	0.153425535
0.73324606	0.517307869	0.367911314	0.622161237	0.703450402	0.265974085	0.280781953	0.201803583	0.055066238	0.417888996	0.090845754	0.173361534
0.953314986	0.656323459	0.240046129	0.817223054	0.025078144	0.263359634	0.163689536	0.148282465	0.240018885	0.782571528	0.175412838	0.206434451
0.205156164	0.7709103	0.348430438	0.781492262	0.236145557	0.498044183	0.323131986	0.056094221	0.039522668	0.1081664	0.116749032	0.300528774
0.137456227	0.141011013	0.481321649	0.334770775	0.212330817	0.361528955	0.760159886	0.8218954	0.445089259	0.836503136	0.165856704	0.207174896
0.733125341	0.739580465	0.788284453	0.671490056	0.059294255	0.093250287	0.795457366	0.023280888	0.462283663	0.934204852	0.23573924	0.215555507
0.140027933	0.644480771	0.54612532	0.5302691	0.451688202	0.597185011	0.843731466	0.01247963	0.237281671	0.68537169	0.218175671	0.214771158
0.539431899	0.589565158	0.058432146	0.712322913	0.396095026	0.82804883	0.168649133	0.851897517	0.165932701	0.6494346	0.141203168	0.39131391
0.03618648	0.074522817	0.512659549	0.800785669	0.678775631	0.804353192	0.152945671	0.473259542	0.492009878	0.389607609	0.160618207	0.066931882
0.190816142	0.057326817	0.428247367	0.380960759	0.798996526	0.314670405	0.942649567	0.20868716	0.685561017	0.736869286	0.205540478	0.323277631
0.219025418	0.34904063	0.530290527	0.282895157	0.177374907	0.443935821	0.363846486	0.495736641	0.308963349	0.481471944	0.158979701	0.441804139
0.042319893	0.814510906	0.619217047	0.421390368	0.177986872	0.507255954	0.85024353	0.512509624	0.789434564	0.624609123	0.125515109	0.199983105
0.575164995	0.949732671	0.647320349	0.980703809	0.123733538	0.745366271	0.126512386	0.814916875	0.49132085	0.780716952	0.008395195	0.189000162
0.639215785	0.207793456	0.402667872	0.606796264	0.391546002	0.223196904	0.258108409	0.532079997	0.940324725	0.662574186	0.154538743	0.236315111
0.374532234	0.627315128	0.196952384	0.818096814	0.160004565	0.997828658	0.389113804	0.089480099	0.977734296	0.672918921	0.126482983	0.254641569
0.109156127	0.343247332	0.31695535	0.654226176	0.803016338	0.451960696	0.497225862	0.945560375	0.175816565	0.239477261	0.151686807	0.391364794
0.619982686	0.640404145	0.799256091	0.842535955	0.45635166	0.469045041	0.63678593	0.792850455	0.163528065	0.54684154	0.150819724	0.339605383
0.931819785	0.791625263	0.663743	0.256766618	0.386760469	0.159223248	0.277127832	0.183226916	0.742155131	0.508990695	0.151599884	0.271736359
0.218766559	0.581655866	0.829163175	0.385343783	0.486167579	0.772525343	0.329245307	0.691293324	0.672726011	0.452389982	0.167465299	0.304382147
0.279174326	0.392460336	0.442636277	0.611810678	0.177166259	0.305116142	0.117238869	0.523226936	0.238273733	0.265854401	0.169255463	0.357624947
0.739029129	0.272080297	0.248484232	0.842217158	0.868436988	0.194026498	0.770773013	0.255196649	0.909463625	0.757931655	0.103597159	0.322873835
0.237419041	0.427733646	0.347354436	1	0.683310015	0.608879497	0.668428533	0.971171796	0.365175826	0.885586878	0.260199411	0.289350105
0.672102562	0.13833829	0.419484824	0.656819242	0.928570922	0.698763018	0.133734811	0.238126989	0.942407696	0.187246714	0.1440924	0.301464532
0.712248819	0.592927704	0.041202189	0.949475644	0.149171884	0.834980589	0.592635729	0.982236259	0.897378003	0.648495139	0.158938991	0.256476491
0.390925606	0.407246761	0.564373297	0.428179543	0.829825742	0.632162216	0.142457276	0.012085783	0.003196751	0.966137287	0.158861755	0.376991759
0.110480678	0.483607993	0.01279582	0.401168554	0.640973637	0.091200687	0.402067247	0.675217938	0.315173097	0.329942931	0.211568067	0.15153212
0.035390351	0.609116812	0.21335838	0.576185099	0.572945089	0.08759426	0.468379536	0.051961062	0.167625712	0.496767588	0.145160962	0.437575999
0.523008275	0.081808881	0.806481301	0.844232408	0.209860543	0.173694378	0.48341074	0.304073819	0.365978793	0.198405183	0.141813955	0.277595889
0.457353259	0.258295393	0.373111429	0.37221992	0.124128712	0.829013775	0.358049611	0.89323947	0.528033118	0.343498511	0.166483925	0.311637804
0.872846772	0.495809724	0.270068746	0.920202447	0.403152227	0.277099504	0.389264674	0.979264284	0.351865325	0.918053916	0.234236992	0.350534262
0.239560493	0.780532611	0.658695626	0.971035412	0.944104937	0.228716189	0.3575359	0.662863074	0.549720152	0.020746166	0.039290304	0.329798541
0.638491556	0.210542819	0.026573038	0.967449702	0.874800583	0.455421685	0.141931884	0.047681789	0.183803319	0.036377601	0.098651541	0.221573748
0.055413658	0.458124881	0.377724979	0.776149489	0.904361884	0.21426346	0.754183839	0.687858193	0.75587397	0.159220802	0.201121454	0.40630065
0.13715707	0.602783002	0.163429391	0.284523278	0.354699476	0.323171914	0.149685453	0.901207167	0.037068542	0.689121595	0.187798878	0.314805281
0.478102187	0.369922407	0.05966741	0.984048919	0.882228933	0.131647985	0.652266408	0.570911718	0.334918085	0.105721998	0.160966244	0.264173356
0.431196667	0.873451816	0.802768905	0.57506319	0.171559101	0.683941323	0.302765703	0.028507904	0.351247492	0.793788006	0.183695473	0.30357828
0.58258622	0.666391814	0.672397763	0.706707831	0.813653419	0.902649868	0.215341748	0.647454792	0.82166597	0.676768814	0.113851887	0.299291997
0.614810833	0.118162936	0.037154234	0.322366821	0.104208992	0.57207235	0.605870489	0.042503218	0.816743787	0.520172269	0.09191484	0.339451923
0.752881714	0.741080059	0.404971714	0.70446557	0.594615884	0.672436191	0.773079533	0.896890726	0.568498729	0.571531185	0.068575614	0.2218381
0.163087198	0.978861379	0.065968553	0.480411909	0.360903344	0.7165759	0.674336771	0.938726925	0.4383242	0.152903751	0.090854185	0.418138214
0.846970697	0.234343775	0.296810875	0.977701099	0.56911013	0.554304855	0.964356304	0.136154159	0.339785437	0.057101287	0.191225254	0.219512999
0.685510423	0.783577991	0.778276914	0.452571259	0.007484734	0.616848824	0.340566236	0.564902546	0.834676631	0.666111481	0.190940149	0.365993168
0.751521558	0.944122685	0.036144868	0.47796955	0.914928775	0.89417127	0.169655432	0.350941347	0.735698448	0.743459607	0.180089353	0.255677598
0.072820738	0.330253867	0.639350207	0.602587538	0.187683424	0.48378025	0.157770208	0.283410686	0.677814522	0.887601238	0.16256272	0.267935284
0.947235229	0.967463039	0.1047284	0.515102364	0.139656428	0.220797419	0.36219992	0.003305212	0.957883752	0.461297322	0.107856887	0.391462916
0.782249845	0.331793948	0.767030796	0.638399728	0.232125155	0.285096567	0.198542829	0.698778232	0.068477383	0.366358366	0.165758895	0.334173647
0.258189371	0.657223331	0.949350845	0.458502467	0.136698016	0.947042408	0.479493336	0.899725649	0.4420051	0.629332545	0	0.181426942
0.065511152	0.505412709	0.87407342	0.660388509	0.724141979	0.594342084	0.621679941	0.385945583	0.813667085	0.925236156	0.152828958	0.28849166
0.280055538	0.673782794	0.762423582	0.619843233	0.31928437	0.684380416	0.948444087	0.794911639	0.326606796	0.458705122	0.253736717	0.223841696
0.243953334	0.939438983	0.71908034	0.810771615	0.888636405	0.868080207	0.713612999	0.450152437	0.632435941	0.888681888	0.162224123	0.202900233
0.258310491	0.813897074	0.637461514	0.26262532	0.887639312	0.604130816	0.171682877	0.093396804	0.307268117	0.736767852	0.264655504	0.156687148
0.788552808	0.963942132	0.566167507	0.508120645	0.44991942	0.762284477	0.436918092	0.945302576	0.008535882	0.28750479	0.216561329	0.215650314
0.542375046	0.079045634	0.019323779	0.630002987	0.079298501	0.622951932	0.783411899	0.463096884	0.313859949	0.177479013	0.068229286	0.279314105
0.824056764	0.804479755	0.903921588	0.882920594	0.956975174	0.442122822	0.887614095	0.009136315	0.255970323	0.624375686	0.192786478	0.190947743
0.609781134	0.021045257	0.075580073	0.931866627	0.257202543	0.620356029	0.233138018	0.913210341	0.106673615	0.23535514	0.162242326	0.207364161
0.218774861	0.545680678	0.524642348	0.298453507	0.913919099	0.945531237	0.247367979	0.39602018	0.280359017	0.554313861	0.16461331	0.294495705
0.960012756	0.042334974	0.187463001	0.64357394	0.754851825	0.753378472	0.363699443	0.773606562	0.917322476	0.128969205	0.177389143	0.164335595
0.952488294	0.746893052	0.910928041	0.577191026	0.580373376	0.052100856	0.665179022	0.374928617	0.706936468	0.13189556	0.201819527	0.393580482
0.023843202	0.857751124	0.34301096	0.368359991	0.675030013	0.840835176	0.433343292	0.33177999	0.536073589	0.956375443	0.180366622	0.343482913
0.953123082	1	0.999348634	0.689618893	0.915078664	0.207686663	0.625745699	0.177063538	0.973499656	0.379628793	0.131522912	0.181994067
0.197369314	0.108378565	0.231001925	0.410885683	0.04564604	0.536959687	0.988195044	0.362369393	0.800589872	0.852989131	0.200145697	0.293725381
0.420683842	0.785846316	0.0264162	0.875257963	0.81659928	0.051449322	0.587128352	0.392792151	0.89411662	0.941480714	0.10388573	0.347679995
0.139672165	0.087212626	0.257459644	0.623822852	0.175051851	0.903432658	0.340701551	0.105183856	0.565646339	0.154748663	0.264662963	0.201904093
0.426434203	0.362944211	0.157422837	0.562799848	0.736122492	0.363447666	0.809470971	0.163687489	0.368730419	0.145593197	0.100734603	0.251110263
0.805269647	0.219728961	0.126187107	0.961643061	0.317693999	0.891849603	0.421057462	0.036518039	0.030183076	0.300077163	0.095829039	0.210569561
0.186874161	0.962434805	0.758940105	0.488197981	0.459603826	0.004136515	0.634637418	0.23014059	0.234244495	0.435216242	0.107236618	0.273128136
0.426181637	0.086201144	0.598816278	0.384495153	0.053484216	0.246513212	0.960449053	0.230779445	0.551807707	0.564923289	0.215121163	0.428328341
0.284523982	0.056461078	0.571997888	0.597609489	0.735196406	0.147741752	0.766895689	0.346052262	0.040043708	0.064764565	0.106737148	0.42970328
0.987814359	0.22399904	0.344341094	0.709210679	0.932172183	0.694245147	0.951440602	0.350747311	0.831961942	0.26372676	0.164763305	0.335540293
0.004104226	0.840178956	0.867851998	0.952055389	0.737902305	0.23791725	0.717749569	0.244261165	0	0.426272583	0.207554682	0.140342158
0.393697272	0.58937091	0.785019563	0.6093866	0.441994828	0.962186504	0.350915218	0.974768631	0.280804433	0.513745285	0.106112786	0.404703506
0.515912537	0.571430341	0.991900288	0.716172247	0.75645072	0.722297632	0.593095013	0.271369348	0.454758631	0.075148684	0.12736755	0.336789049
0.992495952	0.683160974	0.899185567	0.276859327	0.566040935	0.028345988	0.408324306	0.573573015	0.481366783	0.577907928	0.100380927	0.200017188
0.746189584	0.945458045	0.764448577	0.31703276	0.277320155	0.37730162	0.431760429	0.32825222	0.554606033	0.436435464	0.051935316	0.121939923
0.830661397	0.596780669	0.058390153	0.291131588	0.761371183	0.5891715	0.346186841	0.814453673	0.961123974	0.640227117	0.174056892	0.277965693
0.651667099	0.121969751	0.186818852	0.302912512	0.150020696	0.756466789	0.150423311	0.013236354	0.820333903	0.983152311	0.125667186	0.402615631
0.52605259	0.190765653	0.793457319	0.530893758	0.974301082	0.475184312	0.376587626	0.761009077	0.022710894	0.00043871	0.171183161	0.368740081
0.554951085	0.760317247	0.133017914	0.568926467	0.882119306	0.532171592	0.912724391	0.391711208	0.147001111	0.589011386	0.119309058	0.366585554
0.276488509	0.405045273	0.611837509	0.661179979	0.431687445	0.629756582	0.818025008	0.793417448	0.880433109	0.498628601	0.057074192	0.379388881
0.465726228	0.299694181	0.3874871	0.481075076	0.452704121	0.592251834	0.532863321	0.561522451	0.786409859	0.396925569	0.108834291	0.183726857
0.868294649	0.691983906	0.713668712	0.791542829	0.72158754	0.86336404	0.648859435	0.841116291	0.94439178	0.234894963	0.187674578	0.347167642
0.914547095	0.274557627	0.523421441	0.533612702	0.83615582	0.027924701	0.974383915	0.310817385	0.266227759	0.476279387	0.151420799	0.350425998
0.370032969	0.483156996	0.987035594	0.619218619	0.83792922	0.831410754	0.656581884	0.937125417	0.443217763	0.920267558	0.153716218	0.228059893
0.301915684	0.713730213	0.970878737	0.307007085	0.732426999	0.086239804	0.942316707	0.903469192	0.673677042	0.886235649	0.208038105	0.35818026
0.866043951	0.613934889	0.624612385	0.782337243	0.29035475	0.074103413	0.432000412	0.041981101	0.030293224	0.795164108	0.083146064	0.279936685
0.931084936	0.632244102	0.380135907	0.516550653	0.490112387	0.479852806	0.776631629	0.24599413	0.805822177	0.009543933	0.210989512	0.429508897
0.623638703	0.134577475	0.195016547	0.681916685	0.392138748	0.222886853	0.282781938	0.220355808	0.890873315	0.450352576	0.126013205	0.285544899
0.916302948	0.320160253	0.352247639	0.585322175	0.632403022	0.475840899	0.770191288	0.27026861	0.808126862	0.356847383	0.123056278	0.159439089
0.405060675	0.704040676	0.297871309	0.453366394	0.832709061	0.58631471	0.64224194	0.914740103	0.974382746	0.127776551	0.152249076	0.347438552
0.24884758	0.770713485	0.242067972	0.480248371	0.609656422	0.985154453	0.591187526	0.960760856	0.052628775	0.945057947	0.122724304	0.44488075
0.013173293	0.581393662	0.21918408	0.553488524	0.484874486	0.262043956	0.170736769	0.379316098	0.13052243	0.888977556	0.240331969	0.076141728
0.370174191	0.808078452	0.881017498	0.841718625	0.45194848	0.386594486	0.18954668	0.268559994	0.924970895	0.39101434	0.141867315	0.207358609
0.834248839	0.194736731	0.430531295	0.323426726	0.409390866	0.968682259	0.620913986	0.86928323	0.051240838	0.188554125	0.098970302	0.340904826
0.958544958	0.468107283	0.695271783	0.714908374	0.275713692	0.907836337	0.230246498	0.795485582	0.676309335	0.828659538	0.120938063	0.268417518
0.323518144	0.000432438	0.606679925	0.676726044	0.245563407	0.89820792	0.295625556	0.837469008	0.853361942	0.658046208	0.122458567	0.364332527
0.669088242	0.070841323	0.733415303	0.444998382	0.391370831	0.369132426	0.275537852	0.204392304	0.905430942	0.517175594	0.056556021	0.152735668
0.47052821	0.867868445	0.088979953	0.49997535	0.059772265	0.619853457	0.744270096	0.815629871	0.170791592	0.469892273	0.190488029	0.352949637
0.632483268	0.078138445	0.789450374	0.344166237	0.607780796	0.581081572	0.86036147	0.912461548	0.834705061	0.574501906	0.141132761	0.2479492
0.810024967	0.026330386	0.628087334	0.528184086	0.950134197	0.866554704	0.17871395	0.735666027	0.377091011	0.124742437	0.168099204	0.308709485
0.310061524	0.083321443	0.927027923	0.841528823	0.775754911	0.334684571	0.591632807	0.463955014	0.330954559	0.998487448	0.233204131	0.369166128
0.857918713	0.804108467	0.574566757	0.279241136	0.65704449	0.488476286	0.275832951	0.050228488	0.634761796	0.18945251	0.167488894	0.306887031
0.389930057	0.955891244	0.439474456	0.96862516	0.002421505	0.342767695	0.257865049	0.62351159	0.487842222	0.455792466	0.138420252	0.195990651
0.196333285	0.910474219	0.723545663	0.952898786	0.283688866	0.407938289	0.676944568	0.711375335	0.234974811	0.848874951	0.177512717	0.157751448
0.862429641	0.8252292	0.475993104	0.459168893	0.193795143	0.394908725	0.370543883	0.401764277	0.787567614	0.361011539	0.05793602	0.200268294
0.76256378	0.664027977	0.668056045	0.724663036	0.060443777	0.544233883	0.412422995	0.052812566	0.284702575	0.197672563	0.158328347	0.314607874
0.998508488	0.214023155	0.154574285	0.480843325	0.151470418	0.246394476	0.125984422	0.672216057	0.79879401	0.975498519	0.211763088	0.380504838
0.686079597	0.47350121	0.866937342	0.723208553	0.407773319	0.388557368	0.767071194	0.391565778	1	0.070401716	0.180201394	0.332075699
0.457395146	0.099012798	0.644993646	0.277761048	0.679333302	0.790999127	0.775053786	0.737659193	0.046093359	0.799591926	0.198595019	0.039546493
0.524132408	0.093532234	0.01320014	0.965596063	0.811803207	0.709159977	0.730174404	0.235409455	0.982323852	0.297972448	0.126446519	0.135322803
0.573189048	0.566712843	0.907166135	0.364949229	0.886219024	0.407167559	0.395546976	0.404887518	0.774144839	0.439576814	0.149432441	0.143805647
0.855344857	0.517642942	0.221431668	0.988820407	0.680885403	0.185423042	0.545436564	0.625476803	0.480835368	0.747597047	0.153841855	0.249528804
0.36575363	0.540693378	0.046607198	0.320406327	0.336802072	0.78016143	0.761994704	0.86332825	0.628118589	0.534131238	0.119508682	0.23784454
0.621933108	0.158789228	0.066417177	0.840770679	0.953325247	0.286683878	0.872836763	0.458691027	0.012637401	0.765477635	0.188521331	0.298124108
0.820868624	0.546841021	0.351135687	0.396369726	0.241669509	0.10148982	0.549958524	0.576818164	0.576605448	0.170873723	0.224998399	0.285443121
0.464954406	0.392589093	0.2356799	0.852265758	0.94142227	0.99272198	0.47447723	0.425315889	0.944926793	0.143104269	0.121037152	0.223017517
0.427207925	0.816738332	0.797999219	0.707846213	0.840066119	0.533517798	0.616605094	0.145629265	0.42776967	0.573898475	0.080691366	0.493195387
0.607320018	0.976281265	0.106287298	0.347462766	0.723207677	0.505644284	0.495770008	0	0.67311246	0.626833368	0.19578094	0.315308573
0.869869546	0.851735275	0.606034765	0.575522731	0.487628645	0.695350411	0.271451619	0.66624609	0.975515076	0.231440916	0.221517013	0.363693372
0.109990612	0.152673616	0.117876315	0.79788997	0.585902291	0.484661235	0.740362072	0.249943686	0.653511372	0.834926811	0.160772963	0.298716458
0.245542451	0.88316391	0.290647713	0.626196041	0.131783964	0.637234233	0.821056982	0.571931427	0.614444122	0.707142881	0.130861812	0.463499327
0.200957427	0.403785016	0.597359624	0.353644339	0.591891655	0.845996106	0.852593216	0.596440051	0.514613254	0.839389255	0.103258756	0.290194751
0.276280422	0.413086234	0.569720734	0.386317478	0.568850196	0.57805706	0.408130744	0.707639022	0.779565298	0.455307907	0.181264154	0.204043833
0.181472096	0.846857037	0.037424135	0.340778539	0.796536605	0.1147267	0.466420763	0.627370961	0.402433349	0.578333827	0.130581943	0.274669144
0.815058823	0.206834079	0.814534514	0.585765578	0.402390508	0.461340452	0.94260139	0.494930235	0.387080054	0.556099187	0.201367966	0.401222911
0.697781304	0.329585394	0.942272259	0.629980015	0.145514501	0.549599532	0.119428097	0.577945756	0.99743938	0.476700492	0.168134633	0.352137267
0.720248497	0.608413137	0.096556204	0.632068753	0.772334146	0.669030575	0.626616006	0.050115107	0.650660583	0.159828644	0.158320983	0.12149533
0.289047061	0.150310496	0.06424825	0.381553584	0.165390668	0.991893831	0.25781856	0.160578217	0.830952077	0.185431626	0.180157283	0.297045667
0.603080159	0.582506033	0.678806432	0.505619557	0.013481963	0.784202895	0.978162385	0.924782219	0.362918891	0.917720116	0.127145021	0.39918431
0.149067598	0.015791179	0.42566173	0.685617374	0.751041656	0.355447407	0.832925866	0.276603537	0.040643043	0.775003792	0.086872992	0.110975012
0.312015419	0.764538905	0.797677948	0.826456254	0.797795066	0.957980134	0.351844364	0.354333754	0.714172446	0.244871584	0.104987498	0.420570205
0.021069567	0.604603928	0.637174014	0.829910711	0.124987323	0.6155067	0.817289396	0.305152396	0.042130043	0.861482115	0.242305501	0.386247857
0.752302642	0.810549566	0.742386041	0.496199762	0.011891884	0.285619033	0.407904091	0.749701695	0.474830018	0.516892358	0.179109695	0.338785689
0.904203205	0.125958462	0.521987061	0.75001311	0.039485037	0.397286431	0.166564179	0.676861605	0.097491346	0.709765524	0.21763937	0.12911001
0.454909711	0.233214462	0.981426451	0.684111679	0.016322098	0.837744689	0.740898234	0.786609746	0.702430172	0.674383018	0.124463759	0.269403555
0.869509739	0.534012512	0.558770339	0.910061584	0.937584535	0.392575918	0.916848902	0.591228011	0.796307614	0.440069567	0.20180746	0.049254745
0.166054417	0.263766162	0.463903853	0.348574483	0.411922596	0.384909813	0.20985098	0.089583073	0.441908726	0.680358105	0.328329716	0.263441245
0.429970961	0.543787585	0.972490559	0.806607262	0.949375189	0.208789198	0.679470579	0.878674061	0.341085214	0.384578697	0.179823836	0.197373472
0.271490215	0.801970637	0.036402474	0.64820719	0.307543929	0.061139662	0.928481619	0.691569992	0.381469148	0.944123296	0.175768417	0.318050147
0.772501677	0.765070033	0.36933093	0.678965256	0.901419519	0.806119522	0.339521825	0.054622139	0.250443521	0.787367994	0.219719246	0.317852111
0.708060281	0.094429377	0.524913707	0.359755507	0.499104173	0.605681553	0.981306549	0.49049505	0.425282397	0.447253021	0.20204299	0.330809949
0.773781932	0.484650502	0.569162969	0.462424704	0.621334371	0.921041728	0.758377718	0.289949984	0.521422551	0.032662815	0.06281912	0.136522951
0.017285104	0.734796622	0.160305446	0.48779825	0.838359317	0.54813736	0.140429293	0.816643445	0.8314831	0.978996215	0.144755787	0.29390391
0.620783282	0.826941828	0.713132539	0.67622757	0.175342648	0.830650249	0.76425184	0.108989318	0.121844893	0.797036283	0.154399583	0.203760289
0.882436488	0.773352227	0.584393252	0.582143441	0.367614168	0.485611167	0.249847873	0.836597033	0.855330114	0.230085105	0.174132683	0.250481852
0.579799908	0.367851582	0.333017607	0.88089021	0.176159707	0.535588512	0.727861482	0.50779459	0.035120846	0.666693324	0.177075054	0.42744089
0.529898414	0.69538927	0.300419273	0.576417648	0.265681862	0.494629982	0.823739537	0.499268631	0.831896024	0.705808129	0.227348267	0.49106344
0.440898951	0.12362983	0.754535007	0.872228227	0.107637035	0.299866212	0.621589194	0.528670561	0.748972482	0.210824998	0.189938989	0.397619725
0.464802283	0.686076157	0.453745518	0.436623258	0.771809615	0.656363904	0.648971639	0.42039408	0.14265741	0.676645158	0.119105302	0.2155001
0.609090833	0.35951142	0.130627598	0.338826926	0.507457847	0.286370299	0.670299768	0.442358872	0.286298586	0.185174694	0.202155881	0.14359189
0.896677383	0.422449526	0.259062961	0.416902423	0.458801753	0.856469664	0.388718766	0.950483486	0.677954743	0.927059381	0.117750604	0.452992002
0.839620281	0.095281097	0.858635437	0.508670437	0.132429658	0.042248897	0.983977252	0.615482778	0.214901783	0.857060683	0.215525775	0.338180243
0.093251515	0.961199618	0.622170825	0.289242829	0.498653462	0.138481013	0.597597364	0.970325281	0.010993992	0.856381389	0.191654319	0.275108511
0.174782623	0.348812632	0.977246485	0.984042712	0.666190313	0.531405624	0.691621165	0.066194301	0.149721794	0.349508583	0.236714662	0.199835867
0.071927256	0.493620567	0.068856396	0.904963876	0.211068527	0.021070002	0.891624369	0.224471664	0.817614328	0.013253758	0.113594928	0.310056855
0.67739402	0.900595509	0.689531591	0.319858006	0	0.142653866	0.833650605	0.62993378	0.406142642	0.360793801	0.24250253	0.145193407
0.4251823	0.689689463	0.406269489	0.618791678	0.865225089	0.797262765	0.164431903	0.376770679	0.021872178	0.628277301	0.173080329	0.274246658
0.739212008	0.274024879	0.941200649	0.941470489	0.645049689	0.999912722	0.627155124	0.567386358	0.479744214	0.292615556	0.19322677	0.470715693
0.170567819	0.359782914	0.19012294	0.64748318	0.610018734	0.681065859	0.768708446	0.919550811	0.239058076	0.848597843	0.171232902	0.278420106
0.265783987	0.819495712	0.424218487	0.879006614	0.229167944	0.690979518	0.759974929	0.761628533	0.926312537	0.16099817	0.086976744	0.269040922
0.482238988	0.078178607	0.484276182	0.808788142	0.686045485	0.000117511	0.437686959	0.962574043	0.070916638	0.715511098	0.172456406	0.292626026
0.533874345	0.779163352	0.067067013	0.556706504	0.503101942	0.839831833	0.449916879	0.332415137	0.548670705	0.728338816	0.082231871	0.205634644
0.021504595	0.518789786	0.569268297	0.779971752	0.502667292	0.47491825	0.89137305	0.903651622	0.385468707	0.389800522	0.172847358	0.54041742
0.577550984	0.69387718	0.30120626	0.716143602	0.557882094	0.533129376	0.137979695	0.226192731	0.962917869	0.929366622	0.144749826	0.25212793
0.341157817	0.589740949	0.027492577	0.605955079	0.627721228	0.281015031	0.572045179	0.29455101	0.6001184	0.58528892	0.206437854	0.241001136
0.47086244	0.127175136	0.226852878	0.953019074	0.466353718	0.744101855	0.722705355	0.956125035	0.340329973	0.591321311	0.230708469	0.120546638
0.630250484	0.755526069	0.535163225	0.291338834	0.998011198	0.530678918	0.141003577	0.530811586	0.16685167	0.247539414	0.035356116	0.215622208