0.694631741	0.675298578	0.807568796	0.192837558	0.843575545	0.177952111	0.338548501	0.345662096	0.152435906	0.319419341
0.858497888	0.609907515	0.726937715	0.201565985	0.675532435	0.316077446	0.527759688	0.935727585	0.861113458	0.015084064
0.743027694	0.582237634	0.756988821	0.26937306	0.7239083	0.204292507	0.108221605	0.865208773	0.519850964	0.843480333
0.299745056	0.590167534	0.871468912	0.272072401	0.919411522	0.331690899	0.909443695	0.976000573	0.411739477	0.745904808
0.628879984	0.573499085	0.742135023	0.161968815	0.855972146	0.296137605	0.66227974	0.142225947	0.14146589	0.11847506
0.412758722	0.642538293	0.759155102	0.251044253	0.901009206	0.28497013	0.991372629	0.447974407	0.004334781	0.503980718
0.600160057	0.787876633	0.765519207	0.245063208	0.981843472	0.354608598	0.001612376	0.918021139	0.889154081	0.11324224
0.122027982	0.749691613	0.858448223	0.252624386	0.943365474	0.025817444	0.054505454	0.420099645	0.040732957	0.00925003
0.291590742	0.599105038	0.811760049	0.271435387	0.697966856	0.184817863	0.505058756	0.910797665	0.551822838	0.065126851
0.147671921	0.592735729	0.816812079	0.206204169	0.838323825	0.259364743	0.147201296	0.231935271	0.436485178	0.311455734
0.268615644	0.782477195	0.800651715	0.416458094	0.739151701	0.216033971	0.070846673	0.876144852	0.458933186	0.526981151
0.05239833	0.737434871	0.93538922	0.324238026	0.782806234	0.340374648	0.874144411	0.838063776	0.717441814	0.705882587
0.31851042	0.654638209	0.750836549	0.278117642	0.931470763	0.337339785	0.812315202	0.629180883	0.562691496	0.50011758
0.362952596	0.663108855	0.800839365	0.191516024	0.671004404	0.22803201	0.726549521	0.199783471	0.131486555	0.183240942
0.503048263	0.551810928	0.804247915	0.205229151	0.779177988	0.188692473	0.005176165	0.967601755	0.487806548	0.349034737
0.238951743	0.633367568	0.917163804	0.156065963	0.699763755	0.16022206	0.151197215	0.682871741	0.822473967	0.72758701
0.785120636	0.620012701	0.854261399	0.297057425	0.69744354	0.215586643	0.429996957	0.188792551	0.817847454	0.659952062
0.624405271	0.570755109	0.968976611	0.271706974	0.968244786	0.167280296	0.554144152	0.357708039	0.364465276	0.932638705
0.688163387	0.640959999	0.868561219	0.237634237	0.936241634	0.169332005	0.965674097	0.201680606	0.55602221	0.146457185
0.619473837	0.694790642	0.747081186	0.28631209	0.825479077	0.142456369	0.847845702	0.324435339	0.036744812	0.470969335
0.819878397	0.636548304	0.749888679	0.30476379	0.919200631	0.202448803	0.300703777	0.683276167	0.24398347	0.819208443
0.303102564	0.623914637	0.772019925	0.292385239	0.936626213	0.213550791	0.736717147	0.223505495	0.759329864	0.408907672
0.355560322	0.669120845	0.840593312	0.147085307	0.99707636	0.145697898	0.188901283	0.705011503	0.747215226	0.140973075
0.533984893	0.608989193	0.837998245	0.253030169	0.795075101	0.071268575	0.380640959	0.822522187	0.587593497	0.841009371
0.858835182	0.760662253	0.801097623	0.200560284	0.989443441	0.316421841	0.61814372	0.455786097	0.109518027	0.2712896
0.293089113	0.63509802	0.711374776	0.121491959	0.685408173	0.221013622	0.944481152	0.917403398	0.28570903	0.382215346
0.569156534	0.819508934	0.861372369	0.103385603	0.856605815	0.290896424	0.853997246	0.175487634	0.38313112	0.428883869
0.489065763	0.624359529	0.872255586	0.104048684	0.888403121	0.1262727	0.502582022	0.535286272	0.947296717	0.878193889
0.542205638	0.724202983	0.661083884	0.29848379	0.836514138	0.244907115	0.436731397	0.964309206	0.79885996	0.63217485
0.189126527	0.672588068	0.670784056	0.158025931	0.759746749	0.28498028	0.815696085	0.281140622	0.836850806	0.425575264
0.867447359	0.609376116	0.752803269	0.152912791	0.835115727	0.104344373	0.560510449	0.110885524	0.123057252	0.557225283
0.826007238	0.822317619	0.71797824	0.184504068	0.729927233	0.272572522	0.418689944	0.574088457	0.129288249	0.684841066
0.024266758	0.592379066	0.724932104	0.335870825	0.934632409	0.145805779	0.934029335	0.544014775	0.080319337	0.678910497
0.586384548	0.710778462	0.85171513	0.217315385	0.882421934	0.260686612	0.53284445	0.491709598	0.510725122	0.390619551
0.117429523	0.558878143	0.852590329	0.237737979	0.924587242	0.351609055	0.289013092	0.37728894	0.236514859	0.827201706
0.851090316	0.551970777	0.7950518	0.314198471	0.905055706	0.066221101	0.417395669	0.292493434	0.930776691	0.683206795
0.162249977	0.584876175	0.815513932	0.029189526	0.680666224	0.159786131	0.444714895	0.105739172	0.688178578	0.151216304
0.44481401	0.588044073	0.788925117	0.293613407	0.708047034	0.253899758	0.662035434	0.097566392	0.457495864	0.68847224
0.207672962	0.613290535	0.968967767	0.348786709	0.721202597	0.310951332	0.632346156	0.006902572	0.617450806	0.231211718
0.886546974	0.743551682	0.794884094	0.335429741	0.941981738	0.255208154	0.062883151	0.409923228	0.687518824	0.030269311
0.089223699	0.812937555	0.841846951	0.248038988	0.840553671	0.16656006	0.828713082	0.516223985	0.005475577	0.346820034
0.438864483	0.733953681	0.723404825	0.022891212	0.931151908	0.059240436	0.429668114	0.807708852	0.465009757	0.280254327
0.402141287	0.600989004	0.844777652	0.311423633	0.713909281	0.2924088	0.500945025	0.580810846	0.385561958	0.485902505
0.933875951	0.795450973	0.732045015	0.295684627	0.869837852	0.131526697	0.63532614	0.702650302	0.290671812	0.41786539
0.138671258	0.605330061	0.789392051	0.106437439	0.84332603	0.285225888	0.730526825	0.331519783	0.43386019	0.430692166
0.477440114	0.682620061	0.941247969	0.12447676	0.693376478	0.168404332	0.825923595	0.654307823	0.981092819	0.154434458
0.869683725	0.771142849	0.728068221	0.246107451	0.895471554	0.092500585	0.643485566	0.944592797	0.665651725	0.283112881
0.148165148	0.570698533	0.926470958	0.197835241	0.884266767	0.302925496	0.331334371	0.258566138	0.216387567	0.196071751
1	0.70177938	0.837384002	0.33082138	0.798639379	0.206259303	0.093047204	0.459756151	0.097264814	0.364079796
0.168780174	0.671170328	0.693780041	0.138506619	0.663788786	0.265102044	0.649974277	0.784055828	0.491051358	0.022906589
0.27097446	0.698951501	0.740678441	0.152022563	0.839713342	0.211474877	0.608002979	0.2640467	0.144310208	0.432876604
0.794505104	0.666736459	0.820186319	0.214313353	0.951052702	0.286396511	0.384949463	0.455689568	0.968418839	0.892841911
0.87406504	0.791990512	0.815318255	0.219664316	0.819591628	0.177035157	0.19212453	0.599699615	0.302740092	0.529963411
0.066474541	0.786191197	0.774888951	0.228423567	0.84008523	0.28122826	0.118072066	0.830789314	0.170404957	0.489891326
0.936344908	0.682492486	0.911887737	0.200599151	0.898294792	0.180847001	0.462536578	0.071876116	0.027633076	0.844118886
0.0937281	0.641033917	0.936854689	0.311286257	0.6761444	0.194899616	0.88861915	0.513931085	0.133631364	0.703122279
0.306851542	0.723307907	0.82187326	0.199681584	0.981014935	0.069042523	0.213893868	0.401504531	0.342134148	0.652552172
0.55293579	0.644295855	0.793578379	0.195070162	0.727796926	0.127400892	0.050932296	0.661887048	0.053133912	0.871260566
0.414571122	0.623674551	0.73196208	0.309273032	0.992933173	0.26332271	0.424543975	0.215222953	0.509500036	0.97754526
0.066375817	0.749558046	0.83737916	0.26090563	0.901993709	0.166404264	0.510041323	0.695723717	0.085465813	0.02256099
0.243220789	0.65182973	0.753054905	0.170455398	0.678294241	0.222729897	0.51627432	0.310929856	0.532900551	0.502553232
0.472744486	0.66424542	0.724199284	0.137976551	0.786968634	0.145200551	0.717442096	0.627395598	0.883396924	0.878360469
0.320555035	0.681767192	0.793372024	0.29441724	0.669292474	0.089826888	0.098899883	0.064664594	0.977768259	0.386562623
0.47534647	0.629657956	0.807712235	0.346636538	0.831492381	0.173960883	0.783529146	0.312154299	0.267343609	0.128678575
0.853726464	0.80535558	0.780888291	0	0.7751332	0.176942945	1	0.913171201	0.866516411	0.171716597
0.33071759	0.663339574	0.962213135	0.150198056	0.864695254	0.220260278	0.875241233	0.191862821	0.136054926	0.080820537
0.807218461	0.803736946	0.908937999	0.251691209	0.736002998	0.111094077	0.299553064	0.241778224	0.584121751	0.694899526
0.149846626	0.570915072	0.833677987	0.154891159	0.752795808	0.253061478	0.097083475	0.105728312	0.1751503	0.216660975
0.263674259	0.685906761	0.863400709	0.278864813	0.747583176	0.264628006	0.516196063	0.408139682	0.909077424	0.66331875
0.974723353	0.63217275	0.788354542	0.198897571	0.824138812	0.169715869	0.417746987	0.561938465	0.882029961	0.750418338
0.176640915	0.564194527	0.870050591	0.262793521	0.768937711	0.257652199	0.653178113	0.021476089	0.846755344	0.97590884
0.834975242	0.639042416	0.774847857	0.261037526	0.742296966	0.145791643	0.606763147	0.063736708	0.828236125	0.833741448
0.544291239	0.611961383	0.920735373	0.379438044	0.688510879	0.13699344	0.765089726	0.17118809	0.653699214	0.850214125
0.914967765	0.659118245	0.93010599	0.303847564	0.836613073	0.067638675	0.824914067	0.892997496	0.000866376	0.16558643
0.285518773	0.72573097	0.790616675	0.297196532	1	0.088826127	0.743508773	0.609482558	0.073259536	0.306358281
0.161710473	0.625977401	0.855149035	0.183576052	0.947002747	0.352579252	0.83471543	0.182256478	0.547009116	0.501785249
0.794071336	0.608618431	0.767062315	0.037760318	0.83368656	0.19596023	0.919396734	0.45395357	0.516218961	0.635092974
0.549250157	0.626457122	0.789726325	0.226383212	0.79621274	0.154869575	0.903655602	0.205723481	0.470944753	0.441539324
0.458842516	0.716422487	0.737205665	0.180662252	0.874066176	0.306117603	0.55045369	0.230053279	0.921615042	0.872241167
0.138186886	0.744727223	0.871147279	0.365415627	0.998296888	0.052189877	0.528507499	0.734980764	0.433101614	0.936553438
0.411836127	0.564961105	0.861186161	0.122290378	0.68063196	0.245796966	0.702218488	0.154560354	0.206930183	0.641358142
0.744526979	0.571134908	0.836721697	0.181073847	0.818322996	0.252904243	0.36656091	0.078983415	0.167474572	0.599883713
0.664425031	0.558509689	0.814431943	0.318138722	0.997471485	0.282471852	0.765693388	0.625364185	0.815662843	0.562159677
0.689952936	0.786393916	0.855338795	0.094131023	0.821766512	0.279188367	0.510174852	0.172672205	0.234580379	0.408960174
0.538668485	0.56728002	0.680162703	0.158056479	0.854995662	0.133510968	0.454782154	0.484839055	0.629567116	0.046371352
0.224206176	0.795891847	0.795511746	0.296394931	0.710880018	0.246718862	0.040484339	0.751749728	0.276792618	0.487803374
0.48917752	0.809848702	0.771941513	0.166012407	0.671161803	0.158767219	0.767189312	0.309225157	0.94711365	0.977154254
0.262163846	0.635670825	1	0.238693729	0.682136657	0	0.023955595	0.786696357	0.839932207	0.768527895
0.312140116	0.774881342	0.799762288	0.138414858	0.816016472	0.249960419	0.94560483	0.587924843	0.151733639	0.060697016
0.266615287	0.663822088	0.704390863	0.389834504	0.770657421	0.235619864	0.74175677	0.356500677	0.227139018	0.58638593
0.525798559	0.559286725	0.713931358	0.363429383	0.832625873	0.238342534	0.707696638	0.108834999	0.570507819	0.700501482
0.478556182	0.826329191	0.842642446	0.38879423	0.699444418	0.114580226	0.547561797	0.719432737	0.401018698	0.867916501
0.898879928	0.589746007	0.81991603	0.398093207	0.761606864	0.263025674	0.414006295	0.678602952	0.570730832	0.00048181
0.383627674	0.582151986	0.813118832	0.193738063	0.658495677	0.175216504	0.331968485	0.401712027	0.958598882	0.725245752
0.254771408	0.729153735	0.840221636	0.078788667	0.984915743	0.220143045	0.846897188	0.228133635	0.788017368	0.966215535
0.78843531	0.58706242	0.676626796	0.128612388	0.736755435	0.142785936	0.898152561	0.18202896	0.499410933	0.836681416
0.359470919	0.692443802	0.728898712	0.16546782	0.931855962	0.195906659	0.386605272	0.58351648	0.851571992	0.038869437
0.397262603	0.565571307	0.829945232	0.276034051	0.658185033	0.240899243	0.662129686	0.526908338	0.853036919	0.268481879
0.417339145	0.590869321	0.585611895	0.181468362	0.930708573	0.105483505	0.14047835	0.054017083	0.478451666	0.820749376
0.531312309	0.701390908	0.71761215	0.369306781	0.92352718	0.230150466	0.766076577	0.022879799	0.348186302	0.073246238
0.421154163	0.608550839	0.872086446	0.249730809	0.900715736	0.195408055	0.993329872	0.026081134	0.528784645	0.020883241
0.534476879	0.774005391	0.729061826	0.25392196	0.873971052	0.247184572	0.223009621	0.409612801	0.549641279	0.202142562
0.998584288	0.613471943	0.767296196	0.197353871	0.935208769	0.17686551	0.605804557	0.671420559	0.413913144	0.410438917
0.078045413	0.710013536	0.683301656	0.257903954	0.745412523	0.335933771	0.184933084	0.722006027	0.867468766	0.434146406
0.400950457	0.740222927	0.839968832	0.157042334	0.875587928	0.15922115	0.767483604	0.022761551	0.331844364	0.551973082
0.173709213	0.735263913	0.814810477	0.209829379	0.845029397	0.300851894	0.523372482	0.881281387	0.626255349	0.826319555
0.571384314	0.808539851	0.851081185	0.341597986	0.94454843	0.175228842	0.696427509	0.142500923	0.608448394	0.272789424
0.659630486	0.631003175	0.872887065	0.171376134	0.808680311	0.224520994	0.575994116	0.03945302	0.480669513	0.767116852
0.237911548	0.55364104	0.782528035	0.128662756	0.80077148	0.176527841	0.730534118	0.180366186	0.348084429	0.294559653
0.986433419	0.608423072	0.813444222	0.08576539	0.699575055	0.128061403	0.158894892	0.756144892	0.919123213	0.616129707
0.140176988	0.715834524	0.688890684	0.285715462	0.742642467	0.089134115	0.888275379	0.986963962	0.851988821	0.716891349
0.783166436	0.72226043	0.816049526	0.2746339	0.97563374	0.188137745	0.540947039	0.142364137	0.506066715	0.316958268
0.951487942	0.779230477	0.90334332	0.186066772	0.885843433	0.278648742	0.491913715	0.960253898	0.979799994	0.453638723
0.212752686	0.784490373	0.900123572	0.125194109	0.799184586	0.092838125	0.203885311	0.162794409	0.673935242	0.951487322
0.206959271	0.727947754	0.816158968	0.267070312	0.717754628	0.197908977	0.996828014	0.766711926	0.163382967	0.095834073
0.887815617	0.574692145	0.663299034	0.293263275	0.913004029	0.209893482	0.451826406	0.749624904	0.283709276	0.932155681
0.546900054	0.775051648	0.836233043	0.280882716	0.664910896	0.246058489	0.812510941	0.090412629	0.645449405	0.799961072
0.307202942	0.675990636	0.877720465	0.204570749	0.67859765	0.211479652	0.994761457	0.126617312	0.839253641	0.04657318
0.344448189	0.80226256	0.948181402	0.284394544	0.776081636	0.169239707	0.979671545	0.527486422	0.18948922	0.568666458
0.170720008	0.574053124	0.908329429	0.231114094	0.743971723	0.159024854	0.927371063	0.767619081	0.510012745	0.498517344
0.780212488	0.740933121	0.756048943	0.24531279	0.877536086	0.287417022	0.750112638	0.722924992	0.179543604	0.665948558
0.719254394	0.80196118	0.712257706	0.231948842	0.860447469	0.314467543	0.86309039	0.547958494	0.616017601	0
0.599834096	0.636898994	0.805468763	0.116463518	0.911616338	0.261235303	0.531116942	0.098991494	0.599187338	1
0.906921703	0.696775879	0.76975105	0.114957549	0.935612687	0.08951111	0.940955389	0.257247641	0.447820241	0.154845305
0.804116198	0.697843787	0.770445863	0.246191503	0.844692045	0.352996239	0.22860273	0.818396882	0.913404662	0.873335894
0.013691905	0.698464021	0.806598027	0.139652436	0.874800358	0.243179777	0.943812714	0.809454286	0.435199585	0.235223728
0.748575174	0.776609137	0.663026549	0.243018566	0.954038248	0.124089249	0.0171262	0.627813319	0.185076565	0.089177395
0.281136265	0.82768671	0.74172438	0.177816007	0.677972344	0.295372268	0.741906719	0.598670733	0.665408156	0.082925887
0.614868152	0.725861208	0.880372744	0.173255773	0.963069581	0.385538222	0.725245362	0.740580338	0.433881376	0.540347062
0.051304658	0.699393627	0.87742373	0.214174995	0.888425527	0.235922321	0.97450434	0.69775312	0.478613061	0.488297311
0.571315628	0.817927695	0.913071056	0.353122741	0.660591418	0.161024954	0.385620255	0.920147826	0.433877355	0.856570758
0.176941999	0.664205915	0.752242638	0.170347702	0.914052981	0.198825209	0.005915159	0.950603623	0.041995867	0.855277281
0.039691482	0.653059221	0.774351627	0.266093267	0.693405955	0.118576271	0.143434526	0.998479796	0.844803668	0.915999291
0.99120259	0.690998425	0.663689657	0.333502761	0.747795845	0.30048564	0.096002249	0.375939521	0.673678439	0.20225415
0.44721119	0.802679924	0.802295321	0.078961779	0.738049337	0.291418655	0.155136169	0.224416226	0.701101856	0.232418725
0.19550851	0.74885032	0.79619893	0.357397194	0.972871815	0.25023507	0.561262984	0.572951143	0.665431681	0.472252602
0.311776325	0.726983462	0.886779228	0.227981856	0.729611573	0.259028986	0.891580547	0.818795236	0.004316658	0.263478485
0.11669969	0.68030923	0.834714428	0.431378058	0.722128742	0.235846011	0.773398197	0.529762713	0.508051012	0.666362162
0.806611387	0.658246253	0.819826511	0.133722575	0.978517596	0.123914502	0.429593866	0.071604449	0.436293153	0.014001825
0.235692238	0.771627277	0.789030947	0.327633419	0.95863696	0.139974313	0.671549213	0.647195495	0.643152594	0.60563107
0.975073898	0.618240191	0.742763007	0.151192766	0.88262628	0.040786566	0.858992714	0.291984944	0.12802822	0.228208087
0.968319499	0.646169821	0.802699021	0.200550382	0.838672778	0.280193157	0.14141907	0.626395824	0.969158802	0.071704601
0.458630881	0.635012865	0.91929277	0.278157456	0.837618736	0.158326826	0.122606342	0.431378104	0.380227762	0.54264264
0.149580679	0.5521393	0.70145887	0.2887537	0.942015122	0.022659116	0.622253706	0.06555494	0.402457259	0.025920839
0.484411168	0.576897187	0.728221642	0.298071421	0.883953767	0.321601045	0.322331378	0.356747468	0.073121979	0.019623301
0.29368859	0.641432534	0.691043	0.154073638	0.996328252	0.297789743	0.154433594	0.051646199	0.937817209	0.497669787
0.337725361	0.71953689	0.744945383	0.029853739	0.694679514	0.197929306	0.867447161	0.87114045	0.723543181	0.018836289
0.793133213	0.729358186	0.802690916	0.146600471	0.90756111	0.165350891	0.202357581	0.78952405	0.860759678	0.348713626
0.44178828	0.676374571	0.92079498	0.152890294	0.755334096	0.14428077	0.090821828	0.194078828	0.973909209	0.420395487
0.450370307	0.743106873	0.771311549	0.329760607	0.954905601	0.285135651	0.883967282	0.225895791	0.122583325	0.34031137
0.439001776	0.762589579	0.84027164	0.264735476	0.723195715	0.395878205	0.557480697	0.087423317	0.043360764	0.76974584
0.759437815	0.690721544	0.796399246	0.293087005	0.795450783	0.123511735	0.637992439	0.244734281	0.305982486	0.877009304
0.611071032	0.714833614	0.764736015	0.251968759	0.972843843	0.246276732	0.175437255	0.807165698	0.091319472	0.12868394
0.330265117	0.757530835	0.817059293	0.204374256	0.92316053	0.103172624	0.313680414	0.904750419	0.791113121	0.13831835
0.612390098	0.81144023	0.811177665	0.238961386	0.732416757	0.215932991	0.867470141	0.954037756	0.682890077	0.674287777
0.017808807	0.774286399	0.676589581	0.199758042	0.953115742	0.207578649	0.630959502	0.003442968	0.197666539	0.852108003
0.096275744	0.718365683	0.798226468	0.127423396	0.813140444	0.247568668	0.387809142	0.071196524	0.760420504	0.257988852
0.41547537	0.596359198	0.758469577	0.292853965	0.859745064	0.246930005	0.097820967	0.314256002	0.276372417	0.778380923
0.178187743	0.807840206	0.887322138	0.150124059	0.945068738	0.26270678	0.543613079	0.791459717	0.614746981	0.802615993
0.787261762	0.767052976	0.622269987	0.249950123	0.76462134	0.097717992	0.389983071	0.765783329	0.630321693	0.841086498
0.007937803	0.774687479	0.828643726	0.139764856	0.852758955	0.189927341	0.518666717	0.986695328	0.342807807	0.004890035
0.232579338	0.753268848	0.853567778	0.303661856	0.832835419	0.262870924	0.824434747	0.629826681	0.308676317	0.027048165
0.793566225	0.758699703	0.689027431	0.234353658	0.697096627	0.27060025	0.277259268	0.377703704	0.980593003	0.435052709
0.960941652	0.666242644	0.796706849	0.195282057	0.935095279	0.340887811	0.392722178	0.04657498	0.853864964	0.424802733
0.378105679	0.595030778	0.786684023	0.33893715	0.941264369	0.084427613	0.563474856	0.262841569	0.019515322	0.870155385
0.316632733	0.732076351	0.79140947	0.122133399	0.857284884	0.033336145	0.967628389	0.84173356	0.440672089	0.538414648
0.689807344	0.83981085	0.227954576	0.739977683	0.768493559	0.643567731	0.137036627	0.392251945	0.866977954	0.329276932
0.11796893	0.872252984	0.775119709	0.609021114	0.878872405	0.636339439	0.779679563	0.397218648	0.468064845	0.535189632
0.163522878	0.856680388	0.506613049	0.575981982	0.81336642	0.397673706	0.056533492	0.082280713	0.435490556	0.486079128
0.541495832	0.904645517	0.444956609	0.513811468	0.912427117	0.981929105	0.69406667	0.918395193	0.576334218	0.542268339
0.578521577	0.808026621	0.370484181	0.672551262	0.733337383	0.439058771	0.429966221	0.07325573	0.712911855	0.569842455
0.856612619	0.805924524	0.574387121	0.520164977	0.656600127	0.545573356	0.622779312	0.304955348	0.243866944	0.530053029
0.035880072	0.929635792	0.233768942	0.54155325	0.919882782	0.295099283	0.131131807	0.075203126	0.28701844	0.422525651
0.39733142	0.821907188	0.571260536	0.515097666	0.664084709	0.607681165	0.625582258	0.075911809	0.023822656	0.309325804
0.949989781	0.797336721	0.411224297	0.719364866	0.697686726	0.373882394	0.30136678	0.829778756	0.933245758	0.524459909
0.531278635	0.903370872	0.421362838	0.652701815	0.956946022	0.801427919	0.957219045	0.13706623	0.808193463	0.549916367
0.739734069	0.836212983	0.622378374	0.51644448	0.967131319	0.758677799	0.606025317	0.637884451	0.331920497	0.370404156
0.621490751	0.850818404	0.636859266	0.622280225	0.787935852	0.713325772	0.973744301	0.453359485	0.141732758	0.765649779
0.405918727	0.818278008	0.41561884	0.600592756	0.655218803	0.336159086	0.475360067	0.909438675	0.285937686	0.530260776
0.974524215	0.857264606	0.134526713	0.707085451	0.649524785	0.404901122	0.126046447	0.864038203	0.240921699	0.6186496
0.561745335	0.869675962	0.450515772	0.572767048	0.963970766	0.238516553	0.871284095	0.51523727	0.264661362	0.645330668
0.548562437	0.772763374	0.531756125	0.666138702	0.934883694	0.606384373	0.24048315	0.840788339	0.821335803	0.550458591
0.585627681	0.858943521	0.713220088	0.49553461	0.659352401	0.893252349	0.520974284	0.060046009	0.343171197	0.426202145
0.453826877	0.775362251	0.501894478	0.582773876	0.810817667	0.202472117	0.564654737	0.718971559	0.059788134	0.563697144
0.258893323	0.763517488	0.02760705	0.547057372	0.992292022	0.47263225	0.426970603	0.67477282	0.443622005	0.493884225
0.186531608	1	0.060168819	0.684844219	0.891534614	0.999794414	0.808980074	0.909760099	0.078602542	0.565069056
0.085597782	0.763686281	0.342934654	0.511628382	0.817364439	0.210790296	0.999703245	0.336147046	0.571711059	0.563796755
0.885550407	0.921630123	0.440644156	0.695941582	0.887897772	0.485846731	0.602477415	0.568789364	0.806568089	0.622308329
0.767633719	0.849220417	0.690698162	0.536378378	0.994642577	0.571954282	0.199538838	0.569750325	0.914967716	0.503794363
0.03180139	0.835597572	0.693284273	0.617954963	0.675091397	0.415777322	0.633425524	0.268247107	0.234319155	0.430629187
0.289354796	0.961424227	0.726244605	0.531672263	0.788990571	0.492080747	0.473296045	0.84407375	0.78044864	0.567639557
0.230179367	0.920615951	0.713683543	0.681078437	0.683745809	0.777915324	0.685429198	0.046619759	0.946130755	0.471876209
0.341184336	0.871662361	0.170489081	0.714821244	0.781699458	0.865155609	0.203066189	0.904354399	0.957814834	0.58722514
0.145404924	0.836600462	0.458704287	0.630397774	0.934011667	0.944672629	0.858023102	0.542583276	0.485923939	0.57134422
0.888028971	0.788058976	0.024847132	0.689739732	0.929962982	0.505807004	0.778484314	0.856179467	0.458324994	0.429329713
0.937509317	0.863116678	0.605317948	0.618143807	0.872813773	0.324769325	0.904473474	0.789209668	0.945362528	0.507332497
0.525932971	0.876395738	0.225036934	0.664664251	0.683983433	0.448273151	0.162031673	0.838172465	0.957219701	0.478389175
0.035674381	0.778114646	0.511624803	0.764234234	0.959615953	0.80637542	0.858858659	0.762428866	0.971427623	0.613092111
0.118536299	0.908617996	0.15937078	0.573189833	0.963386458	0.938130376	0.428238884	0.756606163	0.946780805	0.455498872
0.681687625	0.838897487	0.223338316	0.586064462	0.981065225	0.575396644	0.009850336	0.323097709	0.66541712	0.459386632
0.868090348	0.869593016	0.345104519	0.513965048	0.848676292	0.338275651	0.647251999	0.232991397	0.038328352	0.385197202
0.560873982	0.831184341	0.065354037	0.675183602	0.677455941	0.969733286	0.964303066	0.187698185	0.3809658	0.586237815
0.64721245	0.84218022	0.120126163	0.593499964	0.89924379	0.87552087	0.03139506	0.40366387	0.289091419	0.543145808
0.947565906	0.740128623	0.594898737	0.673907636	0.919367094	0.567087094	0.609935841	0.956812455	0.116361868	0.544181839
0.610540047	0.855126084	0.199209727	0.579954805	0.71108842	0.340614581	0.986506655	0.080388395	0.532588415	0.55268757
0.617941833	0.800742581	0.744543848	0.602268384	0.807371854	0.360679577	0.074203944	0.526408629	0.546277335	0.705458462
0.051048857	0.799172376	0.414688321	0.576804129	0.767458167	0.345801177	0.232109234	0.592300449	0.164861298	0.490863727
0.782568606	0.85370978	0.569120688	0.584145456	0.873028505	0.658334392	0.206682029	0.957826032	0.08574124	0.549021393
0.852644958	0.89861469	0.588381057	0.663139406	0.879020238	0.897921152	0.51334989	0.302041156	0.437671465	0.398922759
0.092983893	0.803324088	0.089308669	0.596476032	0.674750249	0.358294349	0.039291918	0.000922687	0.885070949	0.553239162
0.676850048	0.77919333	0.653079975	0.546066035	0.686203289	0.632957789	0.293434231	0.076301085	0.634516124	0.502837235
0.659082584	0.856439399	0.716957934	0.752088796	0.80867077	0.202541379	0.37636463	0.903461357	0.355751808	0.546391874
0.703350586	0.69722493	0.224005322	0.639538539	0.811884864	0.300659249	0.040365111	0.844423263	0.426099579	0.378524335
0.381844884	0.773557135	0.792202417	0.546378876	0.66532292	0.270729379	0.538088553	0.945052377	0.768202427	0.478709863
0.715773197	0.806936527	0.512003063	0.415009139	0.725791358	0.500157194	0.003053551	0.273564218	0	0.418421278
0.118758823	0.870880019	0.694351225	0.535260449	0.941141749	0.807650726	0.33468062	0.724027671	0.133698909	0.591446195
0.012335486	0.737910401	0.109093376	0.615881033	0.727427112	0.753849184	0	0.500671605	0.816755738	0.775695029
0.166554245	0.826738757	0.156066379	0.59681481	0.737388541	0.765519533	0.689408043	0.147020511	0.12317303	0.629412301
0.977296065	0.773489628	0.13853783	0.464142088	0.853046425	0.783330863	0.157066899	0.035291821	0.570765246	0.460447185
0.899904263	0.784286636	0.262745012	0.642356228	0.944082507	0.495712971	0.093364943	0.688103043	0.844532964	0.653270252
0.360021561	0.861843817	0.205533139	0.683453103	0.755101821	0.6467736	0.286255381	0.310093901	0.139900643	0.648910303
0.077827475	0.889593475	0.036797256	0.54590646	0.976813007	0.677387243	0.619755015	0.132528349	0.843608461	0.400931824
0.808667252	0.833853869	0.644597444	0.646405	0.839602203	0.686893094	0.521300377	0.6850189	0.31276878	0.462021135
0.99618321	0.762609202	0.218377083	0.723061251	0.879067528	0.482416809	0.783039062	0.754371216	0.658264993	0.641623209
0.969872722	0.856720616	0.493327542	0.530942067	0.725670459	0.987152078	0.421407114	0.813329535	0.80653516	0.399329142
0.246222699	0.788795788	0.618684732	0.587197757	0.884707506	0.648312673	0.559242342	0.155760513	0.907850385	0.500711915
0.422924679	0.850048029	0.328486248	0.569985878	0.857863726	0.28000043	0.230454612	0.752832626	0.230273101	0.610782743
0.882592179	0.850074066	0.298963352	0.627388096	0.888502768	0.89558006	0.139837787	0.676835397	0.904348409	0.345109686
0.071559915	0.896881502	0.287236302	0.573877837	0.81525839	0.72751747	0.170399678	0.729028443	0.460114962	0.586907473
0.518735277	0.781077081	0.450106781	0.650618681	0.905300395	0.61411314	0.551251738	0.550635839	0.247618025	0.586401492
0.523175732	0.85166686	0.530874453	0.639706133	0.843468822	0.282866119	0.515692333	0.358785516	0.021959494	0.471893598
0.390383606	0.849203295	0.703885637	0.545260291	0.812066615	0.203244496	0.155433899	0.609860653	0.782914925	0.397331828
0.142811712	0.738541958	0.017730521	0.668118042	0.669843168	0.72293341	0.374093451	0.269131427	0.932406815	0.46645722
0.04715905	0.793529942	0.526469623	0.666873281	0.974568354	0.627936262	0.527559771	0.508422169	0.352111184	0.522879477
0.164372018	0.766380124	0.443195469	0.672625699	0.954603885	0.98253956	0.571642786	0.704612228	0.933974859	0.560499216
0.081866384	0.823554281	0.406710211	0.588138858	0.813068493	0.998263878	0.370510903	0.356857981	0.104465394	0.684792098
0.550849385	0.884461138	0.582090931	0.637979129	0.854353168	0.907637146	0.930204001	0.57565735	0.636971729	0.367665677
0.964940497	0.845196211	0.605261869	0.633426283	0.657753813	0.420503922	0.064270544	0.053911919	0.376846598	0.389545342
0.717870851	0.740652194	0.126808378	0.568580675	0.713996462	0.943111509	0.569223596	0.800662984	0.856188396	0.418253823
0.61750599	0.8011307	0.466104058	0.661049372	0.933389524	0.6882831	0.245122106	0.89341286	0.767539419	0.509514467
0.470461147	0.873173146	0.236903838	0.641065919	0.879977918	0.905003164	0.606349982	0.578432298	0.971300077	0.443374906
0.356545493	0.805930825	0.730997117	0.644207342	0.649323409	0.244332684	0.422920062	0.774767089	0.341734205	0.632008642
0.422134556	0.809309418	0.252434195	0.660080244	0.771412118	0.78035217	0.454181875	0.82513037	0.388288625	0.537240236
0.247883572	0.844688347	0.305254416	0.521440383	0.727251957	0.20587811	0.265589346	0.272174911	0.89400632	0.665860093
0.35701475	0.793394569	0.290303806	0.56687182	0.884052224	0.711103701	0.121007253	0.603054507	0.952163081	0.427441125
0.581552186	0.728808771	0.742987599	0.723204428	0.657593464	0.521618471	0.874976238	0.033826309	0.181707446	0.575384479
0.331046631	0.798729369	0.670220014	0.693377158	0.68159949	0.295653594	0.402390769	0.209850872	0.079662681	0.513531721
0.06146047	0.814757989	0.766070612	0.59058304	0.709902575	0.624146548	0.135177929	0.950223974	0.244153742	0.417230093
0.931918087	0.845223781	0.55768158	0.643139027	0.920953203	0.556825986	0.893962335	0.661775246	0.232492598	0.433413335
0.565472086	0.843879018	0.74375822	0.773837068	0.770689664	0.762619901	0.670965427	0.133372349	0.559264724	0.38395714
0.398796648	0.773039816	0.508429603	0.531106031	0.842045731	0.4265506	0.853500559	0.196500662	0.184052726	0.429182752
0.34690688	0.850381834	0.678677383	0.63629487	0.911704448	0.820157854	0.994134226	0.666401607	0.725988056	0.609468158
0.040686226	0.812865313	0.152368808	0.647483849	0.796099117	0.451881618	0.766544104	0.41993478	0.749629856	0.617234422
0.664784253	0.883423545	0.792836732	0.601962769	0.819295156	0.326195436	0.375474369	0.269583646	0.112584826	0.606271457
0.451798578	0.867441961	0.456045989	0.697348924	0.916579516	0.956097381	0.964806864	0.874824099	0.490735312	0.573067497
0.696775661	0.921282861	0.085763053	0.585263657	0.957666157	0.555243361	0.390417052	0.410822941	0.332206227	0.580479851
0.935202578	0.907616772	0.157436149	0.773560233	0.720975901	0.607444213	0.199461314	0.837998751	0.377454093	0.457531702
0.776206955	0.800470052	0.586808601	0.518103497	0.854595494	0.938041729	0.273751135	0.95215734	0.46856699	0.451319033
0.447465593	0.748666079	0.420755706	0.602901798	0.873562317	0.683474294	0.125560934	0.296418356	0.880518074	0.46416201
0.356164714	0.863121727	0.454655992	0.603182334	0.872162977	0.733838134	0.459230518	0.707180446	0.445914244	0.632510477
0.298180389	0.855237627	0.330760838	0.648502317	0.68730226	0.40279021	0.669775174	0.74062222	0.161558894	0.617047997
0.756050718	0.772537567	0.699576165	0.570588488	0.830896938	0.836741487	0.243459938	0.344862815	0.741570907	0.437795381
0.773857135	0.832014312	0.19649551	0.655441085	0.671336632	0.879196267	0.514005109	0.059648461	0.565537977	0.481199817
0.255385445	0.747632256	0.26789964	0.5196862	0.992530001	0.730552848	0.508730571	0.306499784	0.653510678	0.570600817
0.621646072	0.890324222	0.096922637	0.570056875	0.762757931	0.762347719	0.337094266	0.388883044	0.925105658	0.416568464
0.14880847	0.831996959	0.37959541	0.570630324	0.977170383	0.23167997	0.240666493	0.532937629	0.995570095	0.517658735
0.778322223	0.769560784	0.636060642	0.592627972	0.677981108	0.351921996	0.150477866	0.836748138	0.248039669	0.384091849
0.328079084	0.865126504	0.254901374	0.636335947	0.666712437	0.663834251	0.785652732	0.525692664	0.536532664	0.402062014
0.044206216	0.895410133	0.454022889	0.780730579	0.821371337	0.433004397	0.082350506	0.336263239	0.699744097	0.570306707
0.53246156	0.867114449	0.046201037	0.570127459	0.741096077	0.693575215	0.238680634	0.985265065	0.468539936	0.48925604
0.800602625	0.812830491	0.225858916	0.538750609	0.664602376	0.414471111	0.574465412	0.33557907	0.361608637	0.653373101
0.856274027	0.808797859	0.124837039	0.559375228	0.924918694	0.242997152	0.029888073	0.00483166	0.679330707	0.528847411
0.81691479	0.748319377	0.438062075	0.584222847	0.864644876	0.998285928	0.339657121	0.469293519	0.325054204	0.401459445
0.073342382	0.794314406	0.561895201	0.587534463	0.913108845	0.961954124	0.808062038	0.415946754	0.957675856	0.567178355
0.387223733	0.760956572	0.567764514	0.407389678	0.794523202	0.856742776	0.969714914	0.418023835	0.306777844	0.553169161
0.34784564	0.871115243	0.271752919	0.608800393	0.938422193	0.763062727	0.137869967	0.095866708	0.166732816	0.465190966
0.554509951	0.822062089	0.185554371	0.577979403	0.950987401	0.678823831	0.929691359	0.097155559	0.879889862	0.389323296
0.776575467	0.864381004	0.691072758	0.642994116	0.76314963	0.837458024	0.695778243	0.099251972	0.789281217	0.616049928
0.931805313	0.850656928	0.738910342	0.578943987	0.899837613	0.877557954	0.82197711	0.039309612	0.914679262	0.556604342
0.971626449	0.900951813	0.506371209	0.641004029	0.756689764	0.786918162	0.384886894	0.271928229	0.776595086	0.526172889
0.742592466	0.869682722	0.577807573	0.524423429	0.995218366	0.549043992	0.943367907	0.682910266	0.421013486	0.318718972
0.048666746	0.83378489	0.634771201	0.674707794	0.77238854	0.633219418	0.951748623	0.36191958	0.249061479	0.607783763
0.583344163	0.891845255	0.08630234	0.60153365	0.841304857	0.455063491	0.872146637	0.195454037	0.972472138	0.550137166
0.644854969	0.932538131	0.396379936	0.677611988	0.999430757	0.661648437	0.485596413	0.757343884	0.540443563	0.398796389
0.366585171	0.836243811	0.480473198	0.66441688	0.925905303	0.336946577	0.789776165	0.683021497	0.625129373	0.319319918
0.067326969	0.79664501	0.091025978	0.554922305	0.78621382	0.379440553	0.258357607	0.00932529	0.094732857	0.412145105
0.545678344	0.884384055	0.426889266	0.500573791	0.7600856	0.766127253	0.248258135	0.31498109	0.606095668	0.583156857
0.311600249	0.824724819	0.20007112	0.593524615	0.798560216	0.493592375	0.895747352	0.130319131	0.883431345	0.576974594
0.162247731	0.744328217	0.069296426	0.729002153	0.958077324	0.961904866	0.610409859	0.912628769	0.076828221	0.498881059
0.810617734	0.791804137	0.565295651	0.588388668	0.821984922	0.880561988	0.588275839	0.298988454	0.064268858	0.330160122
0.131874741	0.833679298	0.417272437	0.670617061	0.843592998	0.493008422	0.463145423	0.818089749	0.547637473	0.412121166
0.307425595	0.677184721	0.248114612	0.557775782	0.648231237	0.522589116	0.751930764	0.815344984	0.283255299	0.451252231
0.830640002	0.884492575	0.445079798	0.555258156	0.76206548	0.649208737	0.526458016	0.113684571	0.271258043	0.428093244
0.862842163	0.80674579	0.254417649	0.724297731	0.740120597	0.98250695	0.940289209	0.517839252	0.335055327	0.316737674
0.424014989	0.939466205	0.708039099	0.591106967	0.976519244	0.886647938	0.509500584	0.232940812	0.477096663	0.362138546
0.632122352	0.815833155	0.540398184	0.518726147	0.751205652	0.832022018	0.923188842	0	0.200111365	0.566176372
0.771865784	0.881086577	0.251245367	0.731839921	0.921543863	0.816643326	0.448078508	0.724818179	0.981215195	0.367609022
0.743596964	0.832414032	0.224695994	0.732278303	0.866017016	0.8368652	0.824108222	0.908153426	0.774720868	0.505021063
0.832165105	0.949704899	0.518976737	0.545071911	0.844787889	0.417877658	0.811420878	0.186063067	0.07472349	0.64862616
0.390636826	0.897034761	0.591349892	0.567552116	0.653175354	0.573203739	0.346017746	0.28422021	0.742866055	0.505924164
0.262015207	0.800129197	0.059884856	0.709039955	0.741569586	0.401718484	0.405643107	0.270232568	0.777297128	0.495831399
0.57098791	0.800418281	0.733010188	0.686647476	0.992434277	0.402734003	0.10147932	0.556691369	0.518056171	0.442767486
0.433473817	0.838046481	0.787258075	0.683708909	0.851793944	0.622062563	0.079973618	0.675920285	0.995541533	0.779033288
0.278740741	0.767399198	0.352245638	0.555960843	0.890617425	0.428783753	0.095069494	0.204276408	0.046789105	0.416822309
0.345628005	0.831448579	0.261609056	0.857273962	0.950723396	0.736907812	0.09375577	0.964971779	0.689115017	0.406328144
0.756858703	0.775588277	0.673500889	0.711363477	0.979433465	0.899808707	0.56597497	0.830464555	0.818674811	0.361035314
0.57043946	0.798424202	0.161040025	0.638279428	0.962158149	0.484842214	0.134524359	0.854220018	0.42472243	0.529094454
0.127192402	0.865950433	0.586925509	0.623219232	0.908037322	0.609096623	0.056841776	0.154091791	0.997271465	0.340107403
0.087478959	0.872634675	0.103184923	0.651743676	0.816185639	0.324367205	0.841086961	0.841287383	0.663919789	0.564831845
0.241018656	0.775513805	0.236164535	0.635471466	0.82046672	0.902229962	0.572202934	0.254476007	0.070343143	0.567004971
0.269084098	0.824705014	0.057547523	0.579069135	0.953065933	0.369624997	0.723716396	0.510413026	0.891789359	0.457494622
0.790885449	0.947235152	0.596021717	0.545045442	0.766793365	0.809924003	0.063565205	0.120941055	0.468079477	0.599739679
0.190505976	0.880670807	0.568818134	0.593532896	0.896824045	0.397738454	0.252827506	0.841021152	0.453859331	0.665577686
0.545817082	0.794617955	0.162482892	0.766823259	0.904830576	0.251241888	0.833558635	0.947738132	0.777727908	0.508597082
0.447804067	0.784393565	0.506045076	0.590749661	0.901039321	0.802675778	0.267540988	0.273832865	0.402859678	0.421521094
0.55127692	0.777418992	0.527062408	0.629443224	0.651626462	0.541179888	0.049160208	0.003331212	0.987691899	0.457474871
0.438435737	0.873050522	0.696774469	0.678257742	0.750356963	0.480011748	0.742982127	0.814862518	0.426302677	0.365370701
0.400349364	0.835868266	0.40199559	0.425234405	0.980513512	0.898658084	0.403987721	0.966222453	0.586352901	0.632882512
0.876697835	0.812113857	0.719726008	0.518002482	0.662025631	0.919348083	0.22799039	0.475062956	0.294077658	0.598917826
0.366770639	0.944151703	0.543051583	0.650287209	0.928792564	0.851101823	0.079981918	0.490082009	0.071221102	0.578781085
0.895164033	0.811125167	0.052975083	0.674992986	0.828168753	0.93674856	0.154839634	0.646566677	0.439672925	0.384472377
0.050970789	0.860240921	0.591408764	0.592905923	0.9428033	0.272604784	0.932891378	0.704380047	0.126975776	0.610307651
0.840970781	0.813392994	0.162387578	0.586599843	0.841069326	0.704634298	0.384122788	0.030984574	0.708275812	0.678394621
0.214155417	0.837909177	0.488494099	0.583273777	0.889448332	0.906915127	0.169535333	0.594961681	0.567692574	0.295387559
0.192216726	0.843664779	0.283140693	0.64403454	0.853655668	0.988231612	0.32512292	0.445474463	0.658898589	0.411311671
0.471291622	0.888884687	0.080149833	0.699539393	0.762558894	0.696880785	0.383418414	0.079308883	0.570925758	0.366682354
0.874785824	0.777946047	0.749419569	0.634632668	0.982204087	0.747039003	0.386871557	0.992341383	0.589286762	0.402934182
0.8812779	0.843657116	0.528015106	0.618001003	0.776753576	0.78437319	0.901810537	0.809732762	0.580773427	0.443864164
0.489032466	0.864300534	0.099321259	0.561803137	0.749239623	0.21318672	0.545072041	0.726460681	0.526348266	0.46761343
0.822113836	0.758102966	0.126031784	0.630830693	0.776884044	0.824585022	0.993953326	0.812234176	0.565553932	0.412051748
0.073705982	0.875375034	0.456090891	0.47463791	0.880435656	0.43728405	0.79320906	0.91358235	0.420938846	0.752715054
0.803439125	0.786469148	0.315014131	0.734798748	0.914500081	0.250123562	0.923832027	0.875995805	0.923537784	0.230474032
0.150640128	0.849019036	0.529542234	0.675324884	0.92846168	0.887515355	0.236956043	0.460662088	0.898804446	0.438455436
0.11425965	0.128667729	0.216139767	0.728599431	0.107206777	0.433057268	0.854393366	0.23074363	0.896613218	0.836863989
0.841943803	0.279698013	0.292082872	0.431147943	0.203876945	0.382291654	0.492179266	0.945083844	0.990517454	0.05858982
0.823812065	0.062911448	0.134821581	0.963028689	0.041124045	0.648072701	0.501918821	0.654331215	0.103193409	0.877271343
0.912362232	0.090415774	0.161605538	0.318292969	0.248726366	0.434248631	0.66319272	0.533513787	0.268456483	0.448612914
0.716300657	0.103780981	0.29556913	0.728420834	0.194311015	0.350218992	0.26878613	0.244673965	0.477067657	0.974570566
0.817095941	0.138753564	0.31009984	0.855284354	0.194074364	0.22822441	0.409043882	0.865573823	0.527078967	0.814023235
0.741597292	0.185757566	0.056283814	0.877312081	0.180652507	0.760525446	0.490762442	0.963543299	0.652373949	0.665394515
0.243885467	0.107382818	0.199278581	0.799958549	0.192799542	0.594195453	0.050885149	0.941189136	0.202137467	0.742575271
0.89650261	0.12458443	0.191486825	0.884193828	0.261254226	0.589967064	0.659711668	0.551632578	0.023042788	0.298408922
0.083347945	0.083789905	0.199487628	0.549608108	0.157866258	1	0.783298736	0.971680631	0.63484737	0.428761446
0.413762597	0.262483559	0.101816756	0.591599725	0.059517774	0.260921616	0.007099282	0.147448458	0.581917518	0.628429197
0.644392556	0.096342043	0.17582277	0.446786941	0.232259544	0.749395637	0.108835168	0.094516525	0.892908176	0.643680295
0.331894169	0.158087661	0.197465958	0.497148492	0.137000791	0.99904178	0.371988199	0.503511592	0.272275022	0.213636471
0.851826951	0.133063916	0.184127845	0.821658102	0.104888222	0.731838837	0.474779267	0.377384809	0.873961543	0.759853168
0.741948506	0.098162461	0.259326359	0.679322655	0.23911752	0.81672077	0.176133081	0.147385504	0.204207134	0.806551595
0.576513971	0.181317325	0.232814859	0.761120075	0.160518289	0.786464797	0.468336847	0.52578009	0.062026805	0.709232654
0.918896988	0.235313103	0.299487412	0.498297899	0.108374017	0.287991436	0.599584451	0.122320213	0.097592436	0.244487061
0.748321633	0.135223628	0.207960311	0.507397333	0.133762018	0.338714248	0.015495713	0.029243401	0.581279685	0.654010137
0.810859471	0.15282888	0.404407877	0.399347331	0.270391291	0.236439078	0.486427841	0.666915828	0.012030508	0.759211235
0.179647634	0.121378403	0.226957197	0.721818247	0.191197204	0.998454511	0.246628327	0.275298486	0.994275501	0.750194403
0.82197317	0.119910776	0.189428979	0.554912861	0.129346552	0.792662677	0.639100259	0.001364461	0.914772995	0.295026992
0.282976947	0.15588476	0.142060528	0.347626219	0.120604136	0.974181082	0.310998255	0.876890094	0.798072566	0.918918432
0.687869528	0.101425178	0.287620235	0.84635442	0.08844456	0.544239086	0.941729033	0.178457547	0.587899239	0.156961741
0.544095171	0.111656773	0.227712197	0.65809911	0.004681469	0.222864671	0.348019329	0.651165619	0.203672405	0.0465859
0.755975148	0.159979509	0.42971939	0.309785995	0.074847138	0.44894005	0.495309354	0.529758676	0.381024619	0.981361158
0.878832863	0.202993539	0.297652558	0.392755226	0.246109513	0.323549279	0.991517905	0.804748623	0.173712174	0.829561589
0.828587659	0.154218487	0.186439121	0.492329779	0.212284415	0.739909472	0.393932579	0.816663682	0.292999583	0.008902511
0.909110447	0.208730818	0.210677704	0.361888617	0.135531247	0.977597857	0.097626351	0.272831792	0.458045325	0.555704038
0.59883489	0.216273819	0.182219402	0.320968312	0.053211391	0.253661804	0.195815901	0.219832444	0.574831904	0.01854944
0.620541192	0.128950122	0.242874459	0.387293043	0.118544727	0.366444551	0.287187913	0.353632307	0.275303295	0.494771455
0.351390174	0.169314718	0.284974203	0.226407298	0.187602875	0.641683237	0.22238444	0.220463936	0.98273045	0.730116847
0.562425519	0.211170915	0.209181796	0.382398214	0.06702113	0.798401871	0.70441808	0.047142434	0.208763873	0.512843784
0.920660615	0.142609751	0.277863994	0.514984772	0.177396182	0.671260791	0.914678408	0.630939858	0.251425223	0.525703639
0.558060009	0.186582948	0.236707282	0.952450756	0.122506504	0.330168348	0.426220718	0.073878248	0.313834757	0.729593714
0.108200364	0.19100812	0.154496604	0.851933581	0.084707299	0.896502373	0.054624276	0.659901815	0.584366611	0.760231512
0.212678849	0.161877447	0.23846832	0.865290768	0.176115406	0.280629911	0.572642741	0.639750455	0.927046996	0.411955212
0.163196258	0.206884887	0.26017159	0.824947722	0.137728846	0.338260251	0.760108357	0.803579583	0.335290685	0.524356099
0.420866226	0.149101326	0.250559944	0.417772393	0.135856697	0.944017233	0.964386734	0.892327808	0.807100871	0.099227936
0.299686878	0.050968344	0.294547796	0.680252735	0.075967516	0.589815053	0.936513927	0.404833686	0.616339948	0.770788974
0.654598813	0.088322788	0.247324143	0.678636525	0.108327899	0.583118505	0.563338967	0.617112181	0.686770865	0.366877381
0.618367082	0.097479452	0.122904256	0.356944496	0.23591502	0.727711003	0.682207004	0.91006587	0.489724428	0.590543138
0.092292526	0.146428012	0.18342231	0.877048322	0.025334889	0.945322283	0.897717977	0.159983669	0.212048872	0.350247369
0.396417322	0.191364307	0.27076512	0.839771089	0.207745548	0.94159934	0.778143544	0.20108288	0.080016779	0.942497806
0.03278147	0.152770824	0.194391979	0.964108015	0.162107399	0.620314788	0.465703121	0.728601313	0.534094168	0.178143228
0.55431059	0.216547196	0.332441964	0.821451962	0.28871052	0.847537139	0.780855498	0.478162246	0.484406259	0.071044485
0.567248244	0.222575951	0.331852567	0.765516142	0.102437371	0.558163116	0.241776626	0.841605631	0.689905006	0.330252262
0.317060474	0.156521985	0.303176546	0.385266472	0.158261588	0.536190183	0.388103527	0.96268273	0.29560081	0.300061396
0.240680411	0.160460971	0.378131356	0.516133207	0.161836813	0.839507714	0.876474366	0.879802824	0.992379167	0.42764489
0.669753026	0.09064783	0.284609784	0.796885953	0.129550309	0.849532222	0.328814762	0.628406543	0.009379876	0.52410558
0.694586457	0.148160111	0.199256527	0.353599377	0.233280027	0.529358556	0.784669178	0.533214278	0.610075478	0.963101298
0.213084448	0.235777598	0.298652988	0.301024939	0.199834671	0.572349052	0.15356171	0.430524151	0.385723196	0.608926043
0.931329615	0.144004107	0.284746587	0.82144987	0.172577042	0.327950043	0.74365851	0.732223232	0.608453774	0.724946167
0.68314029	0.183607635	0.30526542	0.910148049	0.198450817	0.485642816	0.614022871	0.051018415	0.160363066	0.709344823
0.507453861	0.182858338	0.154755651	0.258043501	0.159024681	0.943398226	0.364533168	0.36747077	0.437192182	0.219095041
0.172519139	0.105944909	0.333979575	0.5468367	0.05396224	0.727165652	0.78500142	0.647450143	0.835907645	0.774080269
0.293226779	0.097825115	0.33339123	0.665356132	0.131054567	0.692179257	0.051647438	0.504925399	0.492174318	0.682546012
0.180275575	0.173791592	0.167490195	0.774094469	0.093852819	0.899557765	0.239398482	0.980307438	0.864517629	0.70566902
0	0.078789386	0.333770832	0.964831204	0.166272725	0.79281121	0.8225536	0.656210556	0.627416454	0.944061288
0.344868773	0.126406333	0.101109124	0.951607078	0.137671589	0.686151478	0.524901051	0.691751796	0.050023576	0.283833818
0.384107356	0.075410654	0.244989975	0.449848316	0.182333938	0.75239668	0.112737883	0.925026508	0.807407876	0.380213702
0.831326293	0.138018614	0.148928011	0.395473435	0.029497132	0.751478895	0.462780128	0.658293518	0.735672953	0.324878991
0.033772663	0.230766205	0.270555233	0.683763773	0.083447362	0.71879302	0.239195825	0.501021819	0.801795015	0.314313993
0.370821969	0.203170668	0.196773845	0.689783959	0.122385852	0.227558861	0.250704718	0.989081159	0.089553963	0.319005047
0.987787498	0.164640099	0.16832968	0.733632514	0.158891109	0.44121989	0.863457006	0.812680128	0.418778976	0.375998002
0.57066106	0.138709711	0.283126298	0.81489755	0.17047253	0.763802808	0.971062689	0.310900827	0.431379072	0.391122341
0.557816401	0.149982856	0.294763814	0.378511137	0.139061411	0.643022514	0.109649706	0.837951022	0.566165229	0.996429934
0.255970912	0.180639969	0.293050371	0.991476204	0.121091206	0.757112942	0.303208073	0.149050779	0.253119896	0.186905282
0.011598689	0.134796107	0.214370554	0.554130543	0.077782067	0.9058225	0.921600203	0.764136058	0.4947715	0.114032002
0.376088306	0.129056681	0.218772252	0.781409115	0.101245287	0.651384677	0.454863716	0.113808344	0.952303381	0.564009236
0.581073122	0.161285124	0.167910443	0.626612983	0.199217551	0.304196457	0.418462155	0.000288097	0.10856718	0.484130294
0.244326863	0.101648495	0.370327139	0.910094204	0.173215293	0.858168315	0.377862274	0.986476002	0.535325246	0.248203395
0.096442213	0.193840811	0.388689326	0.986325506	0.226775195	0.973990705	0.010002854	0.999438545	0.196437327	0.830021771
0.397544569	0.09295015	0.126087062	0.626273536	0.138021723	0.717680967	0.810175232	0.393167452	0.174618966	0.310596744
0.171345936	0.05092262	0.255846336	0.750189059	0.13279721	0.256152515	0.900658129	0.356520144	0.046990847	0.224654111
0.025949905	0.20338074	0.191049334	0.915263152	0.154980342	0.37541996	0.991251358	1	0.554580884	0.181961948
0.214090302	0.139719872	0.374352529	0.576699652	0.187358572	0.36412329	0.125463308	0.528958634	0.779092752	0.47988279
0.715047798	0.180996116	0.201163932	0.697753964	0	0.350707426	0.565549433	0.321011549	0.826925506	0.759201396
0.792803666	0.166057109	0.311135171	0.612446732	0.247823195	0.467157159	0.501993635	0.559727848	0.020124829	0.809029231
0.761746224	0.137541158	0.326367486	0.497733999	0.144279573	0.30664749	0.162455825	0.068267162	0.407335738	0.260137707
0.402820701	0.193820593	0.152690783	0.421940754	0.055645291	0.685407383	0.979058456	0.395452686	0.320312226	0.636416837
0.986907081	0.095063123	0.276299177	0.308965706	0.190931217	0.77291138	0.024892443	0.295475897	0.409314255	0.558052579
0.305723797	0.14543922	0.328189947	0.795741926	0.152941639	0.224147266	0.494214972	0.668638527	0.42943806	0.441552213
0.996990594	0.136104495	0.34829958	0.426439739	0.043318348	0.317512771	0.939722545	0.127259596	0.107556849	0.284647707
0.158021875	0.075571433	0.458715928	0.560369741	0.175614	0.58638322	0.073153744	0.919945687	0.155029714	0.566552453
0.363422815	0.113448514	0.290331418	0.257116498	0.129931726	0.595476156	0.245533296	0.727129231	0.758784463	0.562164723
0.659071592	0.131594795	0.266805634	0.755025112	0.099589028	0.408072784	0.303027249	0.884172867	0.925924174	0.514445701
0.970681006	0.219896667	0.210644987	0.989914101	0.181018959	0.275194274	0.709322662	0.550785727	0.400885083	0.143624551
0.418463128	0.138702315	0.253691381	0.997132624	0.175355208	0.992830221	0.043184822	0.140012885	0.604618039	0.792645741
0.769553166	0.247860807	0.134518958	0.985996536	0.157253066	0.698634768	0.916559067	0.125444632	0.053986653	0.005743219
0.591863457	0.17962912	0.24290239	0.826916777	0.12286535	0.56116087	0.251719971	0.718063329	0.956050255	0.860629592
0.685121907	0.111675923	0.241692181	0.919949881	0.124699102	0.905111719	0.66667278	0.623418962	0.995838772	0.940743144
0.791674982	0.11988909	0.186600514	0.356583007	0.005921568	0.477909868	0.323921866	0.075790647	0.203173381	0.149492255
0.613411138	0.1673115	0.186430385	0.258853039	0.178646857	0.851105863	0.692298695	0.227817098	0.083332289	0.610647331
0.923237138	0.286127947	0.244354062	0.31284377	0.196819077	0.433198529	0.111754027	0.532023628	0.062182121	0.975058816
0.276710086	0.081575578	0	0.386186162	0.152864108	0.684485201	0.211215605	0.111217631	0.924395695	0.765789703
0.051004678	0.225557122	0.326946615	0.772511517	0.140421411	0.660279754	0.725661484	0.758653554	0.286187023	0.333312999
0.183366798	0.088359488	0.397852566	0.717496473	0.25149167	0.273624551	0.494446996	0.014238498	0.032534168	0.056401617
0.257170596	0.176060478	0.330633117	0.240852692	0.105838183	0.85801938	0.607067484	0.907492099	0.134302321	0.325841409
0.56961802	0.120775121	0.158304732	0.240561982	0.093353156	0.691610215	0.739806025	0.483603523	0.446537343	0.3930393
0.107579532	0.148571492	0.295572383	0.512985757	0.045084895	0.295655729	0.124491011	0.526157797	0.859055721	0.077359232
0.706417994	0.140757245	0.254749559	0.516116733	0.185723849	0.305411175	0.967936233	0.750056206	0.440697921	0.747720657
0.698169904	0.13327301	0.346802505	0.584880125	0.160028085	0.685612173	0.508412728	0.472783337	0.671004539	0.141109548
0.462112767	0.154294656	0.254417353	0.68360127	0.144624665	0.762383903	0.082523934	0.897552507	0.601804593	0.044833099
0.381795323	0.230043956	0.318817585	0.496856203	0.188461537	0.844758343	0.545292612	0.128964867	0.060452399	0.932496257
0.495592673	0.126134967	0.216689125	0.251513747	0.267960372	0.80747316	0.122767307	0.347796188	0.827800274	0.514691059
0.390178132	0.263436041	0.177728373	0.225331962	0.123399805	0.488276121	0.319064589	0.510969721	0.777753879	0.45754583
0.799083275	0.173496835	0.188598386	0.766893456	0.197527446	0.553439581	0.461686038	0.893747264	0.133491409	0.512221299
0.379921198	0.079998044	0.256798364	0.491223632	0.189157307	0.973813922	0.66383503	0.970435028	0.587445765	0.923322528
0.338753131	0.132194223	0.318503724	0.53746218	0.11155119	0.805347449	0.415134932	0.434759745	0.801383035	0.471663699
0.764990099	0.238635753	0.336939795	0.793397549	0.044971136	0.357522541	0.237684357	0.791572663	0.232064137	0.586961641
0.121029606	0.108793406	0.275380691	0.395625963	0.20591308	0.515800682	0.18402672	0.846259157	0.908751835	0.230198498
0.959763844	0.152284152	0.173875442	0.319953677	0.234633355	0.852017539	0.292952076	0.411545868	0.014993181	0.337259571
0.30780078	0.189041791	0.38431983	0.961326535	0.091755001	0.843856863	0.259053405	0.081230962	0.420101883	0.435895395
0.655288083	0.115822512	0.113369141	0.716137347	0.140553055	0.566273875	0.944147484	0.114512458	0.214476499	0.787448679
0.168094978	0.071626606	0.15402089	0.423834995	0.188824087	0.368638575	0.776064422	0.520571009	0.287955116	0.563706615
0.077151403	0.094087823	0.250842243	0.945224153	0.262503959	0.470002829	0.12998262	0.548931415	0.52185067	0.738847677
0.189550557	0.063481216	0.12193073	0.265143162	0.277161318	0.92429616	0.545951494	0.011581251	0.731893381	0.873578426
0.737951722	0.158957235	0.264555125	0.591892296	0.252092538	0.740185483	0.523067746	0.316734984	0.068927797	0.171182454
0.578291335	0.085218175	0.16764578	0.930031769	0.099174278	0.641068964	0.755902145	0.829020216	0.143735934	0.90294892
0.02923129	0.140149256	0.199772062	0.869005643	0.136413861	0.988644038	0.683621742	0.922552173	0.691924864	0.448043391
0.169660221	0.142492523	0.245643811	0.591525949	0.202799679	0.655967473	0.238405217	0.222763987	0.514322388	0.786791921
0.459312632	0.065174813	0.416131529	0.926698623	0.275845328	0.874201434	0.439301522	0.707336096	0.944916655	0.840013602
0.348856138	0.145058822	0.218672266	0.956431555	0.102438232	0.972680868	0.04348017	0.637988891	0.823772574	0.826772261
0.597143457	0.186076581	0.25873177	0.593680071	0.121061256	0.921559268	0.132635326	0.438709325	0.750943548	0.594271842
0.234769719	0.115131726	0.280416825	0.823868998	0.213569309	0.523831245	0.426375005	0.148179849	0.45404784	0.675212209
0.727409013	0.100840004	0.186973432	0.229069444	0.20246127	0.548680789	0.723296287	0.181294486	0.260751713	0.772868692
0.100562709	0.202733666	0.244593199	0.368282304	0.14913711	0.679158696	0.033703602	0.139963401	0.988780157	0.335086396
0.470436846	0.173001177	0.301098305	0.645043621	0.152991161	0.550679279	0.721473186	0.08112774	0.921589849	0.911689462
0.944445233	0.225932819	0.222070812	0.486639059	0.161533673	0.792404622	0.665632844	0.542173998	0.627649069	0.657302908
0.245851002	0.06991121	0.145047384	0.765084809	0.141856602	0.480522391	0.872947175	0.457688784	0.871679971	0.287126818
0.555172326	0.143040506	0.162198893	0.630757333	0.143822314	0.662413914	0.89874362	0.757541145	0.52622943	0.114256778
0.072229484	0.240916393	0.363050604	0.714390891	0.079938981	0.740783335	0.593341257	0.389395681	0.494430873	0.333601188
0.310899247	0.189258765	0.238422892	0.547205565	0.226336909	0.819703126	0.40066318	0.042764308	1	0.183425464
0.307191316	0.084216987	0.253249826	1	0.117044863	0.831142159	0.662984176	0.829048621	0.110406407	0.283208599
0.845311712	0.253022415	0.251272002	0.559470347	0.139503482	0.740080629	0.847384362	0.972942194	0.699478694	0.476263152
0.506828478	0.123488181	0.298119501	0.49411994	0.203687594	0.722146141	0.116357132	0.606467934	0.443842622	0.400143213
0.882579404	0.131387939	0.199985641	0.383270106	0.165339207	0.804344089	0.783939811	0.054484223	0.337479888	0.506457541
0.626396074	0.112746009	0.198488324	0.646316709	0.130725684	0.417898217	0.185778459	0.749727623	0.438874159	0.362587083
0.122131965	0.183837747	0.25453308	0.868110947	0.10769578	0.829028344	0.488585758	0.288466601	0.443313704	0.399600572
0.369914082	0	0.393932456	0.727243076	0.208234538	0.416571465	0.168926941	0.676088874	0.547293097	0.695725127
0.03580132	0.165362849	0.214117119	0.244003948	0.154704194	0.47381006	0.800125049	0.005891458	0.151126516	0.505407512
0.238914504	0.197092421	0.271976337	0.545592265	0.132140144	0.329786697	0.250235484	0.608189743	0.734668873	0.388781536
0.748120277	0.165822152	0.216469234	0.547527124	0.295353254	0.640772898	0.066727877	0.925485992	0.122617536	0.975421672
0.525451933	0.15204173	0.332269586	0.924707731	0.187839876	0.331277571	0.952628083	0.775228115	0.217506676	0.576837471
0.523871131	0.07059004	0.112275214	0.779399933	0.098801548	0.245205526	0.045982957	0.280126114	0.747282715	0.569709283
0.715985755	0.214248249	0.289779173	0.406662049	0.123596277	0.767484235	0.759559841	0.304555581	0.373877266	0.777640894
0.983936223	0.051066495	0.148446023	0.822078473	0.141402391	0.305522062	0.815527	0.700218226	0.357720154	0.544702635
0.283802703	0.124233583	0.172669866	0.308367446	0.146896097	0.723059644	0.783610457	0.479154357	0.55488005	0.593985403
0.005540597	0.141161377	0.22591338	0.924146143	0.205489484	0.704954742	0.92208051	0.026603254	0.385211908	0.273888134
0.218516284	0.155553847	0.228030093	0.733732143	0.152771838	0.369772219	0.52132709	0.395562612	0.212111378	0.360202961
0.38424549	0.174374497	0.218017354	0.887138128	0.071174616	0.913408832	0.580298392	0.939457954	0.585691468	0.07153038
0.793926502	0.130356765	0.240448337	0.939508784	0.184915788	0.813994669	0.988745194	0.941893019	0.832853382	0.475111662
0.29238008	0.211522147	0.338201785	0.661386098	0.181878816	0.371460775	0.290103957	0.520979168	0.944951581	0.837781394
0.704109686	0.118361781	0.150362245	0.871056075	0.145143971	0.285764141	0.12717438	0.908610591	0.561623919	0.477286704
0.553683467	0.131938697	0.30734441	0.662407127	0.097178642	0.688222877	0.227623795	0.832397663	0.450710061	0.517873065
0.121739402	0.137484166	0.291173136	0.583743715	0.173637224	0.92467359	0.886042437	0.147979274	0.148692218	0.224245858
0.703228578	0.148347162	0.260433427	0.594682303	0.358030338	0.589700434	0.002485215	0.474504188	0.537541282	0.297406351
0.56617125	0.142146624	0.310717151	0.926724314	0.167433487	0.421181464	0.197520283	0.036611364	0.391587879	0.364729625
0.694731233	0.081917359	0.335900389	0.265613469	0.185853456	0.939124534	0.799223676	0.057299221	0.793024022	0.270751441
0.54243542	0.222729087	0.303602081	0.691316114	0.2729229	0.213667946	0.183017745	0.866867001	0.38130932	0.72446301
0.210504383	0.15168502	0.174287507	0.953202994	0.144247437	0.926235277	0.094911942	0.156387176	0.168934746	0.730252638
0.726000971	0.189905234	0.37281435	0.869008314	0.096251639	0.226401599	0.620175827	0.014388429	0.091179165	0.608539985
0.780271984	0.188934945	0.222807013	0.541848107	0.19694956	0.450074243	0.610714072	0.253705052	0.15280984	0.708439105
0.761411505	0.153251837	0.221439739	0.46817696	0.282598044	0.310871063	0.546619004	0.958081085	0.322241917	0.034785379
0.315899123	0.12459774	0.195481642	0.74400578	0.275556552	0.375568902	0.0155222	0.096187066	0.638833025	0.776141756
0.13034277	0.242956542	0.220903185	0.501216529	0.239660111	0.81565121	0.007657731	0.513905375	0.093696892	0.125888143
0.121394664	0.113797693	0.154727116	0.532845026	0.058388002	0.646932374	0.198869483	0.163416215	0.280079251	0.982808619